Mora,MFeature_0,MFeature_1,MFeature_2,MFeature_3,MFeature_4,MFeature_5,MFeature_6,MFeature_7,MFeature_8,MFeature_9,MFeature_10,MFeature_11,MFeature_12,MFeature_13,MFeature_14,MFeature_15,MFeature_16,MFeature_17,MFeature_18,MFeature_19,MFeature_20,MFeature_21,MFeature_22,MFeature_23,MFeature_24,MFeature_25,MFeature_26,MFeature_27,MFeature_28,MFeature_29,MFeature_30,MFeature_31,MFeature_32,MFeature_33,MFeature_34,MFeature_35,MFeature_36,MFeature_37,MFeature_38,MFeature_39,MFeature_40,MFeature_41,MFeature_42,MFeature_43,MFeature_44,MFeature_45,MFeature_46,MFeature_47,MFeature_48,MFeature_49,MFeature_50,MFeature_51,MFeature_52,MFeature_53,MFeature_54,MFeature_55,MFeature_56,MFeature_57,MFeature_58,MFeature_59,MFeature_60,MFeature_61,MFeature_62,MFeature_63,MFeature_64,MFeature_65,MFeature_66,MFeature_67,MFeature_68,MFeature_69,MFeature_70,MFeature_71,MFeature_72,MFeature_73,MFeature_74,MFeature_75,MFeature_76,MFeature_77,MFeature_78,MFeature_79,MFeature_80,MFeature_81,MFeature_82,MFeature_83,MFeature_84,MFeature_85,MFeature_86,MFeature_87,MFeature_88,MFeature_89,MFeature_90,MFeature_91,MFeature_92,MFeature_93,MFeature_94,MFeature_95,MFeature_96,MFeature_97,MFeature_98,MFeature_99,MFeature_100,MFeature_101,MFeature_102,MFeature_103,MFeature_104,MFeature_105,MFeature_106,MFeature_107,MFeature_108,MFeature_109,MFeature_110,MFeature_111,MFeature_112,MFeature_113,MFeature_114,MFeature_115,MFeature_116,MFeature_117,MFeature_118,MFeature_119,MFeature_120,MFeature_121,MFeature_122,MFeature_123,MFeature_124,MFeature_125,MFeature_126,MFeature_127,MFeature_128,MFeature_129,MFeature_130,MFeature_131,MFeature_132,MFeature_133,MFeature_134,MFeature_135,MFeature_136,MFeature_137,MFeature_138,MFeature_139,MFeature_140,MFeature_141,MFeature_142,MFeature_143,MFeature_144,MFeature_145,MFeature_146,MFeature_147,MFeature_148,MFeature_149,MFeature_150,MFeature_151,MFeature_152,MFeature_153,MFeature_154,MFeature_155,MFeature_156,MFeature_157,MFeature_158,MFeature_159,MFeature_160,MFeature_161,MFeature_162,MFeature_163,MFeature_164,MFeature_165,MFeature_166,MFeature_167,MFeature_168,MFeature_169,MFeature_170,MFeature_171,MFeature_172,MFeature_173,MFeature_174,MFeature_175,MFeature_176,MFeature_177,MFeature_178,MFeature_179,MFeature_180,MFeature_181,MFeature_182,MFeature_183,MFeature_184,MFeature_185,MFeature_186,MFeature_187,MFeature_188,MFeature_189,MFeature_190,MFeature_191,MFeature_192,MFeature_193,MFeature_194,MFeature_195,MFeature_196,MFeature_197,MFeature_198,MFeature_199,MFeature_200,MFeature_201,MFeature_202,MFeature_203,MFeature_204,MFeature_205,MFeature_206,MFeature_207,MFeature_208,MFeature_209,MFeature_210,MFeature_211,MFeature_212,MFeature_213,MFeature_214,MFeature_215,MFeature_216,MFeature_217,MFeature_218,MFeature_219,MFeature_220,MFeature_221,MFeature_222,MFeature_223,MFeature_224,MFeature_225,MFeature_226,MFeature_227,MFeature_228,MFeature_229,MFeature_230,MFeature_231,MFeature_232,MFeature_233,MFeature_234,MFeature_235,MFeature_236,MFeature_237,MFeature_238,MFeature_239,MFeature_240,MFeature_241,MFeature_242,MFeature_243,MFeature_244,MFeature_245,MFeature_246,MFeature_247,MFeature_248,MFeature_249,MFeature_250,MFeature_251,MFeature_252,MFeature_253,MFeature_254,MFeature_255,MFeature_256,MFeature_257,MFeature_258,MFeature_259,MFeature_260,MFeature_261,MFeature_262,MFeature_263,MFeature_264,MFeature_265,MFeature_266,MFeature_267,MFeature_268,MFeature_269,MFeature_270,MFeature_271,MFeature_272,MFeature_273,MFeature_274,MFeature_275,MFeature_276,MFeature_277,MFeature_278,MFeature_279,MFeature_280,MFeature_281,MFeature_282,MFeature_283,MFeature_284,MFeature_285,MFeature_286,MFeature_287,MFeature_288,MFeature_289,MFeature_290,MFeature_291,MFeature_292,MFeature_293,MFeature_294,MFeature_295,MFeature_296,MFeature_297,MFeature_298,MFeature_299,MFeature_300,MFeature_301,MFeature_302,MFeature_303,MFeature_304,MFeature_305,MFeature_306,MFeature_307,MFeature_308,MFeature_309,MFeature_310,MFeature_311,MFeature_312,MFeature_313,MFeature_314,MFeature_315,MFeature_316,MFeature_317,MFeature_318,MFeature_319,MFeature_320,MFeature_321,MFeature_322,MFeature_323,MFeature_324,MFeature_325,MFeature_326,MFeature_327,MFeature_328,MFeature_329,MFeature_330,MFeature_331,MFeature_332,MFeature_333,MFeature_334,MFeature_335,MFeature_336,MFeature_337,MFeature_338,MFeature_339,MFeature_340,MFeature_341,MFeature_342,MFeature_343,MFeature_344,MFeature_345,MFeature_346,MFeature_347,MFeature_348,MFeature_349,MFeature_350,MFeature_351,MFeature_352,MFeature_353,MFeature_354,MFeature_355,MFeature_356,MFeature_357,MFeature_358,MFeature_359,MFeature_360,MFeature_361,MFeature_362,MFeature_363,MFeature_364,MFeature_365,MFeature_366,MFeature_367,MFeature_368,MFeature_369,MFeature_370,MFeature_371,MFeature_372,MFeature_373,MFeature_374,MFeature_375,MFeature_376,MFeature_377,MFeature_378,MFeature_379,MFeature_380,MFeature_381,MFeature_382,MFeature_383,MFeature_384,MFeature_385,MFeature_386,MFeature_387,MFeature_388,MFeature_389,MFeature_390,MFeature_391,MFeature_392,MFeature_393,MFeature_394,MFeature_395,MFeature_396,MFeature_397,MFeature_398,MFeature_399,MFeature_400,MFeature_401,MFeature_402,MFeature_403,MFeature_404,MFeature_405,MFeature_406,MFeature_407,MFeature_408,MFeature_409,MFeature_410,MFeature_411,MFeature_412,MFeature_413,MFeature_414,MFeature_415,MFeature_416,MFeature_417,MFeature_418,MFeature_419,MFeature_420,MFeature_421,MFeature_422,MFeature_423,MFeature_424,MFeature_425,MFeature_426,MFeature_427,MFeature_428,MFeature_429,MFeature_430,MFeature_431,MFeature_432,MFeature_433,MFeature_434,MFeature_435,MFeature_436,MFeature_437,MFeature_438,MFeature_439,MFeature_440,MFeature_441,MFeature_442,MFeature_443,MFeature_444,MFeature_445,MFeature_446,MFeature_447,MFeature_448,MFeature_449,MFeature_450,MFeature_451,MFeature_452,MFeature_453,MFeature_454,MFeature_455,MFeature_456,MFeature_457,MFeature_458,MFeature_459,MFeature_460,MFeature_461,MFeature_462,MFeature_463,MFeature_464,MFeature_465,MFeature_466,MFeature_467,MFeature_468,MFeature_469,MFeature_470,MFeature_471,MFeature_472,MFeature_473,MFeature_474,MFeature_475,MFeature_476,MFeature_477,MFeature_478,MFeature_479,MFeature_480,MFeature_481,MFeature_482,MFeature_483,MFeature_484,MFeature_485,MFeature_486,MFeature_487,MFeature_488,MFeature_489,MFeature_490,MFeature_491,MFeature_492,MFeature_493,MFeature_494,MFeature_495,MFeature_496,MFeature_497,MFeature_498,MFeature_499,MFeature_500,MFeature_501,MFeature_502,MFeature_503,MFeature_504,MFeature_505,MFeature_506,MFeature_507,MFeature_508,MFeature_509,MFeature_510,MFeature_511,MFeature_512,MFeature_513,MFeature_514,MFeature_515,MFeature_516,MFeature_517,MFeature_518,MFeature_519,MFeature_520,MFeature_521,MFeature_522,MFeature_523,MFeature_524,MFeature_525,MFeature_526,MFeature_527,MFeature_528,MFeature_529,MFeature_530,MFeature_531,MFeature_532,MFeature_533,MFeature_534,MFeature_535,MFeature_536,MFeature_537,MFeature_538,MFeature_539,MFeature_540,MFeature_541,MFeature_542,MFeature_543,MFeature_544,MFeature_545,MFeature_546,MFeature_547,MFeature_548,MFeature_549,MFeature_550,MFeature_551,MFeature_552,MFeature_553,MFeature_554,MFeature_555,MFeature_556,MFeature_557,MFeature_558,MFeature_559,MFeature_560,MFeature_561,MFeature_562,MFeature_563,MFeature_564,MFeature_565,MFeature_566,MFeature_567,MFeature_568,MFeature_569,MFeature_570,MFeature_571,MFeature_572,MFeature_573,MFeature_574,MFeature_575,MFeature_576,MFeature_577,MFeature_578,MFeature_579,MFeature_580,MFeature_581,MFeature_582,MFeature_583,MFeature_584,MFeature_585,MFeature_586,MFeature_587,MFeature_588,MFeature_589,MFeature_590,MFeature_591,MFeature_592,MFeature_593,MFeature_594,MFeature_595,MFeature_596,MFeature_597,MFeature_598,MFeature_599,MFeature_600,MFeature_601,MFeature_602,MFeature_603,MFeature_604,MFeature_605,MFeature_606,MFeature_607,MFeature_608,MFeature_609,MFeature_610,MFeature_611,MFeature_612,MFeature_613,MFeature_614,MFeature_615,MFeature_616,MFeature_617,MFeature_618,MFeature_619,MFeature_620,MFeature_621,MFeature_622,MFeature_623,MFeature_624,MFeature_625,MFeature_626,MFeature_627,MFeature_628,MFeature_629,MFeature_630,MFeature_631,MFeature_632,MFeature_633,MFeature_634,MFeature_635,MFeature_636,MFeature_637,MFeature_638,MFeature_639,MFeature_640,MFeature_641,MFeature_642,MFeature_643,MFeature_644,MFeature_645,MFeature_646,MFeature_647,MFeature_648,MFeature_649,MFeature_650,MFeature_651,MFeature_652,MFeature_653,MFeature_654,MFeature_655,MFeature_656,MFeature_657,MFeature_658,MFeature_659,MFeature_660,MFeature_661,MFeature_662,MFeature_663,MFeature_664,MFeature_665,MFeature_666,MFeature_667,MFeature_668,MFeature_669,MFeature_670,MFeature_671,MFeature_672,MFeature_673,MFeature_674,MFeature_675,MFeature_676,MFeature_677,MFeature_678,MFeature_679,MFeature_680,MFeature_681,MFeature_682,MFeature_683,MFeature_684,MFeature_685,MFeature_686,MFeature_687,MFeature_688,MFeature_689,MFeature_690,MFeature_691,MFeature_692,MFeature_693,MFeature_694,MFeature_695,MFeature_696,MFeature_697,MFeature_698,MFeature_699,MFeature_700,MFeature_701,MFeature_702,MFeature_703,MFeature_704,MFeature_705,MFeature_706,MFeature_707,MFeature_708,MFeature_709,MFeature_710,MFeature_711,MFeature_712,MFeature_713,MFeature_714,MFeature_715,MFeature_716,MFeature_717,MFeature_718,MFeature_719,MFeature_720,MFeature_721,MFeature_722,MFeature_723,MFeature_724,MFeature_725,MFeature_726,MFeature_727,MFeature_728,MFeature_729,MFeature_730,MFeature_731,MFeature_732,MFeature_733,MFeature_734,MFeature_735,MFeature_736,MFeature_737,MFeature_738,MFeature_739,MFeature_740,MFeature_741,MFeature_742,MFeature_743,MFeature_744,MFeature_745,MFeature_746,MFeature_747,MFeature_748,MFeature_749,MFeature_750,MFeature_751,MFeature_752,MFeature_753,MFeature_754,MFeature_755,MFeature_756,MFeature_757,MFeature_758,MFeature_759,MFeature_760,MFeature_761,MFeature_762,MFeature_763,MFeature_764,MFeature_765,MFeature_766,MFeature_767,Feature_0,Feature_1,Feature_2,Feature_3,Feature_4,Feature_5,Feature_6,Feature_7,Feature_8,Feature_9,Feature_10,Feature_11,Feature_12,Feature_13,Feature_14,Feature_15,Feature_16,Feature_17,Feature_18,Feature_19,Feature_20,Feature_21,Feature_22,Feature_23,Feature_24,Feature_25,Feature_26,Feature_27,Feature_28,Feature_29,Feature_30,Feature_31,Feature_32,Feature_33,Feature_34,Feature_35,Feature_36,Feature_37,Feature_38,Feature_39,Feature_40,Feature_41,Feature_42,Feature_43,Feature_44,Feature_45,Feature_46,Feature_47,Feature_48,Feature_49,Feature_50,Feature_51,Feature_52,Feature_53,Feature_54,Feature_55,Feature_56,Feature_57,Feature_58,Feature_59,Feature_60,Feature_61,Feature_62,Feature_63,Feature_64,Feature_65,Feature_66,Feature_67,Feature_68,Feature_69,Feature_70,Feature_71,Feature_72,Feature_73,Feature_74,Feature_75,Feature_76,Feature_77,Feature_78,Feature_79,Feature_80,Feature_81,Feature_82,Feature_83,Feature_84,Feature_85,Feature_86,Feature_87,Feature_88,Feature_89,Feature_90,Feature_91,Feature_92,Feature_93,Feature_94,Feature_95,Feature_96,Feature_97,Feature_98,Feature_99,Feature_100,Feature_101,Feature_102,Feature_103,Feature_104,Feature_105,Feature_106,Feature_107,Feature_108,Feature_109,Feature_110,Feature_111,Feature_112,Feature_113,Feature_114,Feature_115,Feature_116,Feature_117,Feature_118,Feature_119,Feature_120,Feature_121,Feature_122,Feature_123,Feature_124,Feature_125,Feature_126,Feature_127,Feature_128,Feature_129,Feature_130,Feature_131,Feature_132,Feature_133,Feature_134,Feature_135,Feature_136,Feature_137,Feature_138,Feature_139,Feature_140,Feature_141,Feature_142,Feature_143,Feature_144,Feature_145,Feature_146,Feature_147,Feature_148,Feature_149,Feature_150,Feature_151,Feature_152,Feature_153,Feature_154,Feature_155,Feature_156,Feature_157,Feature_158,Feature_159,Feature_160,Feature_161,Feature_162,Feature_163,Feature_164,Feature_165,Feature_166,Feature_167,Feature_168,Feature_169,Feature_170,Feature_171,Feature_172,Feature_173,Feature_174,Feature_175,Feature_176,Feature_177,Feature_178,Feature_179,Feature_180,Feature_181,Feature_182,Feature_183,Feature_184,Feature_185,Feature_186,Feature_187,Feature_188,Feature_189,Feature_190,Feature_191,Feature_192,Feature_193,Feature_194,Feature_195,Feature_196,Feature_197,Feature_198,Feature_199,Feature_200,Feature_201,Feature_202,Feature_203,Feature_204,Feature_205,Feature_206,Feature_207,Feature_208,Feature_209,Feature_210,Feature_211,Feature_212,Feature_213,Feature_214,Feature_215,Feature_216,Feature_217,Feature_218,Feature_219,Feature_220,Feature_221,Feature_222,Feature_223,Feature_224,Feature_225,Feature_226,Feature_227,Feature_228,Feature_229,Feature_230,Feature_231,Feature_232,Feature_233,Feature_234,Feature_235,Feature_236,Feature_237,Feature_238,Feature_239,Feature_240,Feature_241,Feature_242,Feature_243,Feature_244,Feature_245,Feature_246,Feature_247,Feature_248,Feature_249,Feature_250,Feature_251,Feature_252,Feature_253,Feature_254,Feature_255,Feature_256,Feature_257,Feature_258,Feature_259,Feature_260,Feature_261,Feature_262,Feature_263,Feature_264,Feature_265,Feature_266,Feature_267,Feature_268,Feature_269,Feature_270,Feature_271,Feature_272,Feature_273,Feature_274,Feature_275,Feature_276,Feature_277,Feature_278,Feature_279,Feature_280,Feature_281,Feature_282,Feature_283,Feature_284,Feature_285,Feature_286,Feature_287,Feature_288,Feature_289,Feature_290,Feature_291,Feature_292,Feature_293,Feature_294,Feature_295,Feature_296,Feature_297,Feature_298,Feature_299,Feature_300,Feature_301,Feature_302,Feature_303,Feature_304,Feature_305,Feature_306,Feature_307,Feature_308,Feature_309,Feature_310,Feature_311,Feature_312,Feature_313,Feature_314,Feature_315,Feature_316,Feature_317,Feature_318,Feature_319,Feature_320,Feature_321,Feature_322,Feature_323,Feature_324,Feature_325,Feature_326,Feature_327,Feature_328,Feature_329,Feature_330,Feature_331,Feature_332,Feature_333,Feature_334,Feature_335,Feature_336,Feature_337,Feature_338,Feature_339,Feature_340,Feature_341,Feature_342,Feature_343,Feature_344,Feature_345,Feature_346,Feature_347,Feature_348,Feature_349,Feature_350,Feature_351,Feature_352,Feature_353,Feature_354,Feature_355,Feature_356,Feature_357,Feature_358,Feature_359,Feature_360,Feature_361,Feature_362,Feature_363,Feature_364,Feature_365,Feature_366,Feature_367,Feature_368,Feature_369,Feature_370,Feature_371,Feature_372,Feature_373,Feature_374,Feature_375,Feature_376,Feature_377,Feature_378,Feature_379,Feature_380,Feature_381,Feature_382,Feature_383,Feature_384,Feature_385,Feature_386,Feature_387,Feature_388,Feature_389,Feature_390,Feature_391,Feature_392,Feature_393,Feature_394,Feature_395,Feature_396,Feature_397,Feature_398,Feature_399,Feature_400,Feature_401,Feature_402,Feature_403,Feature_404,Feature_405,Feature_406,Feature_407,Feature_408,Feature_409,Feature_410,Feature_411,Feature_412,Feature_413,Feature_414,Feature_415,Feature_416,Feature_417,Feature_418,Feature_419,Feature_420,Feature_421,Feature_422,Feature_423,Feature_424,Feature_425,Feature_426,Feature_427,Feature_428,Feature_429,Feature_430,Feature_431,Feature_432,Feature_433,Feature_434,Feature_435,Feature_436,Feature_437,Feature_438,Feature_439,Feature_440,Feature_441,Feature_442,Feature_443,Feature_444,Feature_445,Feature_446,Feature_447,Feature_448,Feature_449,Feature_450,Feature_451,Feature_452,Feature_453,Feature_454,Feature_455,Feature_456,Feature_457,Feature_458,Feature_459,Feature_460,Feature_461,Feature_462,Feature_463,Feature_464,Feature_465,Feature_466,Feature_467,Feature_468,Feature_469,Feature_470,Feature_471,Feature_472,Feature_473,Feature_474,Feature_475,Feature_476,Feature_477,Feature_478,Feature_479,Feature_480,Feature_481,Feature_482,Feature_483,Feature_484,Feature_485,Feature_486,Feature_487,Feature_488,Feature_489,Feature_490,Feature_491,Feature_492,Feature_493,Feature_494,Feature_495,Feature_496,Feature_497,Feature_498,Feature_499,Feature_500,Feature_501,Feature_502,Feature_503,Feature_504,Feature_505,Feature_506,Feature_507,Feature_508,Feature_509,Feature_510,Feature_511,Feature_512,Feature_513,Feature_514,Feature_515,Feature_516,Feature_517,Feature_518,Feature_519,Feature_520,Feature_521,Feature_522,Feature_523,Feature_524,Feature_525,Feature_526,Feature_527,Feature_528,Feature_529,Feature_530,Feature_531,Feature_532,Feature_533,Feature_534,Feature_535,Feature_536,Feature_537,Feature_538,Feature_539,Feature_540,Feature_541,Feature_542,Feature_543,Feature_544,Feature_545,Feature_546,Feature_547,Feature_548,Feature_549,Feature_550,Feature_551,Feature_552,Feature_553,Feature_554,Feature_555,Feature_556,Feature_557,Feature_558,Feature_559,Feature_560,Feature_561,Feature_562,Feature_563,Feature_564,Feature_565,Feature_566,Feature_567,Feature_568,Feature_569,Feature_570,Feature_571,Feature_572,Feature_573,Feature_574,Feature_575,Feature_576,Feature_577,Feature_578,Feature_579,Feature_580,Feature_581,Feature_582,Feature_583,Feature_584,Feature_585,Feature_586,Feature_587,Feature_588,Feature_589,Feature_590,Feature_591,Feature_592,Feature_593,Feature_594,Feature_595,Feature_596,Feature_597,Feature_598,Feature_599,Feature_600,Feature_601,Feature_602,Feature_603,Feature_604,Feature_605,Feature_606,Feature_607,Feature_608,Feature_609,Feature_610,Feature_611,Feature_612,Feature_613,Feature_614,Feature_615,Feature_616,Feature_617,Feature_618,Feature_619,Feature_620,Feature_621,Feature_622,Feature_623,Feature_624,Feature_625,Feature_626,Feature_627,Feature_628,Feature_629,Feature_630,Feature_631,Feature_632,Feature_633,Feature_634,Feature_635,Feature_636,Feature_637,Feature_638,Feature_639,Feature_640,Feature_641,Feature_642,Feature_643,Feature_644,Feature_645,Feature_646,Feature_647,Feature_648,Feature_649,Feature_650,Feature_651,Feature_652,Feature_653,Feature_654,Feature_655,Feature_656,Feature_657,Feature_658,Feature_659,Feature_660,Feature_661,Feature_662,Feature_663,Feature_664,Feature_665,Feature_666,Feature_667,Feature_668,Feature_669,Feature_670,Feature_671,Feature_672,Feature_673,Feature_674,Feature_675,Feature_676,Feature_677,Feature_678,Feature_679,Feature_680,Feature_681,Feature_682,Feature_683,Feature_684,Feature_685,Feature_686,Feature_687,Feature_688,Feature_689,Feature_690,Feature_691,Feature_692,Feature_693,Feature_694,Feature_695,Feature_696,Feature_697,Feature_698,Feature_699,Feature_700,Feature_701,Feature_702,Feature_703,Feature_704,Feature_705,Feature_706,Feature_707,Feature_708,Feature_709,Feature_710,Feature_711,Feature_712,Feature_713,Feature_714,Feature_715,Feature_716,Feature_717,Feature_718,Feature_719,Feature_720,Feature_721,Feature_722,Feature_723,Feature_724,Feature_725,Feature_726,Feature_727,Feature_728,Feature_729,Feature_730,Feature_731,Feature_732,Feature_733,Feature_734,Feature_735,Feature_736,Feature_737,Feature_738,Feature_739,Feature_740,Feature_741,Feature_742,Feature_743,Feature_744,Feature_745,Feature_746,Feature_747,Feature_748,Feature_749,Feature_750,Feature_751,Feature_752,Feature_753,Feature_754,Feature_755,Feature_756,Feature_757,Feature_758,Feature_759,Feature_760,Feature_761,Feature_762,Feature_763,Feature_764,Feature_765,Feature_766,Feature_767,Feature_0,Feature_1,Feature_2,Feature_3,Feature_4,Feature_5,Feature_6,Feature_7,Feature_8,Feature_9,Feature_10,Feature_11,Feature_12,Feature_13,Feature_14,Feature_15,Feature_16,Feature_17,Feature_18,Feature_19,Feature_20,Feature_21,Feature_22,Feature_23,Feature_24,Feature_25,Feature_26,Feature_27,Feature_28,Feature_29,Feature_30,Feature_31,Feature_32,Feature_33,Feature_34,Feature_35,Feature_36,Feature_37,Feature_38,Feature_39,Feature_40,Feature_41,Feature_42,Feature_43,Feature_44,Feature_45,Feature_46,Feature_47,Feature_48,Feature_49,Feature_50,Feature_51,Feature_52,Feature_53,Feature_54,Feature_55,Feature_56,Feature_57,Feature_58,Feature_59,Feature_60,Feature_61,Feature_62,Feature_63,Feature_64,Feature_65,Feature_66,Feature_67,Feature_68,Feature_69,Feature_70,Feature_71,Feature_72,Feature_73,Feature_74,Feature_75,Feature_76,Feature_77,Feature_78,Feature_79,Feature_80,Feature_81,Feature_82,Feature_83,Feature_84,Feature_85,Feature_86,Feature_87,Feature_88,Feature_89,Feature_90,Feature_91,Feature_92,Feature_93,Feature_94,Feature_95,Feature_96,Feature_97,Feature_98,Feature_99,Feature_100,Feature_101,Feature_102,Feature_103,Feature_104,Feature_105,Feature_106,Feature_107,Feature_108,Feature_109,Feature_110,Feature_111,Feature_112,Feature_113,Feature_114,Feature_115,Feature_116,Feature_117,Feature_118,Feature_119,Feature_120,Feature_121,Feature_122,Feature_123,Feature_124,Feature_125,Feature_126,Feature_127,Feature_128,Feature_129,Feature_130,Feature_131,Feature_132,Feature_133,Feature_134,Feature_135,Feature_136,Feature_137,Feature_138,Feature_139,Feature_140,Feature_141,Feature_142,Feature_143,Feature_144,Feature_145,Feature_146,Feature_147,Feature_148,Feature_149,Feature_150,Feature_151,Feature_152,Feature_153,Feature_154,Feature_155,Feature_156,Feature_157,Feature_158,Feature_159,Feature_160,Feature_161,Feature_162,Feature_163,Feature_164,Feature_165,Feature_166,Feature_167,Feature_168,Feature_169,Feature_170,Feature_171,Feature_172,Feature_173,Feature_174,Feature_175,Feature_176,Feature_177,Feature_178,Feature_179,Feature_180,Feature_181,Feature_182,Feature_183,Feature_184,Feature_185,Feature_186,Feature_187,Feature_188,Feature_189,Feature_190,Feature_191,Feature_192,Feature_193,Feature_194,Feature_195,Feature_196,Feature_197,Feature_198,Feature_199,Feature_200,Feature_201,Feature_202,Feature_203,Feature_204,Feature_205,Feature_206,Feature_207,Feature_208,Feature_209,Feature_210,Feature_211,Feature_212,Feature_213,Feature_214,Feature_215,Feature_216,Feature_217,Feature_218,Feature_219,Feature_220,Feature_221,Feature_222,Feature_223,Feature_224,Feature_225,Feature_226,Feature_227,Feature_228,Feature_229,Feature_230,Feature_231,Feature_232,Feature_233,Feature_234,Feature_235,Feature_236,Feature_237,Feature_238,Feature_239,Feature_240,Feature_241,Feature_242,Feature_243,Feature_244,Feature_245,Feature_246,Feature_247,Feature_248,Feature_249,Feature_250,Feature_251,Feature_252,Feature_253,Feature_254,Feature_255,Feature_256,Feature_257,Feature_258,Feature_259,Feature_260,Feature_261,Feature_262,Feature_263,Feature_264,Feature_265,Feature_266,Feature_267,Feature_268,Feature_269,Feature_270,Feature_271,Feature_272,Feature_273,Feature_274,Feature_275,Feature_276,Feature_277,Feature_278,Feature_279,Feature_280,Feature_281,Feature_282,Feature_283,Feature_284,Feature_285,Feature_286,Feature_287,Feature_288,Feature_289,Feature_290,Feature_291,Feature_292,Feature_293,Feature_294,Feature_295,Feature_296,Feature_297,Feature_298,Feature_299,Feature_300,Feature_301,Feature_302,Feature_303,Feature_304,Feature_305,Feature_306,Feature_307,Feature_308,Feature_309,Feature_310,Feature_311,Feature_312,Feature_313,Feature_314,Feature_315,Feature_316,Feature_317,Feature_318,Feature_319,Feature_320,Feature_321,Feature_322,Feature_323,Feature_324,Feature_325,Feature_326,Feature_327,Feature_328,Feature_329,Feature_330,Feature_331,Feature_332,Feature_333,Feature_334,Feature_335,Feature_336,Feature_337,Feature_338,Feature_339,Feature_340,Feature_341,Feature_342,Feature_343,Feature_344,Feature_345,Feature_346,Feature_347,Feature_348,Feature_349,Feature_350,Feature_351,Feature_352,Feature_353,Feature_354,Feature_355,Feature_356,Feature_357,Feature_358,Feature_359,Feature_360,Feature_361,Feature_362,Feature_363,Feature_364,Feature_365,Feature_366,Feature_367,Feature_368,Feature_369,Feature_370,Feature_371,Feature_372,Feature_373,Feature_374,Feature_375,Feature_376,Feature_377,Feature_378,Feature_379,Feature_380,Feature_381,Feature_382,Feature_383,Feature_384,Feature_385,Feature_386,Feature_387,Feature_388,Feature_389,Feature_390,Feature_391,Feature_392,Feature_393,Feature_394,Feature_395,Feature_396,Feature_397,Feature_398,Feature_399,Feature_400,Feature_401,Feature_402,Feature_403,Feature_404,Feature_405,Feature_406,Feature_407,Feature_408,Feature_409,Feature_410,Feature_411,Feature_412,Feature_413,Feature_414,Feature_415,Feature_416,Feature_417,Feature_418,Feature_419,Feature_420,Feature_421,Feature_422,Feature_423,Feature_424,Feature_425,Feature_426,Feature_427,Feature_428,Feature_429,Feature_430,Feature_431,Feature_432,Feature_433,Feature_434,Feature_435,Feature_436,Feature_437,Feature_438,Feature_439,Feature_440,Feature_441,Feature_442,Feature_443,Feature_444,Feature_445,Feature_446,Feature_447,Feature_448,Feature_449,Feature_450,Feature_451,Feature_452,Feature_453,Feature_454,Feature_455,Feature_456,Feature_457,Feature_458,Feature_459,Feature_460,Feature_461,Feature_462,Feature_463,Feature_464,Feature_465,Feature_466,Feature_467,Feature_468,Feature_469,Feature_470,Feature_471,Feature_472,Feature_473,Feature_474,Feature_475,Feature_476,Feature_477,Feature_478,Feature_479,Feature_480,Feature_481,Feature_482,Feature_483,Feature_484,Feature_485,Feature_486,Feature_487,Feature_488,Feature_489,Feature_490,Feature_491,Feature_492,Feature_493,Feature_494,Feature_495,Feature_496,Feature_497,Feature_498,Feature_499,Feature_500,Feature_501,Feature_502,Feature_503,Feature_504,Feature_505,Feature_506,Feature_507,Feature_508,Feature_509,Feature_510,Feature_511,Feature_512,Feature_513,Feature_514,Feature_515,Feature_516,Feature_517,Feature_518,Feature_519,Feature_520,Feature_521,Feature_522,Feature_523,Feature_524,Feature_525,Feature_526,Feature_527,Feature_528,Feature_529,Feature_530,Feature_531,Feature_532,Feature_533,Feature_534,Feature_535,Feature_536,Feature_537,Feature_538,Feature_539,Feature_540,Feature_541,Feature_542,Feature_543,Feature_544,Feature_545,Feature_546,Feature_547,Feature_548,Feature_549,Feature_550,Feature_551,Feature_552,Feature_553,Feature_554,Feature_555,Feature_556,Feature_557,Feature_558,Feature_559,Feature_560,Feature_561,Feature_562,Feature_563,Feature_564,Feature_565,Feature_566,Feature_567,Feature_568,Feature_569,Feature_570,Feature_571,Feature_572,Feature_573,Feature_574,Feature_575,Feature_576,Feature_577,Feature_578,Feature_579,Feature_580,Feature_581,Feature_582,Feature_583,Feature_584,Feature_585,Feature_586,Feature_587,Feature_588,Feature_589,Feature_590,Feature_591,Feature_592,Feature_593,Feature_594,Feature_595,Feature_596,Feature_597,Feature_598,Feature_599,Feature_600,Feature_601,Feature_602,Feature_603,Feature_604,Feature_605,Feature_606,Feature_607,Feature_608,Feature_609,Feature_610,Feature_611,Feature_612,Feature_613,Feature_614,Feature_615,Feature_616,Feature_617,Feature_618,Feature_619,Feature_620,Feature_621,Feature_622,Feature_623,Feature_624,Feature_625,Feature_626,Feature_627,Feature_628,Feature_629,Feature_630,Feature_631,Feature_632,Feature_633,Feature_634,Feature_635,Feature_636,Feature_637,Feature_638,Feature_639,Feature_640,Feature_641,Feature_642,Feature_643,Feature_644,Feature_645,Feature_646,Feature_647,Feature_648,Feature_649,Feature_650,Feature_651,Feature_652,Feature_653,Feature_654,Feature_655,Feature_656,Feature_657,Feature_658,Feature_659,Feature_660,Feature_661,Feature_662,Feature_663,Feature_664,Feature_665,Feature_666,Feature_667,Feature_668,Feature_669,Feature_670,Feature_671,Feature_672,Feature_673,Feature_674,Feature_675,Feature_676,Feature_677,Feature_678,Feature_679,Feature_680,Feature_681,Feature_682,Feature_683,Feature_684,Feature_685,Feature_686,Feature_687,Feature_688,Feature_689,Feature_690,Feature_691,Feature_692,Feature_693,Feature_694,Feature_695,Feature_696,Feature_697,Feature_698,Feature_699,Feature_700,Feature_701,Feature_702,Feature_703,Feature_704,Feature_705,Feature_706,Feature_707,Feature_708,Feature_709,Feature_710,Feature_711,Feature_712,Feature_713,Feature_714,Feature_715,Feature_716,Feature_717,Feature_718,Feature_719,Feature_720,Feature_721,Feature_722,Feature_723,Feature_724,Feature_725,Feature_726,Feature_727,Feature_728,Feature_729,Feature_730,Feature_731,Feature_732,Feature_733,Feature_734,Feature_735,Feature_736,Feature_737,Feature_738,Feature_739,Feature_740,Feature_741,Feature_742,Feature_743,Feature_744,Feature_745,Feature_746,Feature_747,Feature_748,Feature_749,Feature_750,Feature_751,Feature_752,Feature_753,Feature_754,Feature_755,Feature_756,Feature_757,Feature_758,Feature_759,Feature_760,Feature_761,Feature_762,Feature_763,Feature_764,Feature_765,Feature_766,Feature_767,Accent
ジュ,0.228910431265831,0.690866231918335,0.4108462035655975,-0.7343981862068176,0.3344362080097198,0.042133655399084,0.2057005912065506,-0.0864466577768325,-0.6103029847145081,-0.6953402161598206,0.4213611781597137,-0.6728901267051697,-0.0896325558423996,-0.0863403230905532,0.5737711191177368,-0.3178015351295471,0.2055816501379013,-0.0097486255690455,0.1990101337432861,-0.0610999278724193,-0.3050161600112915,-0.3611944615840912,0.2000122517347335,0.0007106131524778,0.3109740018844604,-0.2137016952037811,0.0448093004524707,0.4916011989116668,-0.5267088413238525,-0.4539091885089874,0.0267103519290685,-0.8799008727073669,0.1279272437095642,-0.3891873955726623,-0.1300444453954696,-0.2346036881208419,-0.1084579303860664,-0.3342206478118896,-0.6553786396980286,0.1596803963184356,-0.3781715035438537,0.2477061599493026,-0.1821468621492386,0.1434370279312133,-0.0459712222218513,0.3397893607616424,-0.1493466198444366,0.5122488737106323,0.2154691517353058,0.283029556274414,-0.0360371060669422,0.2430266141891479,0.4628711938858032,0.5521414875984192,-0.1372272372245788,0.1061832532286644,0.1692850738763809,-0.4138669669628143,-0.3426058292388916,-0.1688203513622284,-0.4099599123001098,-0.2666960954666137,-0.3534086942672729,0.5274261832237244,-0.1232644468545913,-0.1128294989466667,0.0682086646556854,-0.0333407260477542,-0.5504401922225952,-0.1261458694934845,0.4337158799171448,-0.2203129529953003,-0.2249068915843963,-0.040762785822153,1.2263764142990112,0.544065535068512,0.2406773865222931,0.1564820706844329,0.4198444187641144,0.1333969384431839,-0.2348762899637222,-0.1037420406937599,-0.1696006208658218,-0.2326461225748062,0.1577581167221069,0.3805088102817535,-0.8446588516235352,-1.010707974433899,0.0296400599181652,-0.0815448686480522,0.1884391754865646,0.4411427676677704,0.2372420728206634,0.0110195958986878,0.0083061410114169,-0.7481738328933716,0.4895649552345276,-0.0499731972813606,-0.0378229841589927,0.4301399290561676,0.2737307250499725,-0.2992833256721496,0.0040291603654623,0.3265280723571777,0.2116483449935913,-0.1340404897928238,-0.1436925083398819,0.028287524357438,0.3177439570426941,0.1240677013993263,-0.0801309868693351,-0.5297499299049377,-0.003565608523786,-0.3407724797725677,-0.2329324334859848,0.2007545977830886,0.3856203258037567,0.5012291073799133,0.4458506107330322,0.5574844479560852,0.103227362036705,0.5219669342041016,-0.359877347946167,-0.166299894452095,-0.1840430647134781,0.0391934439539909,0.3275502026081085,-0.5188211798667908,0.2206548303365707,-0.1583565175533294,-0.6989242434501648,0.1391267925500869,-0.2278980016708374,-0.006264513824135,0.0466415658593177,0.6417867541313171,-0.5462542772293091,0.395706295967102,-0.7867943644523621,-0.705500602722168,0.1489662081003189,0.8144470453262329,0.3738605976104736,-0.3155710399150848,0.0448670014739036,-0.4077087342739105,0.274791419506073,-0.2405288070440292,0.8290995955467224,0.1991624683141708,0.0966969728469848,0.6938613653182983,-0.4065597951412201,-0.0966104492545127,-0.2009922713041305,-0.0720821321010589,-0.4614064991474151,0.0653528720140457,0.1221398040652275,0.5082157254219055,0.18620465695858,-0.1548297554254531,0.7660773992538452,0.8512074947357178,0.429777055978775,0.3782649338245392,0.2441856414079666,-0.3835828602313995,0.3575246632099151,1.1705706119537354,0.14788319170475,0.2212367504835128,0.3323398530483246,-0.5586192011833191,0.6170464754104614,0.8263814449310303,0.6170492172241211,-0.0581496320664882,-0.0246115326881408,-0.2399894595146179,-0.3461651504039764,0.1942840218544006,-0.0334356911480426,-0.4216754734516144,0.2449875175952911,-0.4286119639873504,0.383525550365448,0.1351269036531448,0.4257452189922333,-0.0471138954162597,-0.5996330976486206,-0.08987607806921,0.1711759269237518,-0.7419763207435608,-0.4116313755512237,0.3950783610343933,-0.2117599248886108,-0.021194189786911,0.2811715006828308,0.2198344320058822,0.0319141708314418,-0.0743386596441268,-0.0849415957927703,-1.3538129329681396,-1.3588223457336426,0.0962225869297981,0.2606759667396545,0.4990705251693725,-0.3561562299728393,0.5563968420028687,-0.7452103495597839,0.0032045622356235,-0.0521375313401222,0.3673182725906372,0.2789210379123688,-0.0930695757269859,-0.1972902715206146,-0.1019667983055114,-0.1035802885890007,-0.1782270520925521,0.4678605198860168,-0.4973179399967193,0.5176511406898499,0.2770163714885711,-0.105789802968502,-0.4584635198116302,0.5794048309326172,-0.3357694745063782,0.1651815474033355,0.7621485590934753,-0.6063293814659119,-0.5433552861213684,-1.0692169666290283,0.3525063097476959,-0.6455877423286438,0.5231484770774841,-0.2235536277294159,0.581965446472168,-0.0966708585619926,0.4257703125476837,-0.3222652673721313,-0.140821561217308,0.1128458008170127,0.1585134267807006,-0.4366354048252105,0.5080850720405579,0.5930748581886292,-0.4855819046497345,-0.9071577191352844,0.0730542689561843,-0.0385536551475524,-0.6454703211784363,0.6453532576560974,0.1281992793083191,0.7200011014938354,0.1413030177354812,0.5045042037963867,-0.3595912158489227,-0.0551116205751895,-0.6123557090759277,-0.6349437236785889,-0.6647193431854248,0.1065433025360107,0.0041596516966819,-0.2184005677700042,-0.4308827221393585,-0.3717782497406006,-1.397289752960205,-0.833626925945282,-0.1574723124504089,0.2806458175182342,-0.280044287443161,-0.5576706528663635,-0.4539890587329864,-1.3249998092651367,0.0012661778600886,0.0638795420527458,0.2824043333530426,-0.5290891528129578,0.8175365328788757,-0.4453859031200409,0.6034528017044067,-0.9726802110671996,0.5431697368621826,-0.232683852314949,-0.103099949657917,-0.250532865524292,-0.8248329162597656,0.3501308560371399,0.4844526052474975,-0.1069002225995063,-0.9061048030853271,-0.1923601478338241,-0.2694183588027954,-0.1799709200859069,-0.5605446100234985,0.2597657740116119,-0.5520331263542175,-0.0183071326464414,0.861822247505188,0.4722870886325836,-0.1564352363348007,0.6952444911003113,-0.5636512637138367,-0.5329748392105103,-0.2299501150846481,-0.4180494546890259,0.0882711932063102,0.9252794981002808,-0.1644307076930999,-0.0221719220280647,1.2708122730255127,-0.7096418738365173,-0.3847790956497192,0.4306689500808716,0.4141383469104767,-1.342869997024536,0.0123042641207575,0.6035004258155823,-0.1582793742418289,0.0190095622092485,0.6458749175071716,0.1070352345705032,0.1001837849617004,-0.3635625839233398,-0.510945737361908,1.2034722566604614,0.4014782309532165,-0.5152978897094727,-0.0706355571746826,0.588721513748169,0.0663666650652885,-0.0655732154846191,-0.5371559262275696,-0.0368045717477798,0.6677743792533875,0.0534828267991542,0.1633201390504837,-0.0109931733459234,-0.1820192039012909,-0.2583865821361542,0.1838104128837585,-0.3946672081947326,0.5818995833396912,-0.8899402618408203,-0.2177089154720306,0.8377963900566101,1.5777097940444946,0.2799021303653717,0.7514257431030273,-0.118804395198822,0.1136304810643196,0.2626892626285553,0.3255771398544311,0.5987045764923096,0.2730983197689056,0.0627717822790145,-0.2728626132011413,0.7302817702293396,0.3610387742519378,-0.4393409788608551,0.2035268694162368,0.8782486915588379,0.6532103419303894,-0.2327423989772796,0.0630189180374145,0.463772565126419,0.1300869137048721,0.512984037399292,0.6771745085716248,0.590194821357727,0.0297076497226953,-0.2612727880477905,0.0977180227637291,0.4183694124221802,-0.4133648872375488,-0.4000032246112823,-0.0006857418338768,0.5574392676353455,-0.8032594323158264,-0.2167762666940689,0.3529379665851593,-0.0616114735603332,-0.3042365610599518,-0.8891275525093079,-0.8280056118965149,-1.097294807434082,0.0561961084604263,0.0003275788913015,-0.3899610340595245,-0.007430160883814,0.6915638446807861,0.1156672090291976,-0.5125858187675476,-0.1020844280719757,0.3440730273723602,0.0049594310112297,0.1522711366415023,0.0459505692124366,0.3389029800891876,-0.450544148683548,0.1200793236494064,-0.4352658987045288,-0.73557049036026,-0.6896858215332031,-0.2618712186813354,-0.3270609974861145,0.4586031436920166,-0.1585969924926757,0.3795259892940521,0.0585394129157066,0.5422005653381348,0.7889208793640137,-0.0897886753082275,-0.5351503491401672,-0.8888676166534424,-0.3812668025493622,0.2802452445030212,0.2773322165012359,-0.3265917003154754,0.1917489618062973,0.2025825977325439,0.0922436788678169,0.1275250017642974,0.3094110488891601,-0.1674567312002182,-0.1859932839870453,-0.2896522879600525,0.632816731929779,0.2764970958232879,0.2479645311832428,0.2107216417789459,-0.2082026600837707,0.5230749845504761,0.1211728081107139,-0.699028491973877,-0.4947448074817657,0.6545862555503845,-0.2073591351509094,0.5288752317428589,0.0367122292518615,1.390793800354004,-0.4603313505649566,0.4116976857185364,0.2225116640329361,0.0336804091930389,0.4887390434741974,-0.3171225488185882,-0.9062516689300536,-0.1713600158691406,0.0910863727331161,0.4057067930698395,-0.1913078278303146,-0.1554828137159347,-0.0247429404407739,0.567440390586853,-0.3188688158988952,0.0039806640706956,0.3582882583141327,0.1718844622373581,-0.8913642764091492,-0.423382431268692,-0.3476515710353851,-0.1687947809696197,-0.8585977554321289,0.1499986499547958,0.2967782318592071,-0.1965254545211792,0.0585209652781486,-0.6676886677742004,-0.4727737307548523,-0.3159000277519226,-0.4285055696964264,0.3091233074665069,0.1169149875640869,1.2095741033554075,0.1896093338727951,-0.4175920188426971,-0.0903236716985702,0.1264248937368393,-0.1465769112110138,-0.00537596270442,0.4338029026985168,-0.1066628843545913,-0.0589497499167919,0.1878169178962707,0.1761449575424194,0.5052555203437805,0.183344230055809,0.3089981079101562,-0.3673326373100281,0.1157563775777816,-0.1132702380418777,0.4083413183689117,0.2961657047271728,-0.4115714132785797,0.5963854193687439,-0.023887924849987,-0.3338413834571838,-0.4297562837600708,-0.764289915561676,-0.0763783752918243,0.4540209174156189,-0.6590477824211121,0.0270479563623666,-0.4967905282974243,0.0757178515195846,0.0290372725576162,1.1405298709869385,-0.8937441110610962,0.3665049374103546,0.1531974226236343,0.1923591345548629,-0.1041512936353683,0.1077659726142883,-0.5726434588432312,-0.3478180170059204,0.1913167983293533,0.6946266293525696,-0.1675412058830261,0.1762998700141906,0.1748490184545517,-0.7899402379989624,-0.2608323395252228,-0.6205682158470154,-1.218579888343811,0.4306906461715698,0.4788227081298828,0.7142618298530579,-0.2525169849395752,0.4387068748474121,-0.3936202228069305,0.33692666888237,0.3767958879470825,-0.0881031230092048,-0.0840350612998008,-0.8412336111068726,-0.2826196551322937,-0.5134237408638,-0.7309799790382385,-0.0409642122685909,1.1758482456207275,-0.6574045419692993,0.0432728268206119,-0.203215941786766,0.1529697477817535,-0.706861674785614,-0.6034600734710693,-0.0110141849145293,0.2313684374094009,0.4124390184879303,0.2600441575050354,0.7265693545341492,-0.0555236898362636,-0.2538198828697204,-0.6394938826560974,0.3283385038375854,0.6289875507354736,0.2918471395969391,-0.0658504515886306,0.0600721016526222,0.0723450258374214,-1.0089460611343384,0.2760242521762848,-0.2950787544250488,0.0411174818873405,0.1557383388280868,0.7150352597236633,0.764258623123169,-0.7475168108940125,-0.1761809885501861,0.8904850482940674,0.6225679516792297,0.4316768944263458,-0.2115077078342437,-0.3453941941261291,-0.6245279312133789,0.805631160736084,-0.1376589238643646,-0.1792944967746734,-0.4303911924362182,-0.0573394633829593,-0.1680178642272949,-0.0777184143662452,-0.5961272716522217,0.4936436414718628,0.218509554862976,0.3405283093452453,0.3315092623233795,-0.7270371913909912,0.1623608320951461,-0.0382511876523494,-0.3289279639720917,-0.8692096471786499,0.2403982132673263,0.2951289117336273,0.7458351850509644,0.7193408608436584,0.5511543154716492,-0.2423378825187683,-1.1791435480117798,-0.359309434890747,0.1425556689500808,0.0723103657364845,0.5055833458900452,-0.7838909029960632,-0.2333760857582092,0.2148704975843429,-0.6901962161064148,0.4415713846683502,0.0988029912114143,-0.9156314730644226,-0.0688508972525596,0.1100517213344574,-0.0853871032595634,-0.241202101111412,0.0277170874178409,0.127430260181427,-0.4829114079475403,0.1030662283301353,-0.2535048723220825,0.8685706853866577,0.2068042457103729,-0.0513015463948249,0.4624484479427337,-0.0366549044847488,-0.4135241508483886,-0.1019542217254638,-0.211107537150383,-0.6391926407814026,0.026296516880393,-0.1141495257616043,-0.0881492644548416,0.0023762716446071,-0.3507528007030487,0.4735597968101501,0.0334749110043048,0.5158333778381348,-0.4410777688026428,-0.840333878993988,-0.0471586249768734,0.3224512040615082,-0.3154100477695465,-0.0778864622116088,-0.0527919009327888,-0.4172938466072082,0.0424417853355407,0.1885193437337875,-0.2832313776016235,0.244455337524414,-0.011076221242547,0.4652265608310699,-0.6870548129081726,-0.294486403465271,0.2024918347597122,0.4277161657810211,-0.3568207919597626,-0.929097056388855,0.2881726026535034,0.5912810564041138,-0.1125893890857696,-0.0805350542068481,0.3353520333766937,0.0485147163271904,0.4913357198238373,0.310046523809433,-0.2362321764230728,0.78206467628479,-9.633971214294434,-0.4291082918643951,-0.622032105922699,-0.1106453686952591,-0.1309971809387207,-0.2836490571498871,0.7808292508125305,-0.4282541275024414,-0.3550347685813904,-0.2715818285942077,0.6578344106674194,0.5189192891120911,0.4442780017852783,0.5239726901054382,-0.6088813543319702,0.0686124116182327,-0.2072453498840332,0.2608295381069183,-0.4738257527351379,-0.5556185841560364,0.313815027475357,-0.620045006275177,0.4651289284229278,0.2686606049537658,-0.433148592710495,-0.5728712677955627,-0.4576044380664825,0.1346184164285659,-0.4864015877246856,0.5025060176849365,-0.5241411924362183,0.8789189457893372,-0.4108501076698303,0.2133660912513733,-0.4286626279354095,-0.1405409872531891,0.0532704181969165,0.2971842288970947,-0.2789247035980224,0.2187022864818573,0.3905003666877746,0.5737811923027039,0.4081760942935943,0.0640358626842498,0.6094369292259216,0.1590030640363693,0.7656266093254089,0.5931599736213684,-0.0103593515232205,-0.0988274589180946,0.0823414772748947,0.0326518453657627,0.0335768945515155,-0.005672700703144,0.1531953513622284,0.0013211227487772,0.6172919869422913,-0.1241498216986656,-0.0079345731064677,0.3018156886100769,0.3612869083881378,-0.2708107829093933,0.6424412727355957,0.8863001465797424,-0.2971158325672149,0.3804157078266144,0.3166958093643188,0.5826172828674316,-0.4495159089565277,-0.57723468542099,0.1390902549028396,-0.2409447729587555,-0.044008906930685,-0.4454102516174316,-0.6437625288963318,0.5307749509811401,0.3929304480552673,0.0726400092244148,0.9356923699378968,0.415362685918808,0.8689674139022827,0.1216783300042152,-0.1702966094017028,0.2881889343261719,-1.0639375448226929,0.4601030945777893,-0.3987075984477997,0.1851171553134918,0.6951726675033569,-0.6450418829917908,0.413251131772995,0.4040653109550476,-0.0969820767641067,0.5107684135437012,0.3549604415893554,-0.6924507021903992,0.3989652097225189,0.4316265881061554,0.3975213766098022,0.0337979942560195,-0.6452333,-0.5460155,0.8815901,0.638843,-0.946944,-0.5481904,-1.4435662,0.82369983,1.0393748,-0.07996176,0.72410846,-0.31220528,-1.7046392,2.4029138,-0.42850396,0.48434797,0.63726574,-0.96730775,0.9064612,-0.44454637,0.6044818,0.29018205,0.8218224,-1.089559,0.4985039,0.6382092,1.0755775,-0.29968867,-0.550608,-1.4965451,0.09191559,-0.68836784,-0.92541134,-0.4537767,-0.028752245,-0.8772106,-1.756628,1.1558905,0.36259034,-0.7904062,-1.1163796,0.3706908,0.15602838,0.41984737,-0.61790377,-0.061885152,1.6545234,-0.8232209,1.0346549,-0.3613027,-1.1499721,-0.67039335,0.45644876,0.6543956,0.49172872,-0.54009986,0.8883686,0.6694343,0.19782613,-0.1376942,0.48229015,0.7642463,-0.9790276,-0.45586717,0.21767633,0.9297537,-0.39584836,-0.20824158,-0.26968843,-0.16637486,-2.7384207,-1.3817105,0.044244565,1.425415,-1.5220958,0.38869813,0.30754793,-0.6197654,0.4387084,0.050086766,0.85167575,-0.2669375,-0.8988947,1.0854095,-0.7578668,-1.2735996,-0.37944168,-0.7380638,-1.3164831,-0.54556084,-0.34201062,-1.820961,-1.0524306,-1.4124584,1.4074119,0.4273441,-0.90715885,-1.07266,-0.7780817,0.18557455,0.29823807,1.6110145,0.19442613,-0.32758525,-0.8216057,-0.044484157,-0.24503058,-0.35667187,-0.6562762,0.680741,-0.1058045,0.4084283,0.9869217,1.1235223,0.5971329,0.660031,-0.8573992,-0.8037736,-0.7688403,0.6491998,0.949943,0.43211678,-0.7604425,0.26880583,0.24657162,0.78715235,0.23707809,-1.1306837,0.4931993,0.45470625,0.81110036,-0.18318671,2.1804597,0.8671542,-1.0429487,-0.8255052,-0.54265565,0.39396408,0.51732045,-1.1190139,-0.46025896,0.29252264,0.28765628,-0.06918788,0.2508677,-1.1598073,-0.047616184,0.5673559,1.3006157,-0.004435233,-0.31254095,-0.025531182,-1.4410901,0.440398,0.6804365,-0.11831149,0.09267426,0.27060035,-1.4345706,0.9698503,-0.030565895,1.3764861,-0.91365314,0.60670847,-0.13426739,0.60163,-0.68582916,0.7366372,-1.0394722,-1.9752413,-0.13645065,-0.2779383,0.1831792,-0.399745,0.6377634,-0.053413674,0.5374326,0.29230097,-0.8072272,-0.57600796,0.73723346,1.2185475,0.5298859,1.2021079,-0.10022349,0.5908733,0.333376,0.19539326,0.8738904,0.42153013,1.13021,-0.60174906,1.016788,0.92361766,0.895451,2.5849733,0.86332214,-1.7516454,-1.2705392,1.0679498,-2.257884,-0.35643753,0.8987393,-1.1371906,0.8281114,-0.7956723,-0.592032,1.5550697,0.34694085,-0.17753907,-1.0178398,-1.5657452,1.0337127,1.2842412,-0.67924875,-0.4609839,-0.8845829,0.27970228,-0.23288658,-0.20571898,0.44078404,0.51978946,0.52445436,1.4758614,-1.1705937,0.71400297,0.3329398,-0.09023468,0.09076309,0.6639572,-0.7885313,0.8844072,0.30729854,-0.17739174,-0.505006,0.21457212,-0.44229847,0.8564889,-0.51869076,0.7142524,0.4639738,-0.6774006,0.03748039,-0.04489035,0.6536893,0.49645343,1.5946556,0.37186408,-1.3014636,-0.28430244,0.7181369,0.72707176,-0.043684244,0.15149513,0.42849576,1.4238145,-0.76727724,0.03706902,-0.6344703,-0.6746614,-0.10519278,0.5785618,0.20991282,-0.031045504,0.47219044,-0.04210118,-0.6513776,0.17484854,0.09708466,-0.60249513,-0.85719705,-0.7783519,-0.6803382,-0.16074634,0.61417216,0.2828951,-0.62811834,-1.0341115,-1.2987466,0.6549369,0.5332467,-1.5663743,-0.09710475,-0.4204313,-0.9141195,0.12282695,0.17380476,0.20987302,0.2864731,0.5592436,-1.4089549,0.9825366,0.034678686,0.5380342,1.649976,0.040963955,0.7300079,-0.77428055,0.3756268,-0.67357713,0.49982724,0.5097916,-1.3360499,0.6503814,-0.57133263,-0.14292113,1.194192,-1.0670288,-0.559973,-0.78296477,-0.3320971,-0.25464365,-1.2012361,2.2073064,-2.2781935,1.9370316,-1.5592407,-0.6819618,-0.85689235,-0.43155077,-1.4767388,0.4529243,0.42360127,-0.30264902,1.2638593,0.081200324,0.60629183,0.11912142,0.35096705,1.1802706,-0.35292062,0.5613415,-0.48048496,-1.7268724,-0.34884012,0.75943255,-1.1011692,-1.6249632,-1.033862,-0.46277225,0.03921238,-0.21072997,-0.5407431,1.0679445,-0.22724819,0.5346365,-0.8791923,-0.6928009,-0.14461319,-1.2560985,0.9971033,-0.43665102,1.1064932,-0.96099675,-0.28745115,0.34617326,-1.484857,0.29593313,-0.42719138,2.1258855,0.69901156,0.36167014,0.52996725,0.27146462,-0.2572326,-0.17191035,0.87760854,0.22813228,1.5855145,-0.0075585046,-0.39348337,1.5122762,-0.0066467207,0.23595776,-0.3270381,-0.32867563,1.8411164,0.099043965,-0.8469443,0.0224455,-0.29727176,-0.11429392,0.062104955,0.34273866,-0.19817458,0.10149238,0.7215278,0.12884115,-0.7374513,-0.9359793,-0.23472053,0.6133995,1.3076288,1.0819904,1.1910872,0.15106384,-0.7698036,-1.6504486,0.20400374,1.2662792,0.18372375,0.7095468,-1.550346,0.18501228,0.26208648,0.5928782,-1.135272,-1.5228276,1.3038263,0.4285852,0.36427867,1.6356,-0.47591674,-1.2975147,-0.63822055,0.23066916,-0.35801822,-1.0863833,-0.94723934,0.64293456,-0.15679577,1.1541052,1.24227,0.39064434,-0.044886056,-0.3088344,0.4697574,0.10771925,-0.45715946,-0.23063809,0.032973047,0.54242784,-0.8818743,-0.63474375,0.89889646,-1.815206,0.8478746,-0.4041986,0.016524753,0.07278618,-0.10010773,-0.79741734,-0.37684286,0.25268164,-1.1309733,-0.8033356,0.41203177,-1.4279728,-1.6185061,1.2187132,1.3147866,-0.9781775,0.9197625,0.19694251,0.41788036,0.900289,-0.19073951,-0.3404812,-0.14473408,-0.37957752,-0.16570026,-0.38304085,-1.3342834,-0.44457966,0.8337753,-1.3539257,-1.1723847,1.1086352,0.5565992,-1.3387456,-0.710768,-0.09325346,-0.4552654,0.3693894,0.6949358,-0.031680487,-0.1851695,-1.1896713,-0.26223782,0.11337353,0.109514885,0.1158693,0.108118854,0.42475635,-0.13402829,0.39905593,1.6654131,0.47682798,1.1423255,1.1739812,0.5490827,-0.19981551,0.44553387,-0.3079597,-0.5123524,1.0340452,-1.2805194,-0.53478837,1.0414543,-0.35550153,-0.7749203,-0.06042976,0.91777444,-0.06086772,-0.17811364,-0.19964737,0.75856864,1.3452766,0.7912779,1.3686818,-0.14145811,-0.10395864,-0.937207,-0.07404374,-1.0828167,-0.79266,0.52738965,0.9939638,2.2967362,-0.6745544,0.20691687,0.64023477,-1.0357854,-1.2428089,0.46347558,0.24065161,-0.5041654,-0.47312227,0.27257288,-0.9150201,-0.021095086,-1.7591704,-0.34671032,0.23411939,0.9258326,-0.36900637,0.09627613,0.6758816,0.06722153,-0.9701319,0.31908754,1.151443,1.3357368,-0.09216349,-1.0909696,0.4666622,-0.085451275,-1.5158105,-0.327229,-0.83219784,-0.8941318,0.2039864,-0.41020933,-0.1667972,-0.58614993,-0.7722863,1.6268992,0.18496495,-0.03271825,0.16454065,-0.8070381,1.4237638,-0.37706792,-0.7886885,1.2770296,0.8298545,-1.4130471,0.6620068,-1.4487301,0.71082246,-0.5168749,0.78970486,0.8567071,0.5605592,-0.36134064,1.6147624,-0.50654596,-0.24938244,-0.5702849,0.45779297,-0.4292956,0.33016905,-2.1174483,1.1189137,-1.3916243,-0.5907729,0.047233716,0.53088665,-0.20871575,0.28699854,-0.3588574,0.39370048,0.47645393,-0.7245077,0.9284947,1.7607055,-0.2797534,-0.86141795,0.80765635,0.23225848,-0.44705576,-0.24645215,2.3813257,0.44436854,1.2066258,-0.99330056,-0.8455892,0.9759791,0.09292201,-0.6836255,-0.42667452,-0.09483758,-0.12043558,0.47531095,-0.12950815,1.0482514,-0.8804443,0.6974473,0.78145623,-0.59280866,-0.13286464,0.3753909,-0.6305241,-1.3547231,-0.99493575,0.47156778,1.0236654,-0.56905633,0.041988984,0.8964443,1.3168664,0.6641426,-0.15627605,-0.66849524,0.6010066,0.5995839,0.764448,-0.8740179,-1.1121427,0.68218315,1.1695027,-0.32971123,0.54838717,0.6541058,-0.42056847,-2.0672808,0.83344036,0.24998276,-0.0008575453,0.7768503,0.72278434,-0.730613,0.57828873,-0.11890667,-0.01285348,0.053307664,-0.9171951,0.00037760535,0.054080464,-0.62883025,0.37379304,-0.44880798,0.2477759,-0.60231185,0.8329256,-1.6419362,0.69192404,-0.20250084,0.39837697,0.7598525,0.13568905,-1.2497475,-0.44374672,-0.27255252,1.2685466,0.99997383,-0.114949144,-1.2546561,-0.3637556,0.92007107,0.6196078,0.07403853,-0.21285659,0.30339396,-1.043879,-0.38539383,-1.3540664,-0.7593839,0.37231284,0.58878225,-0.84939915,1.1176871,-1.9029756,0.54712886,0.041071847,-0.99658257,0.27481204,0.47288337,-0.36877874,2.0189924,1.1835049,-0.2710877,0.2398512,0.5700646,0.8342424,-0.5523351,-0.5714214,-1.1280969,1.0426071,1.4595126,0.3047618,-1.0978742,-0.059838194,0.4663344,-0.35080424,1.3386242,-0.70752597,-0.28942698,-0.37481323,-0.284932,-1.0975585,-0.5673811,-0.62029576,-0.09906769,-1.4460865,0.31015784,-0.7069018,-0.961138,0.530619,-0.79060394,0.16793959,0.1913212,1.3649001,-0.21304002,0.60402036,0.37877226,-0.46097124,-0.05701898,-0.8149159,-0.2280568,0.49465704,-0.9053361,0.47577223,0.43112794,0.82747865,1.4959657,-0.15372923,-0.6973082,0.24690159,0.47341692,0.42672408,0.05628113,-0.82310635,-0.6949308,0.011025656,0.36588028,0.7598152,-1.1032544,-0.09089245,0.46659544,0.24031469,0.101264246,0.5295825,-0.08105086,0.47004503,2.1958604,0.72220606,-0.10002259,-0.5194939,-0.7554521,0.46866044,1.0324521,-0.16039793,-0.11841915,-1.0093884,0.62482566,0.57172894,-0.60875267,0.6678116,0.38601425,-1.5821114,2.8091736,-1.2333622,0.019690609,0.93272614,-0.9928565,0.6527206,-0.5514807,0.4984609,0.67560214,0.51996857,-0.9254442,0.6504826,0.4882191,0.41674152,-0.51902366,-0.4917458,-0.7002017,-0.22474141,-0.41666445,-0.351879,-0.40979382,0.5824637,-1.2076756,-0.8533791,1.0566064,-0.01223893,-0.5787606,-0.9202738,1.0200714,-0.11492688,-0.4819409,-0.3185966,-0.1351264,1.639978,-0.96360373,1.14562,-0.81883526,-0.43922114,-0.2870637,0.41449007,0.36988625,0.4302969,0.061879516,1.0504884,0.91729146,0.33049563,-0.4633597,0.21796651,1.0122604,-0.9607983,-0.19443609,0.45796332,0.994963,0.19084428,-0.8872035,-0.3317486,-0.529935,-2.3722029,-1.0045592,-0.21793406,1.5876813,-1.2019948,1.2877462,0.34267172,-0.09553302,0.2624642,0.06497686,0.4608369,0.02944982,-0.73213106,1.0756496,-0.542217,-1.1967977,-0.28006893,-0.47249365,-1.3746858,-0.39541313,0.19803053,-1.5505959,-1.035015,-1.4835358,1.1494447,0.34606433,-0.93122166,-0.5240598,-1.6025081,0.4224242,-0.033324093,1.2922754,-0.1688308,-0.35981783,-1.16489,-0.09118394,-0.58580637,-0.73291826,-0.93149614,0.97498995,-0.5303609,0.4355007,0.9673968,1.1222626,1.0830016,0.93314004,-1.3150909,-0.5046646,-0.51247865,0.30789915,0.8048978,0.22588561,-0.4992648,0.8275841,0.07617476,1.079368,0.3093587,-0.98430896,0.4778043,-0.23725803,0.9933292,0.09382742,2.1018322,1.0230583,-0.78107625,-0.9765022,-0.25448605,0.5605003,0.43648025,-0.95726866,-0.4344035,0.29762885,0.2970168,-0.1420335,-0.4680898,-1.5154732,0.6607081,0.6218496,1.8609535,0.22503662,-0.1284188,-0.23225488,-0.83544,0.30555198,0.9435604,0.44110227,0.049396146,0.2327676,-1.8816358,1.9589003,0.38367352,1.4730653,-1.0481573,0.53054,-0.026309187,0.66615254,-0.5834791,0.31064758,-1.0444793,-1.9007732,-0.39940158,0.058485206,0.46248618,-0.083045684,0.7776093,-0.12606308,0.5369691,0.25058642,-0.868088,-0.26312467,0.54908186,1.0632414,-0.06212896,1.5299969,-0.6938584,0.34535328,0.76486033,0.4860911,0.68955064,0.16729651,0.7125323,-0.8225283,1.3893083,0.8664797,1.3011492,2.4633186,0.7514486,-2.0150568,-1.2964337,0.8552522,-2.20496,-0.39330778,0.51479405,-0.87983674,1.2746764,-0.8675981,-0.85598904,1.56006,0.55406356,0.26566103,-1.4077625,-1.3621687,0.7202477,0.5587192,-0.6702345,-0.046705548,-0.28582728,0.36550725,-0.37374726,-0.38592753,0.5918793,0.565686,0.73840123,1.3559386,-0.76624537,0.2016431,0.537473,0.2872043,0.058585975,0.58731604,-1.1033943,0.22687824,0.7920008,-0.16568218,-0.6911383,0.012387921,-0.5682244,0.75097054,-0.86477953,0.24202599,0.112159334,-0.35713312,0.087658085,-0.11172906,0.87665963,0.7646651,1.7715646,0.3204704,-1.814773,0.053446442,0.11028218,0.9046249,0.6394729,-0.027208796,0.6525603,1.3795105,-0.615797,0.15922083,0.0340934,-0.5702848,-0.14883979,0.5475346,-0.32291594,0.3228579,0.436715,-0.98681664,-0.83393145,-0.32563928,0.46958447,-0.24681132,-0.82050186,-0.9085936,-1.4153423,0.013255928,0.33475173,0.1659788,-1.2392696,-0.7934942,-1.3124226,0.8256951,0.73479646,-1.231512,-0.33051467,0.048187423,-0.21785921,0.8670633,0.039883677,0.45258784,0.39085746,0.13082819,-1.288057,1.2549778,-0.27625418,0.70535684,1.4072677,-0.08139423,1.0630196,-0.4515326,0.59540147,-0.9760659,0.89687854,0.5248944,-1.40591,0.8020541,-0.21992154,-0.4597968,0.5320771,-1.3356758,-0.5861054,-0.9394467,0.027021887,-0.06934249,-1.4231013,1.63686,-1.2643708,1.4416882,-0.8734774,-0.5985233,-0.89532906,-0.34553978,-1.1949942,0.735693,-0.018273452,0.027984282,1.036611,0.04528453,-0.27054164,0.40140143,0.5498235,1.1483449,-0.10225845,0.35186324,-0.4950087,-1.0891209,0.4061037,0.8888337,-1.3264775,-1.281037,-1.6582826,-0.6456332,0.8042571,-0.98813176,-0.47649637,0.94706225,-0.34808838,0.7599049,-1.2587247,-0.24966048,0.47663435,-0.3750535,1.8577604,-0.38500178,1.8483691,-0.9706716,-0.71134394,0.39189386,-1.6972698,-0.42148367,-0.13079722,1.9174627,0.83357877,0.9835341,0.65306616,0.7912591,-0.547338,-0.36576548,1.2981458,0.4085058,1.7212662,0.18551178,-0.5298011,1.3784977,-0.14603542,0.5694398,-0.19933678,-0.63614804,1.820867,-0.32234713,-0.36023512,0.179635,0.14105743,0.22837321,0.5287245,0.009534459,0.5996843,-0.043216527,0.54111147,0.3547571,-0.7184381,-0.8377426,-0.6019845,0.4681474,1.0151416,1.3987131,1.6313249,0.046993066,-0.61985594,-1.8606974,-0.122977264,1.1889362,0.51286966,0.19775748,-1.5283817,0.6732462,0.19312344,-0.14291385,-0.7121441,-1.3632118,1.5607771,0.30114508,0.3735088,1.6214379,-0.9754694,-1.5410337,-0.32860956,0.6990759,-0.4067333,-1.1616461,-0.736373,0.52497584,-0.8464672,1.5864829,0.63825554,0.29426357,-0.08152209,0.10803651,1.0075989,0.1419286,-0.45725718,-0.5100868,0.38808027,0.5329722,-1.4226866,-0.15618844,-0.1167933,-2.059613,0.45860633,-0.11514006,-0.538922,0.25842527,-0.85409397,-0.9105659,-0.5183057,-0.31652036,-0.6664453,-1.1363608,0.55160433,-1.5749931,-1.2052495,1.5740633,1.3709754,-0.890539,0.8213119,0.45746326,-0.056403365,0.55086833,-0.37005964,-0.64780265,0.29266366,-0.73045325,-0.13379249,-0.16043423,-1.315137,-0.31785986,0.31465185,-1.8340355,-0.74203557,1.3053442,0.83707976,-1.4882511,-0.3962007,-0.017274797,-0.9778195,1.0136919,0.8810323,-0.1299176,0.32600185,-0.49920082,-0.284932,-0.24497998,0.8982064,0.0051512904,-0.12975936,1.2718428,-0.3098673,-0.0029723942,1.6554389,0.38909844,1.0622578,0.9603143,0.055085987,-0.81889945,0.6038453,0.19450249,-0.20925288,0.46051803,-1.508296,-0.746425,1.4561619,-0.42446318,-0.73387194,-0.018451069,0.9311221,-0.64606774,-0.079081245,0.11854038,0.36129573,1.2285115,0.6616613,1.4640969,-0.022529066,-0.58992296,-0.5402005,0.069826916,-1.4290947,-1.1825885,-0.043508053,0.5832387,2.2659333,-0.1828223,0.16247125,0.50932246,-1.1665227,-1.1852473,0.32904735,0.2911278,-0.7995896,-1.0342847,0.25099418,-1.7267866,0.121188305,-2.2681456,-0.5509715,0.3396927,0.4592493,-0.85678095,-0.10121274,0.3404956,0.19575387,-0.92071027,0.23894279,0.7384072,1.0890617,-0.017344665,-0.7557556,0.24326539,-0.7914081,-1.3606414,-0.39219442,-0.7660758,-0.8603584,-0.32026827,0.11463988,0.1663431,-0.7200915,-0.45061603,1.3729734,-0.3117884,-0.66275597,0.42297506,-0.76734614,0.9838521,-0.3348001,-0.6489306,1.6217715,0.56279206,-1.5248691,0.26535872,-1.3453234,0.86805224,-0.806808,0.014773652,1.2442526,0.7310378,-0.373317,0.78028435,-0.6636161,-0.3351635,-0.0184789,0.7586775,-0.197336,0.38325465,-2.141531,0.9689794,-1.7746831,-1.0096387,-0.21272273,0.7833286,-0.36382666,-0.017783588,-0.39341852,0.95465547,0.5299483,-0.6439819,1.353961,1.8564452,-0.64582586,-0.63742346,0.593839,0.72490287,-0.68952316,0.32259467,2.5109262,0.80655193,0.72093916,-1.3939186,-0.51131564,0.32330158,-0.972899,-0.3565835,-0.15228418,-0.4891378,0.26892927,0.2964568,-0.6180439,1.043484,-0.6086443,0.55183405,0.8017664,-0.2609419,-0.4424754,0.43074337,-0.21708626,-1.4598445,-1.4342285,0.171302,0.8960255,-0.6609487,0.36929476,0.49983537,0.96496844,0.78751284,0.23331839,-0.49381557,0.6391005,1.077218,0.5296959,-1.011615,-1.3686792,0.19000204,1.1646014,-0.80741435,0.50923795,-0.03823221,-0.48802128,-1.7499834,1.1458904,0.90710074,0.42190006,1.1496605,0.2882368,0.35267115,0.59319365,-0.39146367,0.30849183,-0.26985034,-0.30992594,-0.46958128,-0.47566462,-0.6847975,0.652414,-0.7218215,0.4740692,-0.16096778,0.7541571,-1.6167725,0.44712654,-0.2697582,0.5518848,0.5226836,0.07540124,-0.9056335,-0.18402843,-0.88693666,1.914601,1.0968411,-0.12252299,-1.4727893,0.23057078,1.1950729,0.09132177,-0.5963508,0.6320293,-0.12648739,-0.9676911,-0.3103794,-1.1280395,-0.6758409,0.16033238,0.3546498,-0.84374475,0.812949,-1.7201651,0.550468,0.030819163,-1.3016764,-0.38012776,-0.010598804,-1.123241,2.009325,1.1321424,-0.2848679,0.1406087,0.9024566,1.1308744,-0.19272737,-0.5388281,-1.6717321,0.60641676,1.15218,0.6651065,-1.4814075,0.07622061,0.1736141,-0.7241292,1.2779965,-0.07532179,-0.31422186,-1.0663483,-0.2827905,-0.82417107,-0.12032945,-0.81329733,0.016689956,-1.395544,0.12993643,-0.17846487,-0.57786435,0.7781469,-0.8338649,-0.24002655,-0.22996084,0.82480174,0.12578437,1.204761,0.4126518,-0.46441066,0.025552496,-0.8305848,-0.4487002,1.2793833,-0.802959,0.20110841,0.4306089,1.1201731,1.907993,0.21282609,-0.6702351,0.3616079,-0.6486297,0.25601283,0.3108479,-1.3109539,-0.62919056,-0.038456876,0.34164238,0.4104236,-1.139276,-0.44149068,-0.0111345155,0.6680104,0.26924804,0.38925555,0.3955283,0.3645922,1.6970663,0.9091227,-0.03140083,0.0
ウ,0.7160406708717346,0.5496041178703308,1.0600578784942627,-0.4431724548339844,0.0448430813848972,0.3219568729400635,0.2715650498867035,0.0062799644656479,-0.6299976110458374,-0.2329137921333313,0.5505568981170654,-0.5564342141151428,-0.2968236804008484,-0.1863660514354705,0.32614865899086,0.0199595429003238,-0.1589935719966888,-0.4174444079399109,0.3077236413955688,-0.4441926181316376,-1.435692310333252,-0.5543021559715271,-0.1952914595603943,0.1669474244117736,-0.3150492012500763,-0.4724974632263183,0.2600679993629455,0.0922654122114181,0.3445742428302765,-0.343114972114563,-0.6205287575721741,-0.1694863736629486,0.0276246853172779,0.1345271468162536,-0.5564649701118469,0.5066118240356445,0.0104094464331865,-0.3863275647163391,0.7529186010360718,0.190581202507019,-0.0434430949389934,-0.0062533719465136,-0.1106757670640945,-0.0010885586962103,-0.2329510599374771,0.1116471886634826,0.1652374267578125,0.3185009360313415,-0.0247206445783376,-0.4215655922889709,-0.8240092396736145,0.5963747501373291,0.3773230612277984,-0.0269231144338846,0.1930460333824157,-0.2094836086034774,0.954737663269043,-1.0668796300888062,0.130802184343338,0.3891322314739227,-0.6298655867576599,-0.3246212005615234,0.4780248403549194,-0.1246212720870971,-0.186718076467514,0.2396682798862457,0.023499870672822,-0.0045924559235572,0.492657870054245,-0.536670446395874,0.445383220911026,0.137165293097496,-0.1062554866075515,-0.7000160217285156,0.588559627532959,-0.2727632224559784,0.112935334444046,0.3397274315357208,0.1951669007539749,0.0292498487979173,0.1833639442920684,0.1893945634365081,0.1850089281797409,-0.4678379893302917,-0.4566177427768707,0.1382855623960495,-0.7634050250053406,-1.0278390645980835,0.5832114815711975,-0.3624027371406555,0.033557940274477,0.273272693157196,0.3222914934158325,-0.1099065691232681,0.4741979241371155,0.2392270714044571,0.0166855566203594,-0.0043402756564319,-0.3339742422103882,0.031827837228775,-0.3185054659843445,0.0691365972161293,0.1393540650606155,-0.4681010246276855,0.1093716472387313,-0.1714517027139663,-0.3932948112487793,0.5831077694892883,0.3211843073368072,0.2408215552568435,-0.3932655453681946,-0.3886343240737915,-0.544151246547699,-0.2606160640716553,0.48261159658432,0.0443647839128971,-0.5017679333686829,0.6238043904304504,-0.3327780663967132,0.5301656126976013,0.1648320406675338,0.3450007140636444,-0.046100802719593,-0.4880585074424743,-0.1340521574020385,0.6939308643341064,0.2395305931568145,-0.0871166661381721,0.2279672026634216,-0.1759323179721832,-0.1812437176704406,-0.7236559987068176,-0.0606303624808788,-0.1284232586622238,-0.4148086905479431,0.7964227795600891,0.3081644177436828,0.0459326207637786,0.2721553444862366,-0.5111276507377625,-0.5176360011100769,-0.2339594066143036,0.4802360832691192,-0.6775243282318115,0.1863149553537368,0.4573135673999786,-0.3242950141429901,-0.2710474133491516,0.719058096408844,0.344485729932785,-0.0405073091387748,1.221623778343201,-0.5083168148994446,-0.0042150439694523,-0.1091043278574943,0.5945374369621277,-0.7333052158355713,0.3256069421768188,0.537666380405426,0.4378291070461273,0.7361007332801819,-0.0103426575660705,0.0524857640266418,0.4433907568454742,0.0224078278988599,0.2883355915546417,0.1595441699028015,-0.4797025620937347,-0.3036799728870392,0.4212587773799896,0.1494921743869781,0.548896074295044,0.3409509360790252,-0.0871381014585495,-0.3950188457965851,0.1619779616594314,0.8203318119049072,-0.1802835911512375,0.2675783336162567,-0.7529749870300293,-0.2787104547023773,0.1595818102359771,0.562970757484436,-0.6086323857307434,0.4922395646572113,-0.0607765987515449,0.0525845624506473,-0.1430233120918274,-0.1919663548469543,0.0997748300433158,-0.3555605113506317,-0.5002982020378113,0.5069612860679626,-0.5319347977638245,-0.3023192584514618,-0.4192430675029754,0.3326950073242187,0.1380854696035385,-0.4933838248252868,0.6112861037254333,0.3284007012844085,0.1616570353507995,-0.1621584892272949,-0.5787858963012695,-0.9845398664474488,-0.0654933899641037,-0.0381376333534717,0.2911118865013122,0.2583819925785064,0.3827478885650635,-0.5706953406333923,0.0709239393472671,0.0739507302641868,0.2867769598960876,0.6943717002868652,0.3660307824611664,-0.2548193037509918,-0.4564126431941986,-0.0378085523843765,-0.0454684756696224,0.1466283947229385,-0.2530595660209656,0.3082716763019562,0.1777791380882263,0.0423457957804203,0.1954853534698486,0.1800612956285476,-0.4829595685005188,-0.4469911456108093,0.4224537014961242,-0.5547980070114136,-0.6095532178878784,-0.2875030934810638,-0.0714776515960693,-0.6480852365493774,-0.5900214314460754,-0.388478547334671,-0.0270618125796318,-0.2967996299266815,0.5098548531532288,-0.22074955701828,-0.3468151390552521,0.4216444194316864,-0.3038881123065948,-0.2978987097740173,0.3927764594554901,-0.0596282370388507,0.0485152229666709,-0.271362692117691,-0.1802142113447189,-0.4851191937923431,-0.550102710723877,-0.1460640579462051,-0.0548247061669826,0.3206359446048736,0.4962250292301178,0.4854024350643158,-0.2992788553237915,0.3813333511352539,-0.3735303878784179,-0.4477134048938751,-0.5849761962890625,-0.1867894977331161,-0.1529820263385772,0.0660977810621261,0.1695452481508255,-0.0759079530835151,-0.3525299727916717,-0.7251498699188232,-0.4507409930229187,0.0721923410892486,-0.0167071856558322,-0.0582984127104282,-0.1752388924360275,0.1764365881681442,0.088075466454029,0.1377533078193664,0.4123290479183197,-0.4051860272884369,-0.0089038852602243,-0.2578047215938568,0.5319944024085999,-0.6913993954658508,0.1426066905260086,0.0091378083452582,0.4740738272666931,-0.6846185922622681,0.0018326811259612,-0.4535423517227173,0.7378843426704407,0.5011321902275085,-0.5561357140541077,0.0602494962513446,-0.1660566180944442,-0.9421035051345824,-0.2076736837625503,0.6045069694519043,-0.0015955511480569,0.4080990850925445,-0.1184548586606979,0.392930656671524,0.4433785676956177,0.8906248211860657,-0.0674004629254341,-0.0112778441980481,-0.3926476240158081,0.1577012240886688,0.18877674639225,0.5445039868354797,-0.1628527790307998,0.2813944816589355,0.5108756422996521,-0.6430280208587646,0.3158159852027893,0.840604305267334,0.4549330472946167,-1.77802836894989,-0.315490573644638,0.509924590587616,0.1881543546915054,-0.3583788871765136,-0.2123126238584518,0.2246962636709213,0.3304974436759949,-0.335794448852539,-0.4867393374443054,1.282496452331543,0.2578581869602203,0.1956936717033386,-0.4181706011295318,0.1126364842057228,-0.0562515445053577,-0.1417088061571121,-0.5214462280273438,0.3383252024650574,0.4104311168193817,-0.7612400054931641,-0.0065445792861282,-0.2192858457565307,-0.3208435773849487,-0.5579304099082947,0.3383762538433075,-0.6222559809684753,-0.0154126929119229,-0.3610038161277771,-0.1238558292388916,0.0644548162817955,1.1989210844039917,0.8737666010856628,0.1136054247617721,-0.7855727672576904,-0.187774196267128,-0.0542365722358226,-0.3299339711666107,0.1715893447399139,-0.0471077673137187,-0.1403587460517883,-0.1254177391529083,0.349879503250122,0.1097924038767814,0.1692365705966949,-0.0903558135032653,-0.6123674511909485,-0.1054280996322631,-0.1606510132551193,0.7271825075149536,0.9391486644744872,0.14202481508255,-0.0107327075675129,0.541143000125885,0.9442161917686462,0.3771333396434784,0.1176036745309829,-0.6484299302101135,-0.3322542309761047,-0.4627679288387298,0.0766859427094459,-0.2493514865636825,-0.4175941050052643,0.5562111735343933,-0.149287611246109,0.0368744879961013,0.1740822345018386,-0.8228632807731628,0.4122907519340515,-0.5090331435203552,-0.2347524166107177,-0.2065445333719253,-0.1703664511442184,-0.4299764633178711,0.7415841221809387,0.2431784123182296,0.3587514758110046,-0.3153972923755646,-0.9576084613800048,0.662799596786499,-0.1861715912818908,-0.1347865611314773,0.1952444016933441,0.1569215804338455,-0.0130145577713847,0.1553108692169189,-0.0591698288917541,-0.3216509222984314,-0.8687087297439575,-0.3008919656276703,-0.4204065799713135,-0.0636451244354248,-0.0857962518930435,0.6063085794448853,0.0167367029935121,0.1617683470249176,0.2566567361354828,0.3890993893146515,-0.1402439773082733,-0.2968016266822815,-0.5630148649215698,0.4061540067195892,0.3248182237148285,0.9648025631904602,0.4040554761886596,0.0078669795766472,0.523979902267456,0.0174883659929037,0.0857487842440605,0.1283589303493499,-0.6166248917579651,-0.4257988929748535,0.9454864859580994,-0.4247202277183532,-0.2155346870422363,0.3162325918674469,0.1190092638134956,0.5508721470832825,-0.3955748677253723,-1.002431869506836,0.5232201814651489,-0.32157102227211,0.2513957917690277,1.0220986604690552,0.245553657412529,0.1295281499624252,0.2352876216173172,0.0230562891811132,-0.4232050478458404,-0.2769336402416229,-0.3289223313331604,-0.509810745716095,0.4113638401031494,-0.1826494336128235,0.6000717282295227,0.4723854959011078,0.5991536378860474,-0.0493774935603141,0.3512018322944641,0.2943974733352661,-0.5445080995559692,0.4768691956996918,0.6148988604545593,0.3768306672573089,-0.2980268001556396,0.4510954320430755,-0.4618158936500549,0.0261024199426174,-0.2566526234149933,-0.2924006581306457,1.0113605260849,-0.0366128347814083,0.5851088762283325,-0.7223637104034424,-0.3120304346084595,-0.4959334135055542,-0.4941413402557373,-0.192767396569252,-0.2274348884820938,0.075365774333477,0.2839587926864624,-0.3671100735664367,-0.6587124466896057,0.2883949875831604,0.5989701747894287,0.4797096848487854,-0.0510609298944473,-0.306638240814209,-0.2423850893974304,0.1443103551864624,-0.7134082317352295,-0.5081197619438171,0.575716495513916,0.1336457133293151,-0.3493250012397766,-0.8854405879974365,-0.3180863857269287,-0.1379755288362503,0.1805661469697952,-0.4811800122261047,0.0465103425085544,-0.290102869272232,-0.7400475144386292,-0.273175984621048,-0.4847550988197326,-0.1200441569089889,-0.6421060562133789,-0.3723041415214538,-0.2524562776088714,-0.4793320596218109,0.0046251476742327,0.6948128938674927,0.7403450012207031,-0.4985497891902923,-0.2380929142236709,0.1256924271583557,0.1686508506536483,-0.2385175079107284,0.1640942096710205,-0.3254446983337402,-0.15774767100811,-0.5756934881210327,0.2040051966905594,-0.2761629521846771,-0.0652704909443855,-0.0876909717917442,-0.7345484495162964,-0.4659005403518677,0.0324366055428981,-0.8098662495613098,0.1941544115543365,-0.0571203343570232,0.9315574169158936,-0.5274169445037842,0.1283146440982818,-0.0506936982274055,-0.2374493926763534,-0.5599507689476013,0.5276247262954712,-0.3125468492507934,-1.1585813760757446,0.3610887229442596,0.1456747502088546,-0.4961353838443756,1.2421517372131348,0.209113210439682,-0.6299748420715332,-0.1049925908446312,0.1299864202737808,0.1624376773834228,-0.2304719090461731,0.148638442158699,0.0389331430196762,0.3440857827663421,0.4437224268913269,-0.4375099241733551,0.6193323135375977,-0.0035915866028517,-0.2298985421657562,-0.1354523450136184,0.3424294590950012,0.344156265258789,0.6829055547714233,0.12941475212574,-0.6262499690055847,-0.2232080549001693,-0.325437992811203,-0.0677823722362518,-0.0049347216263413,0.3359613120555877,-0.5255427360534668,0.8923746943473816,0.5958791375160217,-0.5636972188949585,0.3588937222957611,1.2114043235778809,-0.0423423871397972,1.0033893585205078,0.1732223331928253,0.0411442294716835,-0.6278747916221619,0.1510212868452072,0.0785162672400474,0.1135732382535934,-0.0704819783568382,0.0616788268089294,-0.2950425446033478,-0.2071893513202667,0.8606039881706238,-0.121087297797203,-0.3264497816562652,0.0848917290568351,0.2585770785808563,-0.2899852097034454,0.8567606806755066,0.3068051636219024,-0.0136516513302922,-0.1718943417072296,0.3325474560260772,0.6210667490959167,1.231739163398743,-0.4219981729984283,0.3740526735782623,-0.3315471112728119,-0.5471270680427551,0.1436841785907745,0.1501275300979614,-0.086452841758728,0.6012153625488281,-0.6972745656967163,-0.080488696694374,0.7731828093528748,0.2369479686021804,0.0300097912549972,-0.0737051516771316,-0.507893443107605,0.1773186177015304,-0.4614638090133667,-0.1801935732364654,0.0458078272640705,0.3561922907829284,0.7271630764007568,0.4086967706680298,-0.1531369239091873,-0.0661972314119339,0.8011471033096313,-0.0996110737323761,-0.4934886693954468,-0.0796970874071121,-0.1862915009260177,0.0393057391047477,-0.0520649850368499,0.3480192124843597,-0.0210816878825426,-0.2200969457626342,0.696488618850708,-0.226593941450119,0.0158699993044137,-0.2685171365737915,0.3712647557258606,0.1123125925660133,-0.1102825403213501,0.2151762098073959,-0.2132675051689148,0.2190783023834228,-0.0080466317012906,-0.8187978267669678,0.0576216056942939,0.149572268128395,0.0899965018033981,-0.5050914883613586,0.0059439134784042,-0.469350129365921,-0.3574584424495697,-0.1228241100907325,0.1757557243108749,-1.184923768043518,-0.7962396144866943,0.4043115377426147,-0.011384311132133,-0.2222319096326828,-1.394122838973999,0.6045659780502319,0.3704037368297577,-0.0332081988453865,-0.189859390258789,0.2785438597202301,-0.0624178387224674,-0.202721819281578,-0.1569465845823288,-0.201258510351181,0.3423085212707519,-9.881769180297852,0.1127707585692405,0.0250407438725233,-0.6226008534431458,-0.2768200933933258,-0.1419197618961334,1.0979472398757937,0.8698919415473938,-0.1874127089977264,0.4062471985816955,-0.2014871686697006,-0.032834593206644,0.4222115576267242,0.6477712392807007,0.0165358241647481,-0.0757811218500137,-0.2083810418844223,0.1534511595964431,0.1103512644767761,-0.0812371745705604,-0.6076298952102661,-0.3319518268108368,0.7044028043746948,0.2135204225778579,0.3321336805820465,-0.5609503388404846,-0.5385086536407471,0.7213151454925537,0.0239347964525222,0.2181130796670913,-1.00224506855011,0.2961472272872925,0.1261317133903503,0.414044439792633,-0.1122713387012481,0.3906683623790741,0.1047024503350257,0.8875852227210999,-0.0642447471618652,0.1892401129007339,0.1089766845107078,0.4443552494049072,0.0705834999680519,0.0431388765573501,0.3937809765338897,-0.0631690770387649,0.0285484418272972,0.4789966642856598,0.8089115023612976,-0.2491255849599838,-0.4232617020606994,-0.2744500041007995,0.4650739133358001,-0.2509323358535766,0.1578381657600402,-0.0456525050103664,0.6443071961402893,-0.9439181089401244,0.1452423185110092,0.1493725925683975,0.3029784858226776,0.556549608707428,0.6303580403327942,0.7066295146942139,-0.1501513719558715,0.4653829634189605,0.5707411170005798,0.0543890185654163,-1.228846788406372,-0.416785180568695,0.3502748012542724,0.3190977275371551,0.2799139320850372,0.202869564294815,0.1534282565116882,0.3137082159519195,-0.2311029434204101,0.1965452134609222,0.2695147693157196,0.1904399096965789,0.6270903944969177,-0.4208428859710693,0.1835490614175796,0.6611534357070923,-0.5122352838516235,0.3420845568180084,0.2134129106998443,-0.2768934667110443,0.2211164534091949,-0.5829900503158569,0.6009411811828613,0.1985925585031509,-0.5658319592475891,0.4262440502643585,0.4988217055797577,-0.1246670633554458,-0.0260311178863048,0.0708031207323074,0.206412062048912,-0.3707110583782196,-0.9198241,-1.1668099,0.31521663,2.0585823,-0.64526826,-0.3761793,-1.2235278,-0.43907097,0.7146099,-1.0629655,0.021443583,0.77896386,-1.2028663,2.4177475,-0.45491314,-0.04203405,0.9254944,-0.6890014,-0.024370864,-0.6693136,1.0039157,0.13925733,1.0291747,-0.48358712,0.8053994,0.9445324,0.42700878,-0.89238375,-0.010238965,-0.22117658,-0.6173665,-0.7471202,-0.6157723,-1.0422461,0.2822657,-1.1579046,-1.0032222,1.4627267,0.7878318,-0.19769575,-0.8782664,0.39141986,-1.1683077,0.5266654,-1.1625532,-0.22373462,1.7801954,-0.2790319,0.41124055,0.013080955,-0.3833296,-0.20591535,0.49323037,0.91424793,0.39270094,-0.15358247,0.6691308,-0.017369779,0.25607207,-0.37205496,0.53284115,1.0169467,-1.2364367,0.8045415,1.5094818,1.7030454,0.38707247,-0.4258121,-0.5217179,-0.812396,-2.6849363,-0.50522906,0.5558651,1.1703249,-0.7734346,0.8521006,-0.12089354,-0.02942721,0.08642998,-0.107314825,0.07771806,0.4952617,-0.9804061,1.4959446,-0.3618014,-0.36386058,-0.39140442,0.23971732,-1.7226914,-0.24374168,0.43259716,-1.4126669,-1.8493825,-1.45855,0.89148885,-0.39129832,-0.6581311,-0.85115385,-1.205423,-0.38073623,-0.07115179,0.61074704,-0.6453272,0.5831456,-1.3313035,0.018059751,-0.8543863,-0.9549938,-1.1106764,0.692591,-0.15379283,0.553864,1.3532134,1.8766551,0.8094476,0.7016263,-0.0215455,-1.0142455,-0.36734748,0.23304105,0.6934662,-0.5272755,-1.0044398,0.60262513,0.23190226,1.1493741,-0.25229648,-0.7412128,0.88012534,-0.60547906,0.41980386,-0.93595743,1.2601781,0.8164942,-0.7623401,0.023453912,-0.6665762,-0.133902,0.22870302,-0.52089816,-0.7879433,-0.5761614,-0.23716998,-0.44433033,0.15259284,-1.4156632,0.46164596,0.7094287,1.1303355,-0.054722894,0.06804219,-0.48075053,0.17579739,0.73329335,0.75315475,0.056869417,0.096405804,-0.11692828,-1.1749126,1.6044711,0.8075641,1.2344545,-0.9618821,-0.3334677,-0.0020403862,0.39225626,-0.52782893,0.9356366,-0.33691883,-2.2125964,-0.40274167,0.0030233376,0.3959442,-0.77385163,0.41631714,-0.19942534,0.91910267,0.0012390316,-0.5842083,0.09887519,0.2763101,1.0115665,0.34505478,1.2752771,-0.053427756,0.5770266,0.24453597,0.12352341,0.06509933,0.07054859,0.23901486,-0.55518496,0.31999734,1.2387518,1.5029922,2.513787,0.81433105,-1.6948967,-1.0359315,0.5817451,-1.67914,-0.06877842,0.8247284,0.047842454,2.0423996,-0.70935327,-0.9514068,2.656699,0.7649255,0.050358754,-1.385382,-1.5686597,0.68883777,0.38749132,-0.45917782,-0.49810612,-0.81718224,0.43455377,-0.7127158,-0.25239223,0.19175243,-0.052486535,0.77659136,1.5924406,-1.155014,0.28902343,0.5615638,0.99228746,0.46115637,0.54534245,-1.0403087,0.008039176,0.2634197,-0.9152054,-0.53103924,0.40116504,-0.67514247,0.97485334,-0.6682014,0.07571735,0.15224086,-0.96266896,0.026378706,-0.14014988,0.89983135,0.6084582,1.7786721,0.18127976,-1.253753,-0.09740737,0.1428792,0.46168992,0.28995708,-0.102692805,1.2755166,0.37028036,-0.31017688,-0.17684917,-0.43388402,0.49180523,0.06058834,1.0690914,-0.35180536,0.7560232,0.7321891,-0.85974294,-0.7909067,0.13798921,-0.32119596,-0.95417196,-0.72055554,-0.8386875,-1.7607204,0.4127291,-0.4502318,0.34773517,-1.0577427,-0.67006713,-1.4575834,-0.42560995,0.39847624,-0.8943267,-0.55843645,0.37971964,-0.16745126,0.19424558,-0.5569456,-0.03778268,0.40430057,0.8670211,-1.636961,0.70811987,0.5262535,0.5808225,1.0916985,0.055211633,1.0673443,-0.45521918,0.4492838,-1.6749691,0.6291405,1.024259,-1.6847452,0.8167209,0.41005585,0.25878748,0.42690587,-0.69107205,-0.1389727,-0.59848076,0.034456987,-0.10530466,-1.3241073,2.0646904,-2.021179,1.2572635,-1.0155882,-0.2962572,-0.30565017,-0.64406115,-1.5873133,1.4114109,0.38244477,0.14414339,0.2827466,-0.13041036,0.01749455,0.41607368,1.3249918,0.48821518,-0.6863449,0.8295054,-0.6184481,-1.3914973,0.7003394,1.1994029,-0.7968287,-2.306245,-1.3815039,-0.43131986,0.9732137,-1.0470618,0.19666408,1.1751581,-0.16334014,0.8760493,-1.3223329,0.6870663,-0.0032407742,-0.9122036,1.2779764,0.20967066,1.4022245,-0.8006311,-0.31353977,0.9449876,-2.2685335,-0.62064296,-0.46488476,1.7366819,0.13457088,0.09961257,0.65777373,0.083018795,-0.78545004,-0.48276582,0.47648096,-0.2692954,1.656855,0.5396988,-0.55419177,1.7255616,0.93353766,0.62945956,-0.6639109,-0.32492748,2.005082,0.44555554,-0.30628988,-0.51509666,-0.53718776,0.21925879,0.028792908,-0.094941504,-0.84672785,-0.5119823,0.8336392,0.94798374,-1.5224551,-0.89537936,-1.1075011,-0.02227954,0.9691399,1.5559049,1.6580877,0.3612653,-0.86301064,-1.9972149,0.392948,1.1381665,-0.43493152,0.7637475,-1.5860845,0.34070873,0.41641405,-0.61737293,-0.54070795,-1.7182903,1.5117117,0.15043844,0.39191785,1.9109472,-0.59729147,-1.217568,-0.057403445,1.3763299,0.17988229,-0.47184154,-0.34658322,1.0462523,-1.2934273,1.3041707,-0.074451305,0.18571372,0.1630402,-0.09273615,0.966208,0.49505785,-0.9826603,-1.1690975,-0.22129564,0.8147165,-1.1424978,-0.73880744,0.4354826,-1.6763825,0.69960076,-0.8704562,-0.26778758,-0.042320598,-0.77712685,-0.668592,-1.0133244,0.19714534,-1.1338128,-1.2332897,-0.16265182,-1.0051587,-1.5069128,1.384221,1.384263,-1.4917508,0.24974811,0.33559683,0.29292747,0.70052123,-0.05277896,-0.3537344,0.5202308,-0.49994346,-0.13780095,-0.4344925,-0.91982776,-0.46735212,0.10513353,-1.3913692,-1.2826338,1.0356389,1.5137194,-1.5631737,-0.4332231,-0.05545936,-0.97868615,0.37546453,0.44329622,0.43489742,0.1407461,-0.64456606,-0.50400156,-0.20264776,1.3317461,0.21236463,-0.5023594,0.5386643,0.38161755,-0.22785191,1.5680183,-0.056340624,-0.27442726,0.7845717,0.107289724,-1.3775355,0.20937367,-0.40640756,0.182561,1.1501881,-1.7855324,-0.7452045,1.6656932,-0.7737791,-1.2530237,-0.17255794,0.30110863,0.16888328,0.5592382,0.4107436,1.8454704,1.4274093,0.20606883,1.4809703,-0.97468966,-0.6874477,-0.67783993,0.10092321,-0.86771363,-0.99502414,0.95308083,0.7178218,2.1905396,-0.63052684,0.29566678,0.5472319,-0.8707668,-1.0367985,0.5072317,0.34287974,-0.5811367,-0.44212165,-0.00064315397,-0.6466265,0.12242008,-1.7574072,-0.6432895,0.21764027,0.3125058,-0.39413223,-0.43580452,0.33980584,0.016891042,-1.0343735,0.60870844,1.1574885,0.6872022,-0.19144203,-1.1580435,0.02533102,-0.85834056,-1.6849233,-0.25887278,-0.46462807,-0.38684022,0.10032412,-0.45216218,-0.023115734,-1.1165767,-0.3394939,1.2637566,-0.01096793,-0.11438323,-0.54835516,-0.35959136,1.8827549,-1.1626543,-0.2513335,1.1444248,0.50628597,-1.5705339,-0.012649823,-1.0805345,-0.84078234,-0.78787565,0.29161143,0.21127881,0.48010135,0.00029297173,2.2013648,0.27813044,-0.47366455,0.0015997887,0.06566056,0.3950039,0.60911506,-2.2316983,1.207088,-1.0300642,-1.8498178,0.0667288,1.113068,-0.11610216,-0.09990508,-0.6944205,0.60279423,0.93306947,-0.9401086,1.4778447,2.0103114,-0.04870611,-0.07658157,1.3109442,0.03900059,-0.7351112,-0.039668012,2.805069,0.5886001,1.0709748,-0.9856654,-0.65978557,-0.07676401,-0.33880958,-0.48032388,-0.48774883,-0.45913085,0.18860613,0.9711332,-0.008921842,0.8143782,-1.4059714,-0.42128322,1.3874722,-0.89662427,0.09687983,0.46276996,-0.29958543,-1.5275145,-1.2049423,1.0407103,1.1612918,0.17299981,-0.5588718,0.04223789,1.8468065,0.6121193,-0.30643463,-0.4094005,0.6172253,1.2893803,0.69657,-0.32749125,-1.0196401,0.9728923,1.5631942,-0.96351624,0.68312603,-0.98652095,-0.39721695,-2.006201,1.5068799,0.72965604,-0.007836063,1.7903967,0.9753167,0.13125959,0.15848875,-0.55426955,-0.2617999,-0.2635887,-0.65621704,-0.11886882,0.025359511,-0.81245804,-0.3420696,-1.4425896,-0.082335345,0.053017806,0.9769631,-0.6631406,0.15531655,-0.2727254,0.81046504,0.26623666,-0.48741665,-0.34043217,-0.07609912,-1.3517934,2.212011,1.3000959,0.21856362,-1.8627291,0.2886943,0.7355514,0.0039323173,-0.6865167,0.22197877,-0.06419122,-1.3906168,-0.027977074,-1.3662761,-0.6362206,0.65576124,1.4896951,-0.49777225,0.687622,-2.14667,0.87559325,0.48677695,-0.8735797,0.7220704,-0.044687092,-1.0867499,1.9359035,1.048849,0.29793766,0.26502195,1.3732996,0.8965566,0.3910422,-0.3328676,-1.4113246,1.2929741,1.2617611,0.64246154,-0.7043653,-0.05620863,0.6944883,-0.105354376,1.5560223,-0.7977155,-0.112122335,-0.19924347,-0.21560477,-0.90364033,-0.37337437,-1.235569,-0.5832072,-1.3975378,0.35331926,-0.4901755,-0.10674859,0.41781935,-1.2108775,0.5436011,0.29482958,1.2308987,1.1349603,0.28932938,0.42893413,-0.7434611,-0.03138176,-0.8104184,-0.34708798,0.7046914,-1.2035747,-0.11166369,-0.29045576,0.44540596,2.0537407,0.9632676,0.23562808,0.02346786,0.027622998,-0.09428257,0.683219,-0.32900438,-0.5742172,0.43350533,0.041856382,0.1404865,-0.6860855,0.23876733,-0.3375759,0.8374491,0.63025767,0.56698,-0.06714365,1.0538276,1.3180358,0.30589417,-0.7376492,-0.6859223,-0.8559862,0.50913185,1.1514255,-0.7179132,-0.6914644,-1.7977494,0.45673922,0.67097664,-0.10276565,0.18913825,0.12688793,-1.5600038,2.8371255,-0.66514885,-0.381511,1.0362048,-0.7190571,0.22780912,-0.017239422,-0.26449463,0.25042105,0.6493149,-0.41596255,0.83717126,0.7122648,0.83129334,0.09495213,-0.9077506,-1.2512354,0.28394705,-0.51044583,-0.39898217,-0.054495025,0.7094326,-0.8698824,-1.8460046,1.405117,-0.17446585,-0.38763055,-0.5239586,1.020542,0.19482805,0.007741245,-0.23478408,-0.18352596,1.2637852,-0.9055957,0.49148706,-0.21942389,-1.1429304,-0.40878567,0.04170311,0.64935154,0.74066335,-0.25663668,1.2601303,0.55157185,0.47186217,-0.4691923,0.028307756,1.0673064,-0.91820884,-0.18316959,0.06500945,0.83899957,-0.21671802,-0.6322455,0.23937553,0.13508607,-2.213344,-1.2007269,0.13041729,1.9297462,-1.2801133,0.6870522,0.25623155,-0.62196124,0.26110974,0.49917483,0.4326942,-0.3658973,-1.3296613,1.3662668,-0.23305835,-1.0067844,-0.091141485,-0.6114823,-1.2441036,-0.12769108,-0.32210624,-1.6473831,-1.0743214,-1.6557604,1.3429369,0.55734795,-0.8897093,-0.9844919,-1.486136,-0.12301312,0.32933322,1.3610054,0.34791628,-0.48244855,-0.98509294,-0.93319017,-0.64244753,-0.8617048,-1.1043955,0.67902845,-0.32840183,0.6275646,0.7462249,1.6677867,0.3040008,0.65747964,-1.3251094,-0.32992202,-0.45617476,0.5528085,1.2605925,0.61122006,-0.2090047,0.6026234,-0.03666517,0.550143,-0.2022634,-0.44973215,0.6565308,0.10163582,1.1271785,0.24404776,2.2953281,0.37209275,-0.6850776,-0.9026639,-0.021183753,0.22150056,0.23374073,-0.6742699,-0.57685703,0.16414669,-0.3296742,-0.5179809,0.38065174,-1.1835127,0.2749667,0.956768,1.4352671,-0.08264608,-0.019023681,-0.20587926,-1.3600267,0.6488746,0.87918377,-0.0020599365,0.0008693437,0.46843377,-1.5314959,1.7834975,-0.19096725,1.2452852,-0.71294993,0.6215443,-0.113386504,0.93673426,-0.6436247,0.9450616,-0.53832096,-2.24077,-0.43886146,0.20495062,0.7195843,-0.13905722,1.2557893,0.10922232,0.68283015,0.20563108,-0.72277045,-0.5210789,0.82678264,0.93477196,0.26122317,1.357585,-0.8590649,0.49089468,0.9495013,0.5579143,1.3396825,0.081590585,1.2638022,-1.0477437,1.3760446,0.7796614,1.266407,3.0713882,0.63616395,-1.7465712,-1.4087378,1.7692376,-2.576689,-0.2254272,0.39962897,-1.048612,0.95997095,-0.80047154,-1.009952,1.7227588,0.654638,0.068031855,-1.4445187,-1.6570545,1.282488,0.8328452,-0.33702552,0.023572667,-0.7457041,0.1753339,-0.20898278,-0.78719634,0.6672189,0.40257,0.9431491,1.3561954,-0.3684027,0.60512847,0.23621367,-0.4700936,-0.114162095,0.74108696,-0.79587287,0.33669534,0.51354605,-0.1874023,-0.65779763,0.18188222,-0.6488511,0.8711548,-0.2620979,0.49029294,-0.006886117,-0.6449444,0.123116575,-0.36235812,0.47299555,1.130884,1.9204575,0.61285764,-1.654849,-0.15859084,-0.0014534792,1.0631224,0.46512088,-0.033753753,0.48363152,1.0291837,-0.50765395,0.35891536,-0.43429098,-0.48073888,-0.052023966,0.7239159,-0.13003139,0.16679782,0.39654326,-0.3294941,-0.8613908,0.1122849,0.80495405,-0.34917045,-0.45788917,-0.30526373,-1.1194154,0.05780452,0.3496412,0.4042125,-0.37667525,-0.6111556,-1.1558923,0.43945917,0.70265293,-1.9535885,-0.11301573,-0.4883313,-0.2566776,0.2570475,-0.17850661,0.29892436,0.49779165,0.2705915,-1.2331879,1.5756472,-0.19601655,0.4906151,1.1095124,-0.02052536,1.1763262,-0.43143478,0.3598988,-1.076995,0.48875058,0.49071133,-1.5452052,0.8007758,-0.9089866,-0.5387884,0.4264649,-1.2147712,-0.44388226,-1.1074818,0.28197584,-0.29790413,-1.598639,1.9694982,-1.5286621,1.5285392,-1.6044029,-0.029440582,-0.64047456,-0.31430224,-0.5311695,1.0926634,0.41600522,0.35020852,1.0253528,0.22607423,0.68030006,0.5597947,-0.030639008,1.2577313,0.25730756,0.6078366,-1.0705284,-1.8691335,-0.10042132,0.7811379,-1.1493024,-1.2312139,-0.8373578,-0.576723,0.32859233,-0.4730498,-0.4235272,0.47832003,-0.23999076,0.7161517,-1.0303296,-0.39493033,0.27903426,-0.7381079,1.6578401,-0.4437002,1.3715047,-1.1295341,-0.2984876,0.5495383,-1.4336314,-0.20412958,-0.12137594,1.5472159,1.1075721,0.6115693,0.3852704,0.74385214,-0.53994685,0.26386952,1.1767422,0.123371065,1.9856228,0.5700041,-0.926168,1.2909038,0.033946168,0.5474226,-0.05098629,-0.5538201,1.9654237,-0.19169217,-0.57134706,-0.02219061,0.32275358,0.11877519,0.47678146,0.79385585,0.7028102,-0.048545446,0.47406682,0.6338895,0.1929368,-0.8107396,-0.77704614,0.43066025,1.2266442,1.146335,1.8231095,0.21054871,-0.73591137,-2.0188189,0.33888242,1.1607558,0.4079651,0.36952436,-1.6462278,0.5703913,-0.0685279,-0.02801685,-0.8544564,-1.2070507,1.4152244,-0.07570752,0.6204656,1.6746758,-1.0194848,-1.6100864,-0.23428714,0.17212208,-0.5939368,-1.3550106,-1.2255768,0.279173,-0.6479654,1.1650344,0.5560309,0.88018113,-0.49689305,0.13341628,0.5638493,-0.057315543,-0.98028845,-0.4700353,0.07011113,0.50178975,-1.4218035,-0.35617962,0.51555604,-1.76503,1.0312135,-0.03465529,-0.2631276,0.13487364,-0.3404992,-0.92164683,0.24162394,-0.17281143,-0.5039318,-1.2207745,0.2976242,-1.7753229,-1.4379724,1.0449318,1.1370205,-0.9397891,0.39660117,0.53998715,0.18582465,0.51921207,-0.4464668,-0.4849886,0.42698207,-0.5154651,0.031025857,-0.26916784,-1.0211178,-0.21279521,0.4012368,-1.3191365,-1.0853533,1.5271391,0.52399594,-1.543971,-1.1063792,0.034999706,-0.7319893,0.7371335,0.4299326,0.04797326,-0.4302586,-0.80788356,-0.19850385,-0.0052091777,0.75702137,0.057522815,-0.41721293,0.23119026,-0.4102318,0.70166636,1.4564956,0.35537648,1.4272871,0.81842947,0.10697486,-0.5990348,0.5394568,-0.12303007,-0.71918184,0.56185716,-1.1016293,-0.62036633,1.3496885,-0.52263707,-0.7859988,-0.017892167,0.879939,-0.53400683,-0.31849694,0.41024038,1.1183327,1.3242345,1.0666112,1.399686,-0.32375777,-0.6468132,-0.5579708,-0.16639674,-1.1568494,-0.7033129,-0.36845168,0.80307317,2.2723114,-0.21633649,0.52909565,0.39613366,-1.2082638,-1.1322085,0.44466376,0.38069013,-0.34176838,-0.39808437,0.41557944,-1.4222779,-0.3940108,-1.7242326,-0.5732856,0.14529952,0.92988706,-0.88920355,0.21062307,1.0293252,0.5030778,-1.2667354,-0.07239573,1.0490569,0.87046856,-0.27006564,-0.93964297,0.047630902,-0.8970113,-1.4936918,-0.6971658,-0.8382177,-0.8738019,0.18785577,-0.27829787,-0.59531826,-0.59438735,-0.5161128,1.4546407,0.08191205,-0.55532795,0.46821713,-0.84222364,1.3941685,-0.6026185,-0.31990144,1.3862532,0.18291692,-1.4769311,0.6458987,-1.555905,0.76946455,-0.54990906,0.6082353,1.4646038,0.511097,-0.4363017,1.5631787,-0.56580395,-0.56272125,-0.5766385,-0.08355188,0.028036723,0.46564186,-1.8065323,1.0866429,-2.1780636,-0.45719242,-0.43016386,0.5202544,-0.60100865,-0.19162971,-0.33087322,0.82430714,0.82773334,-0.81097007,0.6149854,1.8954716,-0.640592,-1.1836746,0.61210734,0.14353833,-0.48399067,0.05802399,2.4458344,0.96336716,1.0177449,-1.350204,-0.6614706,0.64525545,-0.5042879,-1.076597,-0.9142359,-0.25638407,0.21137325,0.105578035,-0.4158524,0.86766785,-0.49244568,0.40893593,0.70491314,-0.84590477,-0.31963226,0.27778265,-0.535619,-1.43042,-1.638741,0.009569377,0.97984004,-0.6240051,0.35913312,0.7638746,1.0973579,1.0141832,-0.4331287,-0.83760685,0.3565786,0.950692,0.9871695,-0.88851,-1.2592853,0.826152,0.6970064,-0.16354032,0.35701904,0.59670365,-0.66891557,-1.6772747,1.004418,0.6897216,0.037019696,0.72774625,0.34809396,-0.33415413,0.37277445,-0.3925945,0.48621893,-0.47806844,-1.07698,-0.20041949,-0.18333615,-0.92121935,0.39847517,-0.4764949,0.45212469,-0.59349555,0.3217799,-1.8551493,0.5438964,-0.13815223,0.49719957,0.3090332,-0.059345704,-1.2001898,-0.5832358,-0.547775,1.4681898,1.1010946,-0.031111559,-0.81141615,0.16987889,1.1479248,0.49169537,-0.5621325,0.43471554,-0.016781827,-0.780819,-0.07338131,-0.9425812,-0.8912867,0.35686707,0.3696474,-0.9430737,1.3290037,-1.8051339,0.83967733,0.02221497,-1.6131397,-0.12975757,0.07580397,-1.0455569,2.037214,1.5700941,0.022684554,0.055147517,0.7634886,1.2589978,-0.5750827,-0.1520518,-1.5822687,1.2406172,1.2861367,0.541234,-1.403958,0.19030456,0.85043555,-0.5382996,1.2349873,0.19996195,-0.22204727,-0.60060793,-0.7097475,-0.45736814,-0.6824973,-0.74137235,0.30380523,-0.8891518,-0.084829144,-0.17143674,-1.0942842,0.37365448,-0.52752537,-0.26333758,-0.09554678,0.62559813,0.23782597,0.74863213,0.2559676,-0.8637065,-0.26279393,-0.67212695,-0.7926853,0.60453206,-1.0270292,0.3600588,0.22843331,0.99413663,1.6037521,0.31859437,-0.58556384,0.3246871,-0.24325079,0.43529406,0.035274882,-1.447626,-0.6850116,0.030810753,0.7680173,0.5620277,-1.3427444,-0.22586215,-0.23616338,0.3963929,0.03797989,0.25039417,0.090225935,0.55282766,1.8711048,1.0221514,0.06696952,1.0
ド,0.0455315075814724,1.1175543069839478,0.2325765341520309,-0.321958839893341,0.747614860534668,0.5107995867729187,0.1951319724321365,0.0109812263399362,-0.3303559720516205,-0.0902393981814384,0.3311777114868164,-0.0015401996206492,-0.4198918640613556,-0.3242538273334503,0.4574458003044128,-0.4273644685745239,-0.4099558293819427,-0.2057999372482299,0.1019970253109932,-0.6086897850036621,-0.4500450491905212,-0.3549587726593017,-0.2984206676483154,0.3724991083145141,0.3646463751792907,-0.5112116932868958,-0.0615701936185359,0.322499930858612,0.2217138558626175,-0.7518659234046936,-0.013034900650382,-0.961925446987152,-0.2461553066968917,-0.1083445623517036,-0.616706371307373,0.2940328121185303,-0.0627324879169464,-0.0504684746265411,0.3318443894386291,-0.1417364776134491,0.0870209857821464,-0.2001831233501434,-0.1663881540298462,0.1271122843027115,-0.1487127691507339,0.4606211483478546,0.2230027168989181,0.7755510807037354,0.3539197444915771,-0.2195370346307754,-0.2516695261001587,0.5801104307174683,0.1614971309900283,0.3065470457077026,0.4126994907855987,-0.115309439599514,0.6868404150009155,-0.6642836928367615,-0.1219765618443489,-0.0832865089178085,-0.672163188457489,-0.4823794364929199,-0.4391419887542724,0.0809119865298271,-0.353929340839386,0.4284028112888336,-0.4964272081851959,0.5209512710571289,0.3448817729949951,-0.4056634902954101,0.1556282937526703,0.015681667253375,-0.5535604953765869,-0.3538996279239654,0.5106313824653625,-0.2079082578420639,0.781936526298523,-0.5400033593177795,0.1527150273323059,0.1549205780029297,-0.3537373542785644,0.4766199886798858,0.1141009628772735,-0.6124151349067688,-0.285712718963623,-0.147426500916481,-0.943577527999878,-0.965062379837036,0.4605044424533844,-0.2851279973983764,-0.2084430009126663,0.4805363118648529,0.0270960107445716,0.4443755447864532,0.124381810426712,0.2169470191001892,0.2405572235584259,-0.4318039417266845,-0.1268830895423889,0.1476866751909256,-0.2157085686922073,0.1000795736908912,0.5205799341201782,-0.1787111312150955,-0.0807533785700798,0.4914059937000274,-0.3109026849269867,0.5696818828582764,0.0987765863537788,0.343720942735672,-0.140485405921936,-0.6204702258110046,-0.3938969373703003,-0.0563206486403942,0.112670823931694,-0.0525189004838466,-0.1389060914516449,0.7540714144706726,-0.4682648777961731,0.4741203188896179,-0.1119724586606025,0.2145509719848632,0.0024005062878131,-0.5455455780029297,-0.1418904960155487,0.4550658762454986,0.3628882765769958,-0.0300867315381765,-0.0249312203377485,-0.3261997401714325,-0.2329958379268646,-0.2681523561477661,-0.048154067248106,0.3386151492595672,-0.6891162991523743,0.389741986989975,-0.1611758768558502,0.2854285836219787,-0.1872318089008331,-0.3448472321033478,-0.3351587653160095,0.1142513379454612,0.5946415662765503,-0.5951827764511108,-0.2751908004283905,0.4201895594596863,0.0940943956375122,-0.5694199800491333,0.2704859375953674,0.3653586208820343,0.0055153667926788,1.1025208234786987,-0.7917729616165161,-0.2900809943675995,0.4765264689922333,0.2501073181629181,-0.3622004985809326,-0.0411701537668705,-0.0145468544214963,0.8144916892051697,0.0086846826598048,0.0034729908220469,0.2122578620910644,0.4267374277114868,0.0706742405891418,0.532699704170227,0.706891655921936,-0.1886726021766662,0.234730988740921,0.5825573801994324,0.3376866281032562,0.2605981826782226,-0.1750976145267486,-0.3822024166584015,0.176600381731987,0.2468520998954773,0.7394819259643555,0.0187200158834457,0.5617770552635193,-0.3733085989952087,-0.3516234159469604,0.0832774639129638,0.4029149115085602,-0.9025039076805116,0.7073366641998291,-0.0121645107865333,0.1551996171474456,0.2909378707408905,-0.3799813389778137,0.0420105718076229,-0.10633285343647,-0.1208904534578323,-0.2279907464981079,-0.5231273770332336,-0.3769713044166565,0.1654401272535324,0.3231292068958282,0.3302077054977417,-0.5134289860725403,0.3677839040756225,0.1659961193799972,0.2965326309204101,-0.4662032127380371,-0.8117588758468628,-0.80178302526474,-0.327615886926651,0.2715726196765899,0.4000090062618255,0.3103974163532257,0.1142814382910728,-0.0672237575054168,-0.0680930614471435,0.3739965856075287,0.0351493619382381,1.0818688869476318,-0.2299467176198959,-1.188935160636902,-0.7127354741096497,-0.0195729825645685,-0.3283471465110779,-0.1624859422445297,0.0581881217658519,0.4633974730968475,-0.0989036634564399,-0.0756534710526466,0.4224700331687927,0.7586838603019714,-0.013124463148415,-0.1838424652814865,0.4147783517837524,-0.2774235606193542,-0.7323428988456726,-0.8953189253807068,0.1463925540447235,-0.5188272595405579,0.2326965034008026,0.0514056608080863,0.5127249956130981,-0.0208409391343593,0.626272439956665,-0.1199624091386795,0.2503420114517212,0.4029049277305603,-0.4225622415542602,0.2435778081417083,0.0915516540408134,-0.3765914738178253,-0.0926035866141319,-0.1812033802270889,-0.3659915030002594,-0.7283136248588562,-0.5407643914222717,0.0818124115467071,-0.1253870129585266,0.3475573658943176,0.6984785795211792,-0.0986943244934082,-0.0126807428896427,0.1139702722430229,-0.1949403136968612,-0.5877236723899841,-0.8357660174369812,-0.2662153244018554,0.3991923630237579,-0.0262882616370916,0.0698470845818519,0.2777641415596008,0.0545241571962833,-0.23258838057518,-0.578888475894928,-0.0094529902562499,-0.5434525609016418,-0.5668824911117554,-0.2209994792938232,-0.5421855449676514,-0.1018156111240387,0.2533567249774933,0.5667189955711365,-0.1356098651885986,0.2619675993919372,-0.0285428762435913,0.8782750964164734,-0.5517147779464722,-0.146154299378395,0.0940372496843338,-0.0941233485937118,-0.2543298602104187,-0.7309643030166626,-0.94452166557312,0.2082440257072448,0.1728475242853164,-0.1896143108606338,-0.3169149160385132,-0.0717748180031776,-0.7129061818122864,0.4769045114517212,0.2165798842906952,-0.2841429412364959,0.2911025285720825,0.1104235351085662,0.6535633206367493,0.4119903147220611,0.4196681678295135,-0.1488365828990936,-0.721823513507843,-0.4044329226016998,-0.2541827857494354,0.5500367879867554,0.0790183246135711,-0.2650423049926758,0.3598866462707519,0.8038336634635925,-0.3302856385707855,-0.1558562666177749,0.9207034111022948,0.2734770774841308,-1.4805554151535034,-0.20988330245018,0.985985279083252,0.4445755183696747,-0.3682593703269958,0.5194039940834045,-0.0520439781248569,0.1651623547077179,-0.1760438978672027,-0.5381021499633789,0.7421826720237732,-0.2759897112846374,-0.2503120601177215,-0.2474103569984436,0.1037688180804252,-0.0315879210829734,0.2600655555725097,-0.3549881279468536,0.4377956390380859,0.3691094815731048,-0.9823299646377563,-0.0429556705057621,0.337161660194397,-0.0554540641605854,-0.0780307948589325,0.329323261976242,0.3200457990169525,0.308395504951477,-0.5041836500167847,-0.2367658019065857,0.1196507439017295,1.2129497528076172,0.4747537076473236,0.4973355829715729,-0.08211200684309,-0.3805084824562073,0.5109261870384216,-0.0198383629322052,0.1543348878622055,-0.2962080538272857,0.0167447347193956,0.0860470682382583,0.1681884676218032,-0.1648395657539367,0.4233582317829132,0.014312726445496,-0.2774331569671631,0.2300112545490265,0.3627772927284241,0.2595144510269165,0.6917176842689514,-0.1108885183930397,0.2757092118263244,0.4162983000278473,0.2543519735336303,0.0960005894303321,0.0329575538635253,-0.0581822544336319,0.2166727632284164,-0.2640514075756073,0.0254324041306972,-0.3626424074172973,-0.1788670867681503,0.310761034488678,-0.1030682697892189,-0.2656514048576355,-0.0660433024168014,-0.203510582447052,-0.2602041363716125,-0.6521186232566833,-0.1964324712753296,0.0502503626048564,0.1160042956471443,-0.5469347238540649,0.2835505604743957,0.5818809866905212,0.3764885663986206,-0.1376861035823822,-0.2119706571102142,0.2324293106794357,-0.2804586887359619,0.051751721650362,0.5408540368080139,0.0681786313652992,-0.1128862425684928,-0.2368355393409729,-0.2430522143840789,-0.2802642285823822,-0.8585717678070068,-0.6987009644508362,-0.7877196669578552,0.1544900834560394,0.0378914959728717,0.5916378498077393,-0.2830476760864258,0.2721945643424988,0.3836231827735901,0.6063663959503174,-0.4162346720695495,-0.6454130411148071,-0.370604008436203,0.1326417028903961,-0.1516561210155487,0.0063075730577111,0.2567414343357086,0.3211713135242462,0.2618796229362488,0.2725178301334381,-0.3003163635730743,0.3727655112743377,-0.2796677052974701,-0.26469886302948,0.6816144585609436,-0.2631819546222687,0.0282554533332586,-0.0506602562963962,0.0460825599730014,0.793179988861084,-0.4625865519046783,-0.816000759601593,-0.0575939118862152,0.0332432053983211,-0.3448951840400696,0.8198394775390625,0.1982053965330124,0.7849797010421753,-0.0980474948883056,0.1961674988269806,0.0887225568294525,-0.3448120653629303,0.7091010808944702,-0.6765449047088623,0.1678442060947418,-0.0721417516469955,0.5226016640663147,0.3866955637931824,0.5438390374183655,0.167074978351593,-0.2051983475685119,0.0763194113969802,-0.8179563879966736,0.1878270506858825,0.5143283009529114,0.4637903571128845,-0.2112567275762558,0.2533266544342041,-0.3817557692527771,0.2925004065036773,-0.0736772045493125,-0.0582855567336082,0.3245844841003418,0.538300096988678,0.3778060674667358,-0.3393431305885315,-0.5894132256507874,-0.1951863467693328,-0.8908965587615967,0.295145034790039,-0.1338858157396316,0.1021996438503265,0.2980543375015259,0.3325025737285614,-0.5387396812438965,0.2912223637104034,0.1382803171873092,0.3085575997829437,0.0549443624913692,-0.4473009407520294,-0.3002046942710876,0.5777251124382019,0.1796595901250839,0.0394515618681907,0.2074304670095443,0.7313966751098633,-0.5129265189170837,-0.2864033579826355,0.3728856146335602,-0.1205205395817756,-0.0117090791463851,-0.3282413482666015,0.5404403209686279,0.2359071373939514,-0.4130578935146332,-0.0163695458322763,-0.238099455833435,-0.4496550858020782,0.390577495098114,-0.154896393418312,-0.3616662621498108,-0.0063275345601141,-0.1751339882612228,0.3904368579387665,0.7496381998062134,-0.5300766825675964,-0.2817255854606628,0.3076498806476593,0.1623582541942596,-0.2880517244338989,0.2394263297319412,-0.3191624581813812,0.0756315141916275,-0.0280314851552248,0.5383016467094421,-0.0584745071828365,0.2687322795391083,-0.0735778585076332,-1.0887682437896729,-0.1720889955759048,-0.2881066501140594,-0.9145275354385376,0.1733898967504501,0.212015688419342,0.7235971093177795,-0.7805041670799255,0.1405557245016098,-0.4639767110347748,0.1718633472919464,-0.0403306484222412,0.2078387290239334,-0.1134375631809234,-0.8726469874382019,-0.2701577544212341,-0.4019319713115692,-0.9182761907577516,0.5219843983650208,0.010713449679315,-0.595794141292572,0.351455956697464,0.4693972170352936,0.2181684970855713,-0.2674684226512909,-0.2599606513977051,-0.1192156001925468,0.2928438782691955,0.0306437872350215,-0.0915895998477935,0.40849769115448,0.5222240090370178,-0.4919257760047912,0.2041821777820587,0.8309110999107361,0.5288292765617371,0.7856940031051636,0.4861606657505035,-0.1921689808368683,-0.0758914276957511,-0.5126572251319885,0.2845155596733093,0.1906210482120514,0.4560867547988891,-0.3047322332859039,0.1790972650051117,0.0196817889809608,-0.162735179066658,0.2570498585700989,0.9361453652381896,0.220835879445076,0.8452736139297485,-0.0966596528887748,0.0599004067480564,-0.9070988297462464,-0.070899561047554,0.0259755291044712,-0.4935101270675659,-0.2289415448904037,-0.2777734696865082,0.158618688583374,0.0368444509804248,0.3468851447105407,-0.0476304441690444,-0.1037746220827102,-0.1641524732112884,0.3501935601234436,-0.2029095888137817,0.5388820767402649,0.5218778252601624,-0.7199658751487732,0.3785703182220459,-0.1830896139144897,0.3524298965930938,0.7730013132095337,0.1214381754398346,0.4322194159030914,-0.2508563697338104,-0.6101042032241821,0.4246176183223724,0.0548097901046276,-0.0077521675266325,0.4320252239704132,-0.3002508580684662,0.1312854140996933,0.3741210401058197,0.356966495513916,-0.1186246126890182,-0.0393697172403335,-0.8000832796096802,0.2206048965454101,-0.0344235263764858,-0.8080744743347168,0.0020657966379076,0.0473022535443306,0.1757123172283172,-0.2068644315004348,-0.5541287660598755,0.3287437558174133,-0.0238005369901657,-0.0347273163497448,-0.226674735546112,0.3851144313812256,0.1625716984272003,0.1187734901905059,0.3422637581825256,0.6194897294044495,-0.0018338013906031,-0.1326817125082016,0.5439576506614685,-0.122049331665039,-0.373058021068573,0.3414466977119446,0.4075458943843841,-0.0999799445271492,-0.3877361118793487,0.1990829855203628,-0.3446079790592193,0.23886638879776,-0.3227376341819763,-0.4219337403774261,-0.0151335597038269,-0.0628197342157363,0.2550224065780639,0.3456182479858398,-0.0663866028189659,-0.4386299848556518,-0.4689908027648926,-0.1896841824054718,-0.1882172524929046,-0.7868798971176147,-0.2482917308807373,0.4739726483821869,-0.2765526473522186,-0.2791586816310882,-1.2407870292663574,0.3887535333633423,0.1736384928226471,-0.0019299775594845,-0.4556089341640472,0.5018712878227234,0.0257328432053327,0.1036653816699981,-0.1637576520442962,-0.5178689360618591,0.433847963809967,-10.11057186126709,0.0614515952765941,-0.5471542477607727,-0.5841525197029114,0.1625095605850219,0.1765201687812805,0.9392297267913818,0.4491185843944549,-0.2859230935573578,0.0645708069205284,-0.3969210386276245,0.1578892320394516,0.2046604007482528,0.6156607866287231,0.0576042719185352,0.0188562404364347,-0.2821327447891235,0.0188882127404212,-0.4067748785018921,-0.0325595214962959,-0.1903561800718307,-0.3479089736938476,0.8186470866203308,0.3506888151168823,-0.1975292861461639,-0.4104492664337158,-0.1664002686738968,-0.3639521896839142,-0.3628124594688415,0.1205072551965713,-1.09540057182312,1.1438374519348145,0.2032972276210785,0.0598883107304573,0.0553371533751487,-0.1919859647750854,-0.0152093470096588,0.0145486667752265,-0.5308952331542969,0.4766812026500702,0.1706983149051666,0.838994562625885,0.1979933530092239,-0.524232804775238,0.3744852244853973,-0.0277686659246683,0.3910696804523468,0.0195419136434793,0.1713891476392746,-0.3361426889896393,-0.2950870990753174,-0.0116306105628609,0.2424388080835342,-0.2211416512727737,0.2981369495391845,-0.6063294410705566,0.1609453558921814,-0.952497661113739,0.3128738403320312,0.085082970559597,0.4787277281284332,-0.1171562597155571,0.6273343563079834,0.3147062659263611,0.0876415818929672,0.6824437975883484,-0.1288322806358337,0.2484146952629089,-0.320647269487381,0.1929227262735366,0.3816426694393158,-0.1735038757324218,0.0588144361972808,0.0853994190692901,-0.4158560633659363,-0.0712278336286544,0.2573342323303222,-0.0590681284666061,0.6683207154273987,0.0781078487634658,0.3009865880012512,-0.2357814610004425,-0.0986617356538772,0.2432466894388198,-0.7737350463867188,0.0372999049723148,0.0221975389868021,-0.6018051505088806,0.4073432683944702,-0.4908314347267151,0.3369404375553131,-0.2122879922389984,-0.3896515369415283,0.1257895976305008,0.3831341564655304,-0.061175387352705,0.4568758904933929,0.600942850112915,0.3942444622516632,-0.4954294562339782,-0.7313202,-0.9231783,0.8870233,1.5824325,-0.59997916,-0.78412247,-1.1740674,0.23121229,0.87470317,-0.6617525,0.16912831,0.22015518,-1.6230477,2.437616,-0.31398472,-0.016906822,1.0863152,-0.7095568,0.28066352,-0.5548551,0.2616668,0.2937183,0.93733495,-0.8932766,0.7461489,0.6080242,0.75634694,-0.27122402,-0.30553207,-0.86374,0.04649417,-0.6243467,-0.80709684,-0.47380418,0.242662,-0.8663826,-1.1345192,1.4576815,0.08413975,-0.67768365,-0.8322653,0.5641612,-0.21587482,-0.21036983,-0.3909293,-0.107180074,1.7614503,-0.67979693,0.5984409,-0.28294218,-0.52442235,-0.43076524,0.4444337,0.94625646,0.65973467,-0.17599368,1.3014582,0.92078835,0.1321333,-0.708716,0.328458,0.8575087,-1.0978303,0.4073599,0.5116902,0.89163953,-0.17388333,-0.2753482,-0.17189589,-0.83738977,-2.6412559,-0.8725159,0.07801481,1.0747948,-1.2833298,0.47949722,0.1976652,-0.27223033,0.41553667,0.0894737,0.08447214,0.17447577,-1.222733,1.4611663,-0.9998268,-0.83259237,-0.78472656,-0.07650231,-1.0528387,-0.20886225,0.2858837,-1.454165,-1.5225123,-1.1931673,1.0605553,0.06284892,-0.83834547,-0.85889876,-1.4242667,-0.40515414,0.47668913,1.2641793,0.040037382,-0.19923253,-0.9394865,0.07911975,-0.49208543,-0.30607322,-0.8781102,0.70750576,-0.20961027,0.5782476,0.55722964,1.4479051,0.9385735,0.48829487,-0.90330637,-0.5965993,-0.7756762,0.13933001,1.0044502,0.52424043,-0.96520895,0.7613577,0.5464515,0.8336108,-0.22776984,-0.7360121,0.91721934,-0.14749171,0.42702353,-0.81478256,1.4454906,0.99245304,-0.73228,-0.65721613,-0.83683985,0.20243111,0.14049117,-0.6187446,-0.7519125,-0.04857632,-0.32418352,-0.13284743,0.39050353,-1.9967998,0.030882271,0.9651713,0.96016365,-0.117513515,-0.2469278,-0.442946,-1.2929826,0.5170904,0.73592466,0.015790554,0.118660495,-0.08639465,-1.2488508,1.3980302,0.3670728,0.98465693,-0.92735094,0.275378,-0.47226876,0.68858683,-0.6359572,0.8023886,-0.7282873,-2.2257748,-0.5029141,0.16102688,0.51701975,-0.17713003,0.33868316,-0.23290707,0.7228101,0.01971324,-0.88765025,-0.04949535,0.7807071,1.1299254,0.44215524,1.317898,-0.085059516,0.5386965,0.48228294,0.4836744,0.691369,0.1600572,0.81946355,-0.57486516,0.5065152,1.3122083,0.9643904,2.4500418,0.46194965,-1.4142051,-0.8942244,0.8889466,-1.9913543,0.1720098,0.9186977,-0.30455604,1.3660331,-0.34660426,-0.66572326,1.755138,0.63623816,-0.2943445,-1.0543345,-1.116167,1.3422784,0.08448728,-0.7349247,-0.033514097,-0.60915864,0.3103012,-0.15948851,0.1267543,0.24495944,0.26876816,0.28109697,1.4426204,-1.3394189,0.5252956,0.74703544,0.24573474,0.12553114,0.6720398,-1.1689864,0.5365778,0.35296258,-0.22173066,-0.39079934,0.56451666,-0.117067605,0.88461894,-0.2939948,0.42592385,0.34222248,-0.76762766,0.2429419,-0.18212515,0.80110115,0.8137594,1.8635751,0.29713193,-1.3560205,-0.027884906,0.28595164,0.872386,0.17926195,-0.059009947,0.9693562,0.70286167,-0.70229465,-0.053629216,-0.5989693,-0.14272018,-0.13343006,0.85101604,0.35178965,0.24695821,0.6043907,-0.42145035,-0.36054137,0.0032146708,-0.029467361,-1.275715,-0.7827582,-0.41676143,-0.9370037,0.031496372,-0.10382886,0.41840258,-0.9796811,-0.83130413,-1.2429475,-0.036064114,0.694883,-1.3964261,-0.16264501,0.025125878,-0.35286757,0.58961034,-0.064733624,-0.0008656355,0.21692182,0.74916816,-1.1920822,1.4282312,0.24067608,0.39485744,1.2578593,-0.018064,0.9096274,-0.8583853,0.74914396,-1.136021,0.8506395,0.81102735,-1.0124228,0.636639,-0.2914868,-0.035022154,0.8012062,-1.407637,-0.2355784,-0.56721455,-0.06956574,0.044147633,-1.4669994,2.102482,-2.1212077,1.4115937,-2.0085375,-0.6129107,-0.592307,-0.37672958,-0.9682553,0.5703849,0.8359609,-0.06949174,0.8727411,0.06629422,-0.055535544,0.12956929,0.5835384,0.68510747,-0.33196124,0.78222233,-0.50377786,-1.2726271,0.23425384,0.8549734,-1.0647198,-1.524348,-1.2117654,-0.3265516,0.58491415,-0.22819047,-0.128398,0.96124935,-0.28037006,0.7468309,-0.97870106,-0.242281,0.16292757,-0.8927379,1.192956,-0.06531088,1.2801474,-0.9402664,-0.6154352,0.91492444,-1.904737,-0.34659693,-0.39773834,1.4226289,0.52780384,0.0092127,0.43342197,-0.2141859,-0.70888305,0.014857964,0.8360001,-0.35478163,2.0523558,0.5330338,-0.651554,1.4767976,0.2829345,0.50993866,-0.5795915,-0.20157103,1.7262534,0.15812631,-0.4553027,-0.5701134,-0.55909103,0.21686433,0.11813557,0.38715017,0.40931094,-0.19444662,0.7465622,0.5565729,-1.1992495,-1.0358278,-0.38310096,0.288789,1.178437,1.302361,1.4172915,-0.14120163,-1.1937222,-1.5279098,0.6863796,1.1083169,0.081824146,0.48144487,-1.6057569,0.3206756,0.34487098,0.09101517,-0.9211485,-1.91996,1.8031826,0.32540908,0.8841636,1.4584548,-1.1658124,-1.7253671,-0.26091427,0.5175453,-0.37646896,-1.0589844,-0.48619512,0.70892733,-0.76800656,1.3777413,0.6011118,0.34183362,-0.02140667,-0.23279819,0.591353,0.5809899,-0.6967344,-0.8681502,0.025958328,0.47035894,-0.925785,-0.61658186,0.58479506,-1.9010735,0.43812886,-0.550224,-0.7378579,-0.0065483344,-0.54108167,-0.70960003,-0.5100617,0.1926474,-0.9120752,-1.0109136,-0.061010502,-1.3638759,-1.732018,0.9189058,1.355842,-1.1816297,0.17378843,0.4380709,0.5428324,0.7264912,0.048986033,-0.31511796,0.7330782,-0.57902235,-0.64077896,-0.7123994,-1.4378206,-0.67183256,0.20541762,-1.1030321,-1.4182931,1.4161233,0.8916269,-1.8670384,-0.99359757,0.027980555,-0.99030966,0.33225152,0.67662764,0.16184622,0.025079554,-0.73568285,-0.13526386,-0.16264988,0.743199,0.2014367,-0.018712103,0.60948694,-0.032618698,0.036774307,1.5050281,0.49846876,0.5565105,0.9198105,0.19195546,-0.66191804,0.6494579,0.3580924,0.0032168387,0.9323421,-1.1849514,-0.7777803,1.0847634,-0.5326251,-0.8790966,-0.23607594,0.32568252,-0.2975986,0.063631006,0.6908542,1.3727163,1.2467432,0.803677,1.4299936,-0.48746487,-0.7456755,-0.70000577,-0.023056306,-0.8008617,-0.632639,0.32321823,0.71413463,2.161989,-0.68644196,-0.2546061,0.61585385,-0.7467749,-0.94744587,0.48541337,0.62403524,-0.7830997,-0.83586496,0.36995503,-1.4427233,0.24350339,-1.7585812,-0.9049057,0.37772486,0.8530764,-0.5200905,-0.086295106,0.63490766,0.3599624,-1.1438733,0.4413906,1.142007,1.3064784,-0.12229719,-1.0057589,0.47279313,-0.64009655,-1.3280272,-0.3087389,-0.8853325,-0.48866227,0.044304486,-0.36874112,0.1004005,-0.8619921,-0.33610383,1.5473533,0.37237403,-0.37347394,0.092518926,-0.63429546,1.7018178,-0.2450034,-0.2837076,0.7487323,0.9210257,-1.3557006,0.394662,-1.1971208,0.41279384,-0.6547809,0.94749427,0.4886283,0.7256351,-0.3344158,1.5477239,-0.22379535,-0.5045316,-0.48289612,0.6358359,-0.30380803,0.64696956,-2.2773986,1.1377926,-1.2141895,-1.1492728,0.42119303,0.56040806,-0.22112307,-0.24283805,-0.27623627,0.6367187,0.54665333,-0.9947536,1.0233954,1.5456328,-0.746499,-0.61447287,0.85436034,0.4425929,-0.56606793,-0.075190336,2.9346387,0.18666124,1.1793385,-1.1453195,-0.5993992,0.42822486,-0.16434486,-1.223359,0.0047544595,-0.62428975,-0.009979752,0.32407942,-0.49018434,0.76437134,-1.0100975,0.18954329,0.9809082,-1.1100701,0.29120758,0.49117514,-0.66395867,-1.3325881,-1.3096823,0.5131101,0.6276873,-0.6254005,0.122479275,0.24877873,1.5896329,0.8381382,-0.50297505,-0.61436653,1.0840869,0.779838,0.7362023,-0.27328613,-0.7228138,0.4628123,1.4589986,-0.3546034,0.84272176,0.122565344,-0.4308963,-1.8257698,1.030946,0.50345284,0.19608814,1.1613649,0.64647377,-0.4855479,0.54448086,-0.55287117,0.24406527,-0.37463138,-0.7548941,-0.006841963,0.2978742,-1.0513773,0.27123284,-1.0705736,-0.12177649,-0.015194449,0.9515911,-1.140573,0.3463233,-0.2553963,0.5621339,0.35946158,-0.35659802,-0.8534331,-0.17025092,-0.5639116,1.6961141,0.7865481,-0.012869754,-1.6960565,-0.117535755,0.9615997,0.47392753,-0.46059752,0.19199182,-0.12283555,-1.1917735,-0.08374723,-1.0327395,-0.6690684,0.43018046,1.3435559,-1.1348826,1.3090347,-1.701289,1.0126684,-0.0063315523,-1.0986311,-0.057402257,-0.010604528,-0.7206002,1.9774262,0.9790189,0.006532317,-0.13429853,1.0317801,0.99674565,-0.11308417,-0.32370207,-1.6634827,1.1959666,1.2307559,0.58727175,-0.9513647,0.045569584,0.19908875,-0.5058946,1.569789,-0.5177203,-0.42997646,-0.37732,-0.3463461,-1.3482623,0.136684,-0.7980188,-0.30500472,-1.3789929,0.5323405,-0.37662297,-0.7316751,0.82786447,-0.5971277,0.55536824,-0.10845676,1.2667956,0.7495665,0.61911696,0.40836373,-0.80911344,-0.24377109,-0.89803314,-0.50078964,0.9789253,-0.76888484,0.24083099,0.27381995,1.0090029,1.3748142,0.65533024,-0.4534228,0.6081159,0.09858349,0.08989433,-0.01220784,-0.5002366,-0.58089465,0.2233294,-0.14684364,0.7681063,-1.5595498,-0.06728783,-0.17909543,0.6668616,0.6509558,0.71107924,-0.25765207,0.5270472,1.5287528,0.5353983,-0.58274335,-1.1857026,-0.8637093,0.46768522,1.5471761,-0.43110317,-0.49380273,-1.064019,0.5466855,1.2029387,-0.9639126,0.5545145,0.099267244,-1.7471817,2.2480369,-0.7222988,0.16222191,1.253295,-0.3250737,0.5542811,-0.47578353,0.97667015,0.64754057,0.98493385,-0.8290483,0.45869836,0.39324015,0.444122,-0.8484561,-0.27675217,-0.4577747,-0.34418893,-1.3149899,-0.8003289,-1.0089883,-0.19995502,-1.021298,-0.7731093,1.1861832,0.29085183,-0.8909316,-1.2641685,-0.06345681,-0.58895296,0.31934276,-0.8126233,0.38535768,1.9806912,-0.35234275,0.941076,-0.5253283,-0.46071124,-0.54999846,0.056069244,0.63445026,0.60998636,-0.531134,0.5626774,0.7363431,0.42483386,-0.5072264,0.45390326,0.87059563,-1.0569314,0.12618694,1.0776752,1.4741014,0.12357094,-0.504065,-0.9081562,-1.0230792,-2.3384814,-0.29332587,0.7352073,1.1015266,-0.89780265,0.9955498,0.43251935,0.4507943,0.062939964,0.1470792,0.13963507,0.7103559,-1.284901,0.9888116,-0.28750816,-0.68552846,-0.2979957,0.0033320517,-1.2470096,0.17871134,0.30865273,-1.1116935,-1.905028,-1.351033,0.2365884,-0.2158403,-0.6672618,-0.37389022,-1.4392515,0.049418904,0.22935164,0.7662432,-0.26899928,-0.19091533,-1.1057179,0.24800436,-0.5768336,-0.5677341,-1.0514787,0.9393612,-0.65634483,0.6034156,0.4317432,1.2761745,0.8224386,1.1153733,-0.5833697,-1.0480194,-0.5681378,-0.69906557,1.0342166,-0.4579502,-1.5223643,0.7142866,0.40969196,1.3076394,-0.24582548,-0.31442446,1.130979,-0.43159705,0.8507339,-1.0475845,1.8619388,0.97334546,-1.1420896,-0.7163167,-0.64927363,1.0581896,-0.37994698,-0.5837724,-0.40722197,-0.2916692,0.60191256,-0.22382805,-0.09025122,-1.8072386,0.32417914,0.68090785,0.9968136,0.6008487,0.49734873,-0.5798632,-0.84283555,0.60372895,0.6263143,0.013710314,0.47287065,-0.06114146,-1.6234634,1.5938793,0.5254188,1.5558397,-1.2858047,0.031731248,0.07237251,0.54386365,-0.8493417,0.44861692,-0.3142652,-1.6860783,-0.39600244,-0.1531705,0.22081652,0.016926086,0.4146026,-0.58533126,0.69217837,0.258158,-0.6177944,-0.028204847,0.141752,1.3116958,0.7798058,1.4582493,-0.481217,0.97126436,0.34434766,0.36040372,-0.12330425,0.54568624,0.30784962,-0.51596355,1.0573728,1.5846509,1.5618562,2.1245131,0.41720074,-1.5849519,-1.037624,0.7704821,-1.6242821,-0.53079337,0.83636916,-0.38402194,1.7712681,-0.4160096,-0.9644164,1.6982807,0.2425035,-0.031454064,-1.2946031,-1.0524465,0.7811298,0.71788895,-0.69098914,-0.30038542,-0.46671662,0.25047857,-0.49116737,-0.035722632,0.28567868,0.22116932,0.49345332,1.3516481,-1.8077049,0.6588489,0.3455885,0.84260255,0.38918686,-0.16060756,-1.4104393,0.3655731,0.6496849,-0.894096,-0.5407165,0.39776707,-0.61378443,1.5519234,-0.1689535,-0.25216994,-0.090173684,-0.96378314,0.037614863,-0.16572043,0.7534396,0.76778615,1.9957024,0.35939,-0.89170694,-0.5360516,1.0468266,0.7784158,0.68329626,0.2552994,1.6870527,0.38913888,-0.43285793,0.03671815,-0.557649,-0.044847153,0.289826,0.93133175,-0.4329838,0.4546051,0.84438455,-0.5322624,-0.7495838,-0.09920301,-0.12717271,-1.0154488,-0.71756566,-1.1302073,-1.5307417,0.34592032,-0.92929363,-0.5768,-1.3645378,-0.34759906,-1.4195569,-0.5423683,0.38216013,-1.075981,-0.6067034,-0.043239232,-0.3736245,0.44830027,-0.46793693,0.3063092,0.41605482,0.6750174,-1.9979553,0.7590168,0.7421256,0.8632952,0.60044795,0.51847714,1.0369389,0.1206098,0.532853,-1.4412056,0.39732742,0.79841465,-1.2377216,0.38971087,0.1953693,-0.34922802,0.46123973,-1.216624,-0.803016,-0.20297638,0.28188795,-0.41049284,-1.1262614,1.6854483,-1.6518917,1.4746535,-1.1498854,-0.19739862,-0.6004443,-0.4352518,-1.6226046,1.3826947,0.20627709,0.18874983,0.76366127,-0.23983106,-0.43273133,0.22659259,1.2641122,0.112286605,-0.5395713,0.74326473,-0.7317921,-1.3525416,0.8930642,1.1074785,-1.2358363,-1.6569118,-1.4470352,-0.43193135,0.98710996,-0.43204623,-0.59667504,0.9938754,-0.33462355,0.90217257,-0.68258953,-0.078744575,-0.005111918,-0.7634978,1.0533204,0.21444197,1.0274267,-0.5547508,-0.8764676,0.9196869,-2.2753787,0.028596591,-0.64776677,2.0893035,0.67248094,0.38327014,0.35215306,0.4470798,-1.0207703,-0.24087723,0.7500727,0.08258389,1.357175,0.8519853,-0.54095304,1.8617077,0.35845515,0.9824308,-1.0811466,-0.16591242,1.87099,-0.1483669,-0.4133889,-0.630414,-0.069210336,-0.23341854,-0.19508627,0.3387958,-0.40988034,-0.29472166,0.99971807,0.88939446,-1.9526908,-0.73447704,-0.6898336,0.46529213,1.2552159,1.4966235,1.3233353,-0.37464827,-1.0798872,-2.422815,-0.07681556,0.9120776,-0.037006527,0.23853716,-1.2335308,0.21406655,0.6810626,-0.33357042,-0.760738,-1.8550688,1.7424526,0.37965128,-0.16058613,1.568157,-0.28091714,-1.4179276,0.063656345,1.4379699,0.1323077,-0.9354213,-0.48680457,1.0421417,-0.6524664,1.4734275,0.7933413,0.0665644,0.36269465,0.17469339,0.75757366,0.4170498,-0.75359255,-0.96064854,0.08811888,0.53140604,-1.0114807,-1.0880054,0.7216031,-2.0753067,0.48493594,-0.67205304,-0.25320658,0.27854565,0.04912994,-0.48613566,-0.82394046,-0.33952856,-1.2049811,-1.6888396,-0.22954932,-0.662564,-1.5984803,1.4998443,1.9021447,-1.6249748,0.6620598,0.25733036,0.13921973,0.6286563,0.4320529,-0.4029405,0.36921254,-0.9685234,0.054384936,-0.28316796,-1.4418148,-0.48698077,-0.017306859,-1.7123253,-0.9809675,0.97773457,1.6105273,-1.2135689,-0.06073786,-0.12107959,-0.7925584,0.65712655,0.7862822,0.40176764,0.56881475,-0.38560358,-0.6574071,0.16900808,1.0439452,0.041516107,-0.3855597,0.7031809,0.018808538,0.14353693,1.708017,0.375332,0.02719317,0.7714902,0.33850765,-1.0437462,0.2837438,-0.1758835,0.0062301876,0.55305225,-2.1543717,-1.1608942,1.2180998,-0.38704214,-1.3503329,-0.5858489,0.36586562,0.4208625,0.608948,0.23817447,1.178981,1.1925379,0.9225176,2.052147,-0.86236334,-0.9884691,-0.904504,-0.1358935,-0.5924536,-0.67607874,1.2416337,0.8732131,2.370243,-0.7088674,0.39038453,0.45421964,-1.1780739,-0.89773715,0.25911796,0.5182349,-0.6864118,-0.122508146,0.4493031,-0.99158514,-0.029407308,-1.5246993,-0.064576544,0.6045839,0.28749943,-0.6949259,-0.25836256,0.0993336,0.12284944,-0.46992272,0.96742755,1.2466629,0.5964097,0.101004764,-1.0606467,0.07362728,-0.6053797,-1.8336627,-0.06186081,-0.14352843,-0.5257081,-0.10606325,-0.43202716,0.13958487,-1.3303087,-0.6391064,1.3091133,0.15386906,-0.30697176,-0.14127016,-0.38879782,1.6371559,-0.90122163,-0.69628036,0.8789252,1.3975391,-1.9052957,0.15887593,-1.1191033,-0.32657573,-0.95926064,0.423872,0.52914727,0.7881931,-0.16317973,1.3479798,-0.089917876,-0.60032886,0.1184693,0.67737067,0.0925418,0.67209435,-2.3908203,0.97666866,-1.0050141,-1.5506691,-0.12882823,1.0194436,-0.37747842,-0.17949805,-0.40585834,0.8688297,0.4063545,-0.74489546,0.95422775,2.3410454,-0.7373398,0.09119421,0.68178743,0.052567255,-1.0374385,0.18742134,2.783607,0.15598395,1.198849,-0.7054731,-0.09114627,0.04053791,0.03882748,-0.6397753,-0.4067366,-0.7588753,0.27539065,0.922142,-0.5982569,0.7159292,-0.62577754,-0.36710727,1.1700903,-0.4684817,0.34532613,0.43233648,-0.26163983,-1.8150641,-1.3122873,0.79110754,1.210778,-0.010698028,-0.13974783,0.71202004,1.1689532,0.7496454,-0.41489586,-0.19586523,0.42993245,0.9649016,0.4984234,-0.5403033,-0.9773617,1.1989686,1.5371274,-1.5821774,0.9002304,-0.6454061,-0.44125095,-1.5729005,0.9934338,0.8489512,-0.07850309,0.8306185,0.4558127,0.32049292,0.59221977,-0.6186945,-0.01506263,-0.51771224,-0.5271646,-0.113650486,-0.2698416,-0.68636626,0.4214786,-1.1838993,-0.070362546,0.31215134,1.4413042,-0.16045618,0.3836835,-0.6681498,0.88519937,0.27763414,-0.63028204,-0.39275804,-0.22887984,-0.84427154,1.9399208,0.8103181,-0.26504368,-1.754843,-0.03993845,0.6273959,0.71298754,-0.88800204,0.7752062,-0.08793472,-1.2657728,0.042380743,-1.4537323,-0.5340302,0.35683098,1.4896884,-0.43220013,1.0599205,-1.2935691,0.76520187,0.16579835,-0.8427229,0.30637723,-0.48098022,-0.3751213,1.6331022,1.035093,0.16594031,0.25557065,1.1970769,1.0147656,0.614427,-0.8920466,-1.1017554,0.74773264,0.95497876,0.17992312,-1.0891014,-0.1613143,0.36145863,-0.17927858,1.3319271,-0.63460463,-0.5474875,-1.01579,-0.28481063,-0.63159585,-0.18723461,-0.6001164,-0.34307152,-1.4173121,0.20511839,-0.97260225,-0.045800187,0.59396863,-1.1969783,0.36827096,0.2791624,1.2760552,0.76706487,0.4559257,0.20221177,-0.7717346,0.45533013,-0.9807428,-0.7665397,1.1287842,-0.9023798,-0.17221072,0.20434895,0.8630864,2.0064142,0.7555766,-0.20885918,0.24985547,0.31879413,-0.13274948,0.32202804,-0.33185744,-0.81481266,0.24659996,-0.15865918,-0.061892748,-1.3205589,-0.13607533,-0.1488185,0.68265545,0.53773946,0.6296546,-0.012459695,0.30507964,1.8056446,0.06936017,-0.8545883,1.0
オ,0.5296596884727478,0.2130906283855438,0.4559382796287536,-0.3788235783576965,0.0963736400008201,0.229296863079071,0.2386744916439056,0.2548413276672363,-0.0763473808765411,-0.5995948910713196,0.3987560868263244,-0.4263967275619507,0.4475667774677276,-0.2476707696914672,0.6969519257545471,-0.0656861960887909,0.0709809884428978,-0.1644545197486877,-0.0108748702332377,-0.3702743947505951,-0.7576481103897095,-0.413432627916336,0.3180697858333587,0.3614082336425781,0.053830225020647,-0.3144461810588836,0.024836154654622,0.22332763671875,-0.1629917174577713,0.0653100684285163,-0.163625493645668,-0.366718590259552,-0.2875009775161743,-0.143985703587532,-0.1412046998739242,0.7164433598518372,0.0447980128228664,-0.334321528673172,-0.048272281885147,-0.4448588788509369,0.2024504095315933,-0.0392537266016006,-0.0778143554925918,-0.4906745254993438,-0.4244580864906311,0.3569748103618622,0.1421144604682922,0.4508043527603149,0.3910716772079468,0.065802477300167,-0.2395339757204055,0.3987994194030761,0.2064034640789032,0.0377097837626934,0.5504782795906067,-0.1333968788385391,0.3774928748607635,-0.541711688041687,-0.0768055692315101,0.2613519728183746,-0.3717130422592163,-0.2485538125038147,0.521899402141571,-0.136066272854805,0.0811342075467109,0.026225758716464,-0.2150810807943344,-0.1482564061880111,0.0450063794851303,-0.7747994661331177,-0.2178253978490829,0.2925040125846863,0.3747594952583313,-0.3835846185684204,0.6918500065803528,-0.3065555095672607,0.2237822115421295,0.1153149232268333,0.2371601611375808,-0.2251027226448059,-0.3462476432323456,0.2766848802566528,0.2552945911884308,-0.7245570421218872,0.0226185377687215,0.0493616014719009,-0.4940282702445984,-0.9880563616752625,0.452703058719635,-0.3511286675930023,-0.0228992886841297,0.0741178765892982,0.2153235077857971,0.2377034276723861,0.0652189552783966,0.1718862056732177,0.1264184862375259,-0.2441621720790863,-0.2346249967813491,0.2505479454994201,0.0868691354990005,0.4093315303325653,0.32750204205513,-0.1709804832935333,-0.2634230852127075,0.0760699585080146,-0.1548914760351181,0.2174850106239318,0.2510367929935455,0.0809057801961898,-0.3745799660682678,-0.2978120148181915,-0.4654948711395263,0.2725546658039093,-0.0209189262241125,0.1435899883508682,-0.198187306523323,0.3388965129852295,-0.4349301159381866,0.6078699827194214,-0.2538466453552246,0.7915907502174377,-0.0356875881552696,0.3047783374786377,0.2150291949510574,0.5052955746650696,0.0175789315253496,-0.0272460542619228,-0.1284803003072738,-0.2572053372859955,0.0357783772051334,-0.0579200908541679,-0.6814077496528625,0.0921545028686523,-0.2537298202514648,0.9225340485572816,-0.0114336526021361,-0.0479016825556755,-0.136097177863121,-0.4668779373168945,-0.1524674445390701,-0.1324257403612136,0.2752945125102997,-0.4046907126903534,-0.1197020336985588,0.1626258939504623,-0.2094656676054,-0.4744023382663727,0.4888186752796173,0.3426395952701568,-0.391703337430954,0.8269580006599426,-0.7304170727729797,0.0575210861861705,-0.0262061338871717,0.3646568357944488,-0.7473659515380859,0.1510887295007705,0.0498598143458366,0.5594866871833801,0.0929848328232765,-0.4336896538734436,0.1997489929199218,0.3209051787853241,0.1022119894623756,0.4263670146465301,0.4947990477085113,0.234954759478569,0.1953546553850174,0.4709454476833343,0.0561673045158386,0.4962971210479736,0.0458567067980766,-0.2137681096792221,0.4985187947750091,0.2918106913566589,0.1293936520814895,0.2646268904209137,0.0680747330188751,-0.5479270219802856,-0.0365224033594131,-0.1630211323499679,-0.0103595312684774,-0.1495637893676757,0.4607514441013336,-0.16131691634655,-0.0502539128065109,0.1145083829760551,-0.2079464346170425,0.1704038232564926,0.0367571040987968,-0.262583464384079,0.3753058016300201,-0.6912090182304382,0.0999286249279975,-0.3194076120853424,-0.3274402320384979,-0.3803856372833252,-0.302856832742691,0.3924706578254699,0.0625739246606826,-0.0227741338312625,-0.1504396349191665,-0.1841774731874466,-0.8772600889205933,-0.3443240523338318,0.072902612388134,0.655198872089386,0.360122412443161,0.2266106456518173,0.0718065351247787,0.2478867173194885,0.4675061106681824,0.0748334527015686,0.1430813670158386,-0.0019422065233811,-0.2316767424345016,-0.1867131143808365,0.1263024359941482,-0.1210856661200523,0.4201357662677765,-0.0982303693890571,0.3487502336502075,-0.0542345009744167,-0.406590849161148,0.2436564266681671,0.0867293998599052,-0.3940061628818512,0.0503381453454494,0.7268115282058716,-0.2607754468917846,-0.6348714232444763,-0.4985277056694031,-0.0947990268468856,-0.6508302092552185,0.0662958398461341,-0.268383651971817,0.2855084538459778,-0.349700003862381,0.112674169242382,-0.1744929105043411,-0.4754193425178528,-0.1815786063671112,-0.2118682861328125,0.0328344888985157,0.1429506987333297,-0.0228110589087009,-0.1918207108974456,-0.51520836353302,-0.035258699208498,-0.3487142920494079,-0.4789979457855224,-0.0031026471406221,-0.5512425303459167,0.4469566941261291,0.2267684787511825,0.519576370716095,-0.0401957146823406,0.2230084687471389,-0.021178001537919,-0.0647084936499595,-0.8502422571182251,-0.1223883181810379,-0.082101322710514,-0.5005362629890442,-0.0289797261357307,0.0161732789129018,-0.4629672467708587,-0.3051377236843109,-0.4279847145080566,-0.0537696257233619,-0.4275308847427368,-0.4585559368133545,0.0507671535015106,-0.0609349831938743,0.121000550687313,-0.1441505849361419,0.4983959794044494,-0.4443674683570862,0.157625675201416,-0.6233783960342407,0.1977990418672561,-0.6939910650253296,-0.2582651376724243,0.0102615738287568,-0.2509933710098266,-0.385790079832077,0.1677277833223343,-0.4675479829311371,0.3769758343696594,0.3340494334697723,0.0589170567691326,-0.4295046031475067,-0.0234155897051095,-0.379841536283493,0.1281551122665405,0.2171487510204315,0.7272565960884094,0.2176287770271301,-0.0618875958025455,0.1726910173892974,0.4014920890331268,0.1911408603191375,0.1473643630743026,-0.1017887517809867,-0.2969529330730438,0.0840102732181549,0.055018100887537,0.6373216509819031,0.1061175316572189,-0.0175985414534807,1.0461182594299316,-0.3499410450458526,0.2470925748348236,0.49268639087677,0.2864406108856201,-1.7427469491958618,0.0124134626239538,-0.1290074437856674,0.0475340001285076,-0.2400045990943908,0.28074511885643,-0.0035546065773814,0.137170597910881,-0.459278792142868,-0.5403351783752441,0.9039117693901062,0.2878541350364685,-0.0093382988125085,-0.5122708082199097,0.3493413031101227,-0.2350283712148666,0.0298427008092403,-0.4780119359493255,0.2126775383949279,0.4782304167747497,-0.4107668399810791,0.0539882034063339,-0.1659918874502182,-0.537499725818634,-0.083966925740242,0.1677630394697189,0.1615692526102066,0.247225672006607,-0.5302152037620544,0.1380523741245269,0.3138780891895294,0.4008596837520599,0.7858495712280273,0.3039855659008026,-0.0616408102214336,0.0577767044305801,0.4450687170028686,0.1350419074296951,0.4254122972488403,-0.2856252193450928,0.1758316755294799,-0.0475820116698741,0.8534377217292786,0.0125897396355867,0.0911166295409202,-0.0015497871208935,0.1213041767477989,0.2295670956373214,-0.081953153014183,0.3548986315727234,0.1464321017265319,0.0478751249611377,0.1907066702842712,0.5322242379188538,0.5807309746742249,0.1449556350708007,-0.2838995158672333,-0.3661825656890869,0.0364569164812564,-0.321286529302597,-0.6244051456451416,-0.3386206030845642,-0.3438629508018493,-0.1222211271524429,-0.4495676457881927,0.2929139733314514,-0.0296255443245172,-0.5183850526809692,0.0549229495227336,-0.3556650280952453,-0.4252268970012665,0.3321499228477478,-0.0532559305429458,-0.7333111763000488,0.5861435532569885,0.2217282354831695,0.2881442606449127,-0.5338570475578308,-0.6530799865722656,-0.0423921756446361,-0.2733902633190155,-0.3039427995681762,0.1676573008298874,-0.3308295905590057,-0.0540301539003849,0.3473367393016815,-0.0784889757633209,-0.0932381302118301,-0.3437794744968414,-0.2950970530509949,-0.7089868783950806,0.1887605041265487,-0.0504166632890701,0.3232135474681854,0.0219684243202209,0.2221865206956863,0.2203065305948257,0.0448722839355468,-0.2711859345436096,0.0839256197214126,-0.3249978721141815,0.5804333090782166,0.3907267451286316,0.1664255708456039,0.581920862197876,0.4442465603351593,0.2811322212219238,0.5245891809463501,0.0202089324593544,0.0134099787101149,-0.610522449016571,-0.3011751174926758,0.7100160717964172,-0.0379120931029319,0.2432178258895874,-0.107879638671875,-0.0181926805526018,0.6090810298919678,-0.0324829034507274,-0.5741919279098511,0.0005142665468156,0.0738754346966743,-0.1841550320386886,0.262513518333435,0.6575903296470642,0.8228428959846497,-0.0232491437345743,0.0209028869867324,-0.140678659081459,-0.1875307261943817,0.3151618540287018,-0.1306444257497787,-0.1179750114679336,-0.2945268750190735,0.0095409927889704,0.2994397580623626,0.6596575975418091,0.2006724327802658,0.6231606602668762,0.3094731569290161,-0.3437167704105377,0.2674251198768616,0.435273140668869,0.4795292615890503,-0.2945265173912048,-0.2899815738201141,-0.3539811670780182,0.0258303135633468,-0.3896693289279938,-0.0662572011351585,0.6731356978416443,-0.1594995409250259,0.1768974959850311,0.0076765068806707,-0.6110824346542358,-0.6220504641532898,-0.3782775104045868,0.1608152389526367,-0.0992601439356803,0.1433831602334976,0.2025719732046127,-0.0135760903358459,-0.4930251836776733,0.1857774257659912,0.0561464726924896,0.2988999783992767,0.5034912824630737,-0.1536019593477249,-0.0901676565408706,0.0035907886922359,0.0382498726248741,0.0676893964409828,-0.1810710877180099,0.0458883009850978,-0.2628243565559387,-0.4944120943546295,0.0162131208926439,0.1840128451585769,0.2542142868041992,-0.1465330421924591,0.6534149646759033,0.1324674189090728,-0.5132039189338684,-0.565060019493103,-0.237240582704544,-0.2221661806106567,-0.0452727153897285,-0.4980322420597076,-0.0901912376284599,0.0443757846951484,0.3667648136615753,0.0876772403717041,0.2802462577819824,-0.3576146960258484,0.0792291760444641,0.2387515604496002,0.6340348720550537,-0.1300701349973678,0.2300144582986831,-0.1985842436552047,0.0217490531504154,0.0881654992699623,0.0755990594625473,0.0594925098121166,-0.1432090848684311,-0.536220908164978,-0.6978509426116943,-0.3783296048641205,-0.1789586842060089,-1.0786592960357666,0.5394381880760193,0.1386258453130722,0.2410538047552108,-0.4676302969455719,-0.4629960358142853,-0.147763043642044,0.3010770082473755,-0.115580216050148,0.4248737096786499,-0.2177674025297165,-0.5781479477882385,-0.0497000403702259,0.1251947283744812,-0.6601473689079285,0.9405031204223632,0.2545405626296997,-0.4916508197784424,-0.3954956829547882,0.387395292520523,0.1958344131708145,-0.2218459993600845,0.1072808057069778,-0.1325920820236206,-0.5393648147583008,0.1550326347351074,-0.3469339609146118,0.3210111856460571,-0.1543601602315902,-3.526743239490315e-05,-0.1246603056788444,0.5851903557777405,0.3443279862403869,0.2443006783723831,0.0775589197874069,-0.2279006391763687,-0.2089708745479583,-0.2480691522359848,0.3257020711898803,0.1407943069934845,0.3850536048412323,-0.1766823679208755,0.3162503838539123,0.5831259489059448,-0.8466090559959412,0.0867414474487304,0.7604172825813293,0.4110320210456848,0.444315493106842,-0.1525647640228271,0.03209038823843,-0.8170374035835266,0.1355699896812439,0.1418216824531555,-0.0172215569764375,0.4570207893848419,-0.0356507040560245,-0.1375111788511276,-0.4097650349140167,-0.0168074183166027,0.4003950655460357,0.1728287488222122,0.0364892520010471,0.4355419874191284,-0.1556229144334793,0.5133227705955505,0.3383309543132782,-0.2615169286727905,-0.3602937161922455,0.0543467439711093,0.4090258181095123,0.7752847075462341,0.1817598491907119,0.3601688146591186,-0.7150218486785889,-0.6305393576622009,0.3012827634811401,0.0831094086170196,0.3051785230636596,0.5014293193817139,-0.2748686373233795,-0.0627902820706367,0.6112644672393799,0.2978948354721069,-0.0707817524671554,-0.3294468224048614,-0.4165408909320831,-0.1707163900136947,-0.2366679608821869,-0.5008911490440369,0.2017518132925033,0.0845913216471672,-0.0467947907745838,0.2117699682712555,0.0154199143871665,0.0983888357877731,0.5822260975837708,0.0028719732072204,-0.305047333240509,0.2047902196645736,0.0614336542785167,-0.0901422724127769,0.0808300226926803,-0.2235193252563476,-0.2465935945510864,-0.0241717658936977,0.2415190041065216,-0.1573673337697982,0.2025086134672165,0.0340979881584644,0.1619161665439605,0.3305917084217071,-0.4448821544647217,-0.1901049017906189,-0.314644455909729,-0.3174638450145721,-0.1307286322116851,-0.6577920317649841,-0.3597747385501861,-0.0309588555246591,-0.0471150875091552,-0.1592544317245483,-0.05937360227108,-0.4678713381290436,-0.2325161099433899,-0.4492211043834686,0.2522855401039123,-0.1734455525875091,-0.8417651653289795,0.3823029398918152,0.2627186775207519,-0.1252967417240142,-1.1999207735061646,0.247536301612854,0.1704616248607635,0.2441152334213256,0.1721053123474121,0.704698920249939,-0.3422385454177856,-0.2607019543647766,0.0875810459256172,-0.2855316996574402,0.2547450661659241,-10.516351699829102,0.1059780791401863,-0.4225786030292511,-0.3998930752277374,-0.3504877388477325,0.3931498527526855,0.6256321668624878,0.5662823915481567,-0.1955859363079071,0.1214233934879303,-0.0340548641979694,0.0915949419140815,-0.0144770285114645,0.6837878823280334,-0.5207838416099548,-0.3065536618232727,-0.2305571138858795,-0.0215277168899774,-0.0403221026062965,-0.2391912043094635,0.1143146902322769,-0.284472644329071,0.5086359977722168,0.7366798520088196,0.5462241768836975,-0.4084236323833465,-0.2611879706382751,0.0024734144099056,-0.2027534991502761,0.5919749736785889,-0.6013648509979248,0.5325713157653809,0.0364352501928806,0.3010843992233276,-0.1525362879037857,0.2529691159725189,-0.4028312265872955,0.6683297157287598,-0.0390014834702014,0.4041423201560974,0.3153025507926941,0.4241274297237396,-0.025679500773549,-0.0304168835282325,0.1748992651700973,0.2391737103462219,0.469064712524414,0.0111696710810065,0.5418323874473572,-0.2422156333923339,-0.1271032989025116,0.1338433921337127,0.0682288780808448,-0.0943486765027046,0.4556112885475158,-0.0305458642542362,0.6394035816192627,-0.6745585203170776,-0.031642060726881,0.0643760710954666,0.3380284905433655,-0.0773757696151733,0.3833673596382141,0.444365918636322,0.30074143409729,0.4105566740036011,0.5217416882514954,0.3653739690780639,-0.9130431413650512,-0.2377991825342178,0.1625676453113556,0.471616268157959,-0.0950486809015274,0.3251329064369201,-0.2567318379878998,0.3133965134620666,0.3614666759967804,-0.2959363758563995,0.0550640672445297,-0.0280053783208131,0.2839506864547729,-0.3029759228229522,0.0833558365702629,0.2407184094190597,-0.621874213218689,0.0487202405929565,-0.0832330659031868,-0.04812478646636,0.259869247674942,-0.4461257457733154,0.2382365614175796,0.0838035121560096,-0.5344372987747192,0.5065318942070007,0.4480125904083252,0.0181824807077646,-0.121032990515232,0.2265196144580841,0.4854059219360351,-0.0247120037674903,-0.8103286,-1.4330415,0.7263443,2.274217,-0.48402297,0.04251875,-1.4433366,-0.72525394,0.6888631,-0.10541115,1.053245,0.5307688,-0.68543726,2.2654343,-0.91199404,-1.2169791,1.2014043,-0.579314,0.15554836,-0.38792276,0.13060826,-0.7793049,0.7755243,-0.7290088,0.9002934,0.89199185,0.16772811,0.33682305,-0.9651914,0.15332802,0.052474774,-0.4441005,-0.842605,-1.3528371,-0.027908368,-2.589181,-1.4015322,2.1131837,1.183288,-0.48547754,-0.36439466,-0.68560433,-0.06480156,-0.47725794,-0.76923025,0.3533451,1.3677874,0.5118085,0.49712193,-0.6119081,-1.3573955,-0.22165823,0.72890645,1.2699375,1.599614,-0.1051619,1.3026062,-0.2858939,-0.26635912,-0.06467114,0.17072238,1.4060613,-1.3643702,1.1116139,1.1207802,1.4554684,-0.260017,-0.6519046,-0.17605431,-0.3194538,-2.2850485,-0.81480926,-0.009831933,1.1665498,-2.187937,0.72049475,0.07083316,0.47127593,0.5612367,-0.25435624,0.23980303,0.25897637,-1.9294422,1.9184862,-0.76468843,-0.5498624,-0.6311945,-0.19766796,-2.1294863,-0.34570003,0.3058395,-2.1903179,-1.1161304,-1.832033,-0.15860641,0.18139185,0.13774006,0.034974236,-0.99717087,0.100398496,0.12646261,0.21252914,-0.72979563,0.21368723,-0.91736877,-0.22453354,-0.91460794,-0.8861073,-1.3205726,2.4567754,-0.077797346,0.3973498,1.324025,1.4272454,0.36426368,1.3163203,-0.82598794,-0.2595335,-0.53452903,-0.8092221,1.212565,-0.5314308,-1.4365941,0.3523308,0.8574034,0.5993399,-0.44984156,-0.83518904,-0.29149836,0.1198659,0.42709756,-0.9334991,1.0300227,0.14322625,-0.6556687,-0.23351516,-0.49756777,-0.561536,1.1012492,-0.20907052,0.51478976,-1.0657606,-0.13797975,-0.21814333,0.35562664,-1.3649087,-0.051012754,-0.15165265,1.4437306,0.19679551,0.9050154,0.3248112,-0.123102255,1.1685084,1.0535498,0.090202436,0.40118,-0.4612015,-1.2935796,1.6605483,0.8879597,1.8000641,-1.9944069,-0.1940011,0.44826367,1.6152743,-0.23835231,0.86163855,-0.6146581,-1.7735744,-0.6418308,-0.70403564,0.061135426,-0.5696858,1.76965,-0.2824315,0.9883384,-0.10709232,-1.1759144,-0.34586424,0.28747886,0.7779618,0.48116496,0.81577015,-0.35516062,0.55418277,1.4998935,1.2992513,-0.7989054,0.6982158,0.43064004,0.5944964,1.0955158,1.5946813,1.4150192,3.5464933,0.12690936,-1.3614684,-1.0613464,1.3043509,-2.161979,-1.1211208,0.8684858,-0.6276818,2.241559,-1.0446267,-1.091142,2.431073,0.91196954,0.62298524,-1.0382026,0.12898694,-0.02550028,0.431969,-1.0324726,-0.7852512,-0.402504,0.61755973,-0.25261122,-0.13900115,-0.28659755,0.8976041,0.3842841,2.4542158,-1.755348,1.280942,0.20333156,0.18640508,-0.049696594,0.2830164,-0.85588306,-0.74485415,0.24935651,-1.1514037,0.46644944,-0.57502615,-1.1188257,1.1683017,-0.5313874,-0.5417198,-0.19253369,-1.1841213,0.6544937,-0.23577458,0.8804585,1.0442635,2.3298328,0.3817334,-0.83971864,-0.14683166,-1.1486597,0.5008624,0.6758174,0.03440827,0.8322028,0.28012285,-0.22345199,0.034564435,-0.8151521,-0.62025934,0.3342398,0.31113535,-1.5160159,1.4971672,0.32816887,-0.089145064,0.30005267,-0.31242955,-0.8236383,-1.7291503,-0.68905324,-0.84690684,-1.3841813,0.04926197,-0.45413855,1.0954347,-1.1188822,-0.3055128,-1.4215549,-1.0257301,-0.1680777,-1.7606236,-1.4004916,-1.0148747,-0.29996496,0.891504,-0.13840145,-0.43462133,0.42857492,0.07311455,-1.6268796,2.1916454,-0.039301015,1.9817002,0.82946914,0.8809118,0.9721776,-0.41879863,0.66178507,-1.0294446,0.6193429,1.3292915,-0.74984765,0.18730752,1.0679493,-0.528659,0.6815223,-0.7388907,0.37865433,-0.91593695,0.9649985,-0.24610458,-0.57958305,1.7162031,-2.9316971,1.7324536,-1.8028466,-0.039503593,-0.87183946,-1.2962638,-0.68938977,1.8669804,0.43017948,-0.38607734,0.121501826,-0.3200207,-0.36458105,0.45753205,-0.0017669059,0.2345806,-1.1909733,1.2078428,-1.2881469,-1.458251,0.30350813,1.2750909,-0.77070665,-1.5419011,-2.1575766,-1.805874,0.8884451,-0.20830624,0.9123629,0.27580014,0.79132485,0.88126785,-0.69803154,0.32359746,0.008406915,-0.99914014,1.524398,1.8971299,1.1119789,-1.0665905,-0.23635407,2.0026577,-1.4538132,-0.83405197,-0.7907578,1.7978885,-0.11461074,-0.85422915,0.5178369,0.45987192,-0.47842738,-0.20434569,0.11241421,-0.1799938,0.57679737,0.09952899,-0.99015456,1.7147708,0.46121448,1.3320276,-0.6255457,-0.081047714,2.3972714,-0.3033021,-0.30836436,-0.71845126,-0.3683258,-0.00581281,1.3073857,0.09425341,-0.8939695,-0.05390305,1.3507416,1.1369356,-1.5514851,-1.0076637,-0.6172524,-0.2304484,0.46855584,1.76739,2.12777,-0.25097308,-1.8281666,-1.6843402,0.28350738,0.6638356,-0.76677907,1.1351126,-1.3306891,-0.09193985,0.87124294,-0.79742014,-0.955936,-1.9801817,1.8640664,0.5859459,1.1164464,1.0877445,-0.53345895,-1.3177612,-0.68017,0.9275302,0.28799036,-1.6900616,-1.2224228,1.6270558,-0.24632908,1.016099,-0.59714615,-0.34593976,-0.11627689,-0.017895686,0.9648705,-0.08296104,-0.58463824,-0.7329098,0.6516906,0.3264421,-1.1463374,-1.1399392,0.95331734,-0.2809325,0.13665459,-0.012565286,-0.421755,0.9245188,-0.7728687,-1.6657696,-1.2123232,0.19967204,-0.5477127,-2.07496,1.1318296,-0.80119044,-2.0647721,1.4785168,1.3619,-0.7758326,0.40775427,-0.5051605,1.8222027,0.8517044,-0.51845336,0.20562728,1.0223932,-1.3866115,-0.34849465,-1.4060732,-0.043778744,-1.2093122,0.45008352,-0.6019648,-1.9200267,1.5653423,1.527821,-2.0123801,-0.46113577,-0.54689515,-0.9120345,1.5132309,0.45237958,0.96459734,0.103073195,-1.2247643,-0.24343641,-0.531804,1.7141571,1.1247654,-0.43857428,0.89617974,-0.29250273,-0.026190905,1.4360384,1.5310252,0.93665653,1.8430567,0.28733733,-1.163461,-0.1823163,-0.33250087,-0.19903982,0.87258166,-1.361806,-0.067218885,1.2646885,-1.668314,-0.45826575,-0.1277507,-0.055057567,-0.13410266,0.8722822,0.08791789,1.9664552,1.2763686,0.29493466,1.6824535,-1.0070668,-0.70397216,0.30461258,1.194052,-0.49839044,-0.67874515,0.4673502,-0.31043544,1.6842889,-0.1946196,1.0246768,0.36320984,-0.94161266,-0.56706476,1.0787693,0.44479826,-0.4636157,-1.1393974,-0.089843936,-0.7229474,-0.35335192,-2.5332603,0.95572335,0.4422386,1.3112847,-0.5375676,-0.91544646,0.7928253,0.50038624,0.08492381,1.1041459,0.51778376,1.1616045,-0.76621366,-1.3000222,-0.6527273,-0.79927456,-1.341089,-0.3316207,-1.4068636,-0.26365042,-0.38721877,-0.87732303,0.3433751,-1.7767818,-0.6343101,1.3677334,0.3021635,0.09332669,0.5467227,-0.36619148,1.6461586,-0.6074333,-0.409032,1.1064318,0.2984509,-1.240715,0.42678905,-1.5891194,-0.692966,-0.6694479,0.26531914,0.39671215,0.4641154,-1.0531757,2.8354096,-0.94238263,0.23647977,0.24027243,-0.18866085,-0.39552507,0.62824315,-2.7110748,1.554806,-0.40234393,-1.3946638,-0.47943142,0.7454577,-0.52269346,-0.90014803,0.28959438,0.43038112,0.3147218,-0.9573117,0.3891803,1.5912557,-0.11454924,-0.40709746,0.73804516,0.73763025,-0.82023174,-0.95527685,2.7393048,0.029603515,1.4222807,-0.925496,-0.0085750995,0.6929279,0.45070747,-0.685981,0.662342,0.5855048,-0.14001727,0.6922625,-0.20454055,-0.23225647,-1.3454515,-0.79873383,1.7197148,-0.7317116,0.15312994,-0.17559798,-0.6636158,-1.4554656,-1.2500057,0.3844758,1.74501,-1.1667445,-0.21448931,-0.6657112,2.3568,0.8546218,-0.2092278,-0.56385857,0.67622465,0.98534733,0.3067038,-1.3516228,-1.1826848,0.16498737,1.375056,-1.5082339,0.7737132,-0.08030293,0.038776465,-0.6249989,2.2801247,0.55258906,0.06512476,1.099238,1.0093526,0.38529143,-0.5825008,-1.0354556,-0.77838707,-1.4173514,0.23933752,-0.8592032,-0.24513,-0.3875423,-0.5549774,-0.8915991,1.165744,0.33563706,0.24547662,-1.6626371,0.9334374,0.25092003,1.2828695,-0.79885906,-1.0277693,-0.7953233,-0.43457195,-0.6593816,1.1762552,0.69731045,1.7014537,-2.1501272,0.14813964,1.3621132,0.34743398,-1.5118512,0.24605991,0.18077569,-0.40410984,0.37673193,-0.6954906,0.08234199,0.8079222,0.9245214,-1.4705524,0.5163943,-1.6951618,1.7698607,-0.48405832,-0.86854476,0.995397,-0.9819113,-1.3670814,1.0654167,1.4805638,-0.43099853,0.8228543,1.3639075,0.7551345,1.1897938,0.6291137,-1.6054788,1.2852993,1.3196641,0.5489661,-0.939702,-0.17791727,0.16685095,-0.35495257,1.6127025,-1.110611,0.061580587,-0.8014995,-0.75948566,-1.2044325,-1.2878717,-0.087752216,-0.31454787,-0.63745284,-0.5624814,0.03655254,-0.050294995,1.3156157,-1.5382288,0.15685588,0.71253663,1.6480426,0.3431436,-0.68505085,0.87318563,-0.6268595,-0.7301198,0.5216859,-0.31975836,0.6082244,-1.3270427,-0.5951032,0.18136479,1.2180353,1.6045574,1.1299026,0.6261088,0.38094234,0.12599394,0.4300024,-0.2500743,-1.3372914,-0.11271154,0.57917017,-0.70424986,0.5351408,-1.3843987,-0.96583146,0.6411774,1.5307707,0.44146428,0.79270935,-0.27159157,-0.9012923,1.7543384,-0.1193306,-0.4399326,-1.0961728,-1.1541219,0.88301605,1.3160306,-0.8719916,-0.41441512,-1.4446188,0.150815,0.71020955,-0.5707762,0.43247527,0.13718316,-1.5468479,1.706271,-0.6326427,0.22976851,0.7321202,-0.25951183,0.1881291,-0.8427417,0.6332196,0.68942314,0.67596084,-0.9755242,0.6889694,1.000709,0.25006568,-0.7477748,-0.769965,-0.28591403,-0.37914506,-0.48511806,-0.90386176,-0.8664674,0.33918944,-1.220743,-0.8665677,1.3531768,0.26099235,-0.54370713,-0.73821044,0.42112532,-0.70641434,0.22825105,-0.6151397,-0.015780589,1.6294223,-0.11105606,0.71805954,-0.50402915,-0.1613606,-0.24952807,0.3608453,0.680456,0.8247075,0.29114664,0.66654754,0.7356114,0.10474333,-0.56797516,0.93401486,1.4892188,-1.0278432,0.26455182,1.0555192,1.2752652,0.3590795,-0.45425954,-0.745488,-0.7569791,-2.4412565,-0.50309265,0.08435249,1.1574647,-1.2294663,0.7672923,0.1883484,-0.15750861,0.11950057,0.29446176,0.14629096,0.50972533,-0.8740827,1.5695863,-0.2971485,-0.65617234,0.1841962,-0.38009188,-1.0111104,-0.19940864,0.42638585,-1.4639797,-1.719992,-1.399252,0.7316995,0.08745233,-0.9359313,-0.25273368,-1.4066327,0.41482818,0.10739478,0.6882439,-0.54439,0.06343599,-1.1428429,0.06631465,-0.9584372,-0.7086029,-0.5924857,0.820847,-0.27742973,0.5863732,0.5826506,0.90842396,0.80315065,1.1121466,-0.74637735,-0.93729854,-0.4221234,-0.12447512,0.9264875,-0.25098795,-1.0451508,0.16318697,0.03944013,1.108813,0.16204058,-0.65235114,0.6838471,-0.6053407,1.0901824,0.010881669,1.4760262,0.61228967,-0.73835045,-0.22044379,-1.0192078,0.58079827,-0.069328934,-0.59932494,-0.11522285,-0.3817649,-0.13071209,-0.1482587,-0.15663235,-1.5474062,0.2887162,0.8216374,0.9524453,0.16367584,0.22619134,-0.26099503,-0.5382247,0.6017155,0.64530665,-0.41490257,-0.08940277,0.58625126,-1.1585666,1.9032713,0.32046306,1.2711225,-0.78978103,0.46908516,0.32538086,0.3260925,-0.8098247,0.46015656,-0.8404179,-2.1907568,-0.4271961,0.32764795,0.080389395,-0.40288198,0.38646,-0.03658384,0.60938334,0.14263749,-0.741853,-0.50223976,0.10119896,0.80723494,-0.24144724,1.6586995,-0.70251536,0.7284192,0.4861301,0.49453396,0.26653254,0.3532076,0.7049873,-1.0719486,1.0760155,0.9806419,1.4886924,2.7093983,0.6233737,-1.6567695,-0.9253895,0.5593442,-1.8092139,0.21528737,0.69338495,-0.899322,1.5464538,-0.9519231,-1.1582898,1.7486005,0.74705654,0.20655447,-1.4684838,-1.2860893,0.35260847,0.97747016,-0.3624794,-0.29227403,-0.80756545,0.47320783,-0.42843193,-0.41476074,0.67951125,-0.15264836,0.52426106,1.8654428,-1.2090508,0.47905937,0.6875327,0.41603124,0.3080287,0.3903998,-1.4090018,0.40465784,0.7433989,-0.4490898,-0.5365274,0.32582775,-0.66967255,0.5984919,-0.20524818,0.10118678,-0.21904844,-0.22943586,-0.21416932,0.18332648,0.6788768,0.5296409,1.6672502,0.42970502,-1.6503752,-0.3049843,0.9098271,1.2781788,0.4121037,0.016292803,1.3989788,0.47958237,-0.4559376,-0.136701,-0.1701695,-0.19918269,-0.44934013,1.0792823,-0.30472893,0.74418944,0.44662598,-1.1452012,-0.8176095,0.1783107,0.07449594,-0.9105008,-0.75697094,-0.9710497,-1.5717722,0.37521762,-0.542009,-0.005711632,-1.2792871,-0.33968166,-1.0043652,0.045987725,0.6990096,-1.166266,-0.90106034,-0.29786614,-0.16746259,0.23750323,-0.7386329,0.005465122,0.6029674,0.80737936,-1.6744611,0.4438992,0.4035437,0.6337769,0.62942266,0.1138815,1.4206511,-0.5582956,0.78748626,-1.2873212,0.6644465,1.0636282,-1.8455808,1.0271431,-0.07715565,-0.16245751,0.7663991,-1.023926,-0.87485075,-0.7158669,0.4819904,0.05434658,-1.1625966,2.0401578,-1.5839486,0.97688866,-1.0429652,-0.019312574,-0.39429507,-0.18509914,-1.8845013,1.1716381,0.4007013,0.3873693,0.4775369,-0.41953337,0.078362055,0.28867304,0.6461085,0.7780588,-0.7706205,0.7453436,-0.873404,-1.449274,0.5374408,0.93011737,-1.2137218,-1.4294314,-1.4698821,-0.36233613,1.2706486,-0.4838303,0.34674895,0.83944964,0.01929259,0.831696,-0.5365883,-0.26306418,0.19921115,-0.3991377,1.4841236,0.32939425,1.3890703,-0.8208573,-0.72120243,1.1519023,-2.7275262,-0.5175877,-0.6332889,2.1644056,0.9639528,-0.19582891,0.27396172,0.6980429,-1.3108767,-0.4918846,0.86361057,-0.0016635689,1.466907,0.81501716,-0.6019746,1.4086481,0.014908797,0.5071275,-0.79860836,-0.78493994,1.6254684,0.014705982,-0.78362876,-0.51810825,-0.21810079,0.15618865,0.25748894,0.06357957,-0.2476427,-0.3780359,0.6722661,1.008734,-1.5711106,-0.9962615,-0.6825859,0.24133597,1.5028635,1.4461288,1.4932493,-0.3238503,-0.9224171,-1.9056451,-0.37266323,1.0447493,-0.052683506,0.45581067,-0.9930852,0.009540862,0.031481646,-0.26306584,-0.8564216,-1.4500127,1.7990423,0.316269,0.545977,1.9883158,-0.78613317,-1.1243759,-0.3991211,0.9940161,-0.026188668,-0.96380043,-0.5081733,1.0677496,-0.8117959,1.2312794,0.47914124,0.19412403,0.42723668,0.14505376,0.6488679,0.4416646,-0.66445404,-0.9530276,0.17703126,0.9369166,-1.6905215,-0.3573051,0.025218062,-2.049388,0.6181195,-0.17542209,-0.53614116,0.057609532,-0.8268683,-0.4936093,-0.72289705,-0.4125958,-1.1496309,-1.1129858,0.14061481,-1.0136954,-1.5935054,0.94282913,1.2693886,-1.6530012,0.70557,0.42639023,-0.09612662,0.77293456,0.03682418,-0.51672745,0.2680551,-0.15667602,0.08101508,-0.54988205,-1.1666958,-0.9823637,-0.0020484095,-1.5552652,-0.91640025,0.83150846,0.7371398,-1.386865,-0.5150949,-0.0820992,-0.927191,0.8273459,0.48173067,0.099218294,-0.045398034,-0.2659026,-0.4913355,0.41877463,1.2406856,0.2663852,0.15051256,0.5609981,0.46581045,0.15960035,1.801455,0.32396618,0.2340815,0.9861246,0.59413886,-1.0774436,0.32803693,-0.32937106,-0.22613621,0.4903439,-1.5556705,-1.0556722,1.8903605,-0.19888334,-1.3886323,-0.20481682,0.37289822,0.027106516,0.43617183,0.15444052,0.8059235,1.2204037,0.82421726,2.2330177,-0.39650643,-1.0262724,-0.53632706,0.22258049,-0.52416015,-0.71030545,1.0346099,0.7920759,2.454032,-0.84799695,0.16979243,0.8616944,-0.7170333,-1.3033402,0.43761343,0.27335805,-0.6267135,-0.44789302,0.7115262,-1.275229,-0.0625661,-1.5042243,-0.18838853,0.76046115,0.47673294,-0.63654274,-0.14851703,0.63346815,0.6001373,-1.0046859,0.33863533,1.394913,1.0376946,-0.1795911,-1.3164724,0.07600409,-0.6135175,-1.7986293,-0.11635092,-0.4444208,-0.38410416,-0.06213286,-0.28867915,0.087766446,-0.7602948,-0.6691119,1.157775,-0.078024015,0.12855168,-0.06397961,-0.6134934,1.7197595,-0.5173264,-0.19050182,0.69317025,0.6037959,-1.465137,0.47815847,-0.9170745,0.28976053,-0.62362844,0.08321281,0.81177276,1.0039684,-0.5746517,1.1270288,0.43267196,-0.43640712,0.28388456,0.64223176,0.56386566,0.41982904,-1.9400792,1.1062385,-1.6178863,-1.1796262,0.17875661,0.6638757,-0.31325766,-0.18451396,-0.50493973,0.61728245,0.5573865,-0.9479955,0.92183334,1.7524992,-0.46807384,-0.5474689,0.9585401,0.67571366,-0.49480268,-0.084779665,2.1520953,0.53668636,1.5932064,-0.9225682,-0.5428827,-0.18607229,-0.5367641,-0.593493,-0.42315787,-0.69780445,0.092610225,0.6474652,-0.4152823,0.701387,-1.4238486,0.20195542,1.3829695,-0.80790645,-0.26838663,0.5137361,-0.34393656,-1.3181695,-1.1259733,1.0396665,1.562029,-0.08421083,-0.1799328,0.20923936,1.3183775,0.6093732,-0.38547772,-0.5950183,0.37162682,1.0298562,0.8308265,-0.73843455,-1.1183739,0.7744574,1.4815761,-1.2546968,0.5853941,-0.7912918,-0.82847524,-1.7861724,1.255075,0.83441275,0.33803025,1.2653273,0.6511638,0.02449667,0.74465513,-0.42220116,-0.3474325,-0.05695133,-0.59702075,-0.08439502,-0.6794636,-0.568302,0.08438576,-1.0064702,-0.39119738,0.16140012,1.0638283,-1.3210311,0.11342425,-0.31197917,0.6062243,0.2647947,-0.38886547,-0.61443937,-0.022898806,-1.1953988,1.3350667,1.2081406,-0.20100519,-1.9024374,0.7258848,0.7922812,0.35518563,-0.63788724,0.6778698,0.5149181,-1.5298518,-0.48667574,-1.6141576,-0.8357961,0.3398437,1.5352806,-0.7216133,0.5600865,-1.4055285,0.8098615,0.24980696,-0.5774022,0.38873112,0.1440323,-0.6912064,2.1278996,1.1179411,0.25168335,0.088739954,0.9783891,1.3697623,0.1622743,-0.5607007,-1.3756592,0.6252164,0.9997579,0.40298504,-0.9011416,0.045160167,0.64379466,-0.18591131,1.686812,-0.38374493,-0.40543857,-0.861058,0.09476385,-0.34237105,-0.17901044,-0.6242307,-0.023940047,-1.3411026,0.32856572,-0.54851395,-0.24170464,0.28277403,-0.9919612,-0.16853157,0.076046646,1.3143802,1.0719053,0.60025966,0.932512,-0.26969388,-0.21489893,-0.96869534,-0.5743521,0.7930735,-1.2237406,0.18822026,0.3714128,0.8745249,1.8531431,0.65041214,-0.45648256,-0.13248718,-0.24236308,0.3121181,-0.012081023,-0.56096864,-0.24606922,-0.0053025284,0.16282266,-0.14079277,-1.2292053,-0.31566635,-0.19968891,0.7204971,0.31164372,0.37059012,0.08114863,0.45562914,1.4114805,0.30283344,-0.9466438,0.0
ワ,0.2413127571344375,0.1787703335285186,0.4631074070930481,-0.2309708595275879,0.2003732621669769,0.277688056230545,0.122989721596241,0.308803528547287,-0.009906692430377,-0.619081437587738,0.7028918266296387,-0.3670854270458221,-0.6940755248069763,0.2042390406131744,0.3712596893310547,-0.3850686252117157,0.0479442365467548,-0.0029694295953959,-0.0235241279006004,-0.6805608868598938,-0.7096894383430481,-0.3323213160037994,0.133449524641037,0.3075015842914581,-0.0579979717731475,-0.3176624774932861,0.2532162666320801,0.3636884987354278,-0.06850615888834,0.0407397486269474,-0.3937130868434906,-0.2223573923110962,0.1632612198591232,0.0832343325018882,-0.0201122909784317,0.4200762808322906,-0.0385860241949558,-0.0719058960676193,-0.1453847140073776,-0.0582923367619514,0.0135667948052287,-0.1084998920559883,-0.4628358781337738,-0.1235483288764953,0.0751526281237602,0.5497376322746277,0.2003061473369598,0.1607071906328201,0.6362603902816772,0.1629896461963653,-0.1024657636880874,0.2144966721534729,0.3965997397899627,-0.1590530276298523,0.2973221242427826,-0.1747583895921707,0.4911096692085266,-0.2990573942661285,-0.181793212890625,-0.0168553367257118,-0.1853495240211486,-0.18560691177845,0.1348696798086166,-0.1999842971563339,-0.0588796064257621,-0.5896822214126587,0.2047021836042404,-0.1098772808909416,-0.2945514619350433,-0.8377299904823303,-0.4084526896476745,0.0486794635653495,0.1980382204055786,-0.3737556040287018,0.6239222884178162,-0.4078696072101593,0.3511313796043396,0.1782393455505371,-0.0216964837163686,0.0487788133323192,0.0719891414046287,0.4078477323055267,0.0116257676854729,-0.4409614205360412,0.4782087206840515,-0.0275317933410406,-0.2514725029468536,-0.7447549104690552,0.2051654756069183,-0.3792103826999664,-0.1349472403526306,-0.0864250659942627,0.7027817964553833,0.0751868039369583,-0.0480694435536861,-0.092638686299324,0.0666812807321548,-0.296792209148407,-0.1828226745128631,0.4300658702850342,0.1845071017742157,0.2618727385997772,0.3073272109031677,-0.108279675245285,-0.1922115236520767,0.051080334931612,-0.2113365679979324,0.1311621814966201,0.1733545213937759,-0.1695635020732879,-0.0520379804074764,-0.4638365507125854,-0.7414183020591736,0.243459939956665,-0.2268925160169601,-0.0013846431393176,-0.0529135353863239,0.2848470211029053,-0.6557327508926392,0.5488384366035461,0.4753878116607666,0.4563406705856323,0.0971252173185348,-0.2150113582611084,-0.1586046665906906,0.3361483812332153,-0.1139255836606025,-0.1999377310276031,-0.1110959947109222,-0.1130072101950645,-0.624144971370697,0.1062829121947288,-0.1758894622325897,0.0410359315574169,-0.0410412959754467,0.6244069337844849,0.232682392001152,-0.3461590707302093,-0.2464451789855957,-0.4861814081668854,-0.039217859506607,-0.4130640625953674,0.2633273899555206,-0.3577988147735595,-0.2995397448539734,0.4134209454059601,-0.3359703719615936,-0.6493031978607178,0.5211266875267029,0.313008189201355,-0.2839158177375793,0.7572974562644958,-0.5182087421417236,-0.06156961992383,0.1027121022343635,0.017388368025422,-0.5008480548858643,0.0049629779532551,-0.2358529269695282,0.1593533754348755,0.0162526108324527,-0.3121871650218963,0.1381345838308334,0.7075648903846741,-0.035793200135231,0.2624489068984985,0.4848371744155884,0.3598402142524719,-0.1327529996633529,0.3693170547485351,0.173502579331398,0.3283210694789886,0.1605433970689773,-0.1474442332983017,0.2038976699113845,0.4113959968090057,0.1904880404472351,0.1232999190688133,0.1739604622125625,-0.6162610054016113,-0.1287829428911209,-0.5904178023338318,-0.2561262249946594,-0.4298394918441772,0.0668615847826004,-0.0496128797531127,0.1180369034409523,-0.0869859009981155,-0.009336482733488,-0.6274248361587524,0.1896704584360122,-0.3846854865550995,0.0583632625639438,-0.341237872838974,-0.0775578394532203,-0.1159388944506645,-0.1863009631633758,-0.1251313388347625,-0.1304588466882705,0.6321461200714111,0.0707256495952606,0.2466509938240051,-0.1562853902578354,-0.2597391903400421,-0.9400139451026917,-0.2574775516986847,0.3049747347831726,0.2313425093889236,0.5142185688018799,0.2665613889694214,-0.276700347661972,0.5655514597892761,0.2455798685550689,0.1894823908805847,0.1442545801401138,0.4631680250167846,-0.4667972028255462,-0.4875037968158722,0.3424248993396759,-0.045272622257471,0.2025156915187835,-0.1735217124223709,0.4550232887268066,0.1352211833000183,0.1277494728565216,0.3906180262565613,0.3952604830265045,-0.0449961349368095,-0.2838775217533111,0.581055760383606,-0.2730138301849365,-0.3001729249954223,-0.5723670125007629,-0.2318571507930755,-0.7001567482948303,-0.1541214883327484,-0.3089911937713623,0.3295716643333435,-0.3614890575408935,0.0553109087049961,0.2006274759769439,-0.2713775038719177,-0.0228559263050556,-0.3499003052711487,0.1026369631290435,0.018752571195364,-0.0759266689419746,0.0073384214192628,-0.1255257278680801,0.0043984237127006,-0.5807868242263794,-0.5806497931480408,0.0001522223901702,-0.5368183851242065,0.3955245316028595,0.3873147368431091,0.5032966732978821,-0.1842720657587051,0.1282427310943603,-0.6778523921966553,-0.097983032464981,-0.6286552548408508,-0.2052749395370483,-0.3768730163574219,0.0444958433508873,0.060356218367815,-0.1927465051412582,-0.4949775636196136,-0.3392795324325561,-0.273395836353302,-0.0742387548089027,-0.2183254659175872,-0.1790715306997299,0.2235536277294159,0.0046378392726182,0.0427511520683765,-0.5416058897972107,0.2387636601924896,-0.132682591676712,0.3067868947982788,-0.62679123878479,0.1875622719526291,-0.6922306418418884,0.41200852394104,0.1021604314446449,-0.2388453632593155,-0.2053805440664291,-0.6097872853279114,-0.1929580569267273,0.3759879171848297,0.1185566857457161,-0.3626678884029388,-0.5758072733879089,0.1323152780532837,-0.1763930320739746,-0.0173126719892025,0.0449931807816028,0.3379239737987518,0.3768601715564728,0.1699140965938568,0.1931411623954773,0.4403726756572723,0.0646395236253738,-0.2482482194900512,-0.2538265883922577,-0.3352954089641571,-0.3866178095340729,-0.1763036847114563,0.4713699221611023,-0.3018929064273834,-0.1224082186818122,0.684111475944519,-0.2768462002277374,0.3288931250572204,0.2130254954099655,0.2835222780704498,-1.904072999954224,0.1054731979966163,0.3875754475593567,0.0553796254098415,-0.1157830283045768,0.6769788265228271,0.193166971206665,0.2563250958919525,-0.5997396111488342,-0.5158461928367615,0.6794787645339966,0.4471501111984253,-0.1428871601819992,-0.031478077173233,0.4068558514118194,-0.15891133248806,-0.0096568493172526,-0.7697862982749939,0.1979604065418243,0.3812753856182098,0.1119302734732627,-0.1508769989013672,0.092798575758934,-0.2917239964008331,0.0856456458568573,0.0926432013511657,0.1707013547420501,0.5206187963485718,-0.743687093257904,-0.0502448417246341,0.0522429123520851,0.8600127696990967,0.8047516942024231,0.4540750682353973,0.0550342835485935,-0.2378327548503875,0.2510644495487213,0.7954850196838379,0.4641810953617096,-0.1454514563083648,0.0224768798798322,-0.1577703207731247,0.5330590605735779,0.2399826198816299,-0.1744367033243179,-0.0078560700640082,0.2891948521137237,0.2068371325731277,-0.1853278279304504,0.6378749012947083,0.7026211023330688,0.1643740087747573,0.2274199575185775,0.1122594624757766,1.0803776979446411,0.0167354959994554,-0.1720712631940841,-0.6439107656478882,-0.0693342164158821,-0.3772121667861938,0.0281704869121313,0.0341115146875381,0.1204939261078834,0.3888536691665649,-0.26344895362854,0.2356073856353759,0.1882521957159042,-0.141860157251358,0.3511867523193359,-0.5903806090354919,-0.4722960591316223,-0.1884626150131225,0.0787147358059883,-0.7799350619316101,0.4340822100639343,0.3551900088787079,0.4194347858428955,-0.1693917661905288,-0.418043315410614,0.0821450799703598,-0.1838152557611465,-0.1405083686113357,-0.1368604600429535,0.2683771848678589,0.0035926848649978,-0.3261288106441498,0.1754208654165268,-0.4795490205287933,-0.4578913748264313,-0.0307402648031711,-0.9618868231773376,-0.1040217950940132,-0.1706620752811432,0.563137412071228,-0.1736572682857513,-0.0861991345882415,0.1741252243518829,-0.0278803668916225,-0.1509958058595657,-0.1282553821802139,-0.5938723683357239,0.4089792668819427,0.0829112455248832,0.1023548021912574,0.3406684398651123,0.322893887758255,0.223098412156105,0.3688583970069885,-0.5460566282272339,0.0554232895374298,-0.6036502718925476,-0.3188444375991821,0.6694896221160889,-0.1693537682294845,0.2791080772876739,0.0025752088986337,-0.1787163913249969,0.542557954788208,-0.2638455331325531,-0.5683379173278809,-0.1815653145313263,0.6087106466293335,0.0767980962991714,0.6428160071372986,0.3767095804214477,0.7915942072868347,-0.1173194795846939,0.4403795003890991,-0.0117283333092927,-0.0706030502915382,0.4441592097282409,-0.6632746458053589,0.086125947535038,-0.0458831451833248,0.1410325169563293,0.4225548207759857,0.2312281280755996,0.1681516319513321,0.2723524868488312,0.204196348786354,-0.1137217283248901,0.2081228494644165,0.2457365095615387,0.4334879219532013,-0.3478754460811615,-0.6161081194877625,-0.3627859354019165,0.0360947698354721,-0.4686858057975769,-0.1440361589193344,0.6839170455932617,-0.0683362036943435,0.0923455953598022,-0.230743795633316,-0.726019024848938,-0.4816818833351135,-0.4784334897994995,-0.2105551660060882,0.0735890418291091,0.4203126728534698,0.572357177734375,0.0075897825881838,-0.9132795929908752,0.3101041913032532,0.1929487884044647,0.4606478214263916,0.1261327117681503,-0.2455170452594757,-0.1573473215103149,0.0669548138976097,-0.0716644003987312,-0.1940649151802063,0.1808452606201172,0.0132692204788327,-0.0506711341440677,-0.4842084348201751,0.1540281176567077,-0.2623700499534607,0.147505834698677,-0.2539973258972168,0.5185579657554626,0.1032202765345573,-0.7609311938285828,-0.3099862039089203,0.1274624466896057,-0.2596737444400787,-0.130606472492218,-0.6116222143173218,0.1900205761194229,-0.3813090324401855,-0.1310446858406067,0.289544016122818,0.5359349846839905,-0.292400449514389,-0.1346074938774109,0.3891332149505615,0.569875955581665,-0.0460829734802246,0.0397218838334083,-0.0701807290315628,-0.2849186658859253,-0.1758468896150589,0.042526826262474,-0.1490150094032287,-0.1989455670118332,-0.0196695402264595,-0.7796398997306824,-0.2522390782833099,0.0596350096166133,-0.8661103248596191,0.6774477958679199,0.1855203956365585,0.5301793217658997,-0.5003162026405334,-0.0892804190516471,-0.2446640431880951,-0.055185467004776,-0.0067036617547273,0.4187356233596802,-0.0389188192784786,-0.7822460532188416,-0.0678139701485633,-0.4740712940692901,-0.4957434237003326,0.4799340665340423,0.3959895372390747,-0.403847336769104,0.0971675738692283,0.3388460874557495,-0.2263126224279403,-0.14765365421772,0.0829782858490943,-0.1345392167568206,0.1110608279705047,0.2892637252807617,0.0348658375442028,0.2147877961397171,0.2842249870300293,-0.3344732522964477,0.1853161603212356,0.2598049938678741,0.6585676670074463,0.2961028516292572,-0.0005682099144905,0.0101207103580236,-0.0323925204575061,-0.557614266872406,0.4538787305355072,0.2717209458351135,0.5444968938827515,-0.3912653625011444,0.6192585825920105,0.6213282346725464,-0.4582399129867553,0.3543581068515777,0.6622916460037231,0.4146571457386017,0.3334271311759949,-0.0352933555841445,-0.0612291432917118,-0.7317131757736206,0.2767074108123779,-0.030510202050209,0.2554322183132171,-0.0355859622359275,-0.03243850171566,-0.1068602353334426,-0.2455630004405975,0.0175148211419582,0.3637334406375885,0.3277826011180877,0.1446813493967056,0.3021716773509979,-0.377583771944046,0.4751031100749969,0.4331249892711639,0.0210160855203866,-0.1459994614124298,0.2460961192846298,0.3802261054515838,0.6374589800834656,0.0314390994608402,0.3572412133216858,-0.2072588503360748,-1.0218791961669922,0.0856554731726646,0.0102315852418541,0.3644465208053589,0.5951054692268372,-0.5780338048934937,-0.2023299187421798,0.1860213130712509,0.5037203431129456,-0.2873859405517578,-0.0941149368882179,-0.4399446547031402,0.1732430458068847,0.2615323066711426,-0.1303068548440933,0.0727578476071357,0.1291072368621826,0.3212997913360595,-0.1634944677352905,0.1456749439239502,0.2130679488182068,0.7299164533615112,0.1362379342317581,0.0912676230072975,0.0425005368888378,-0.2699767649173736,-0.4450969099998474,0.0519218407571315,0.0658692419528961,-0.3387294709682464,-0.4071281552314758,0.0378243289887905,-0.3907216489315033,0.1473091691732406,-0.2990520000457763,0.2549092173576355,0.3078309893608093,0.057633202522993,-0.0366539470851421,-0.4790743589401245,-0.0632993876934051,-0.0242817495018243,-0.7737974524497986,0.0951301604509353,-0.2579847872257232,0.1720798462629318,-0.2192899286746978,0.0213155206292867,-0.4729840755462646,-0.2633458077907562,-0.367784172296524,0.5505667924880981,-0.1218723282217979,-0.4214291572570801,0.4173358082771301,0.3114523291587829,-0.1264443844556808,-0.9922773838043212,0.3278978765010834,0.3606756329536438,0.5684622526168823,-0.2312356829643249,0.509494423866272,-0.3745315074920654,0.2229006588459015,0.1008925884962081,-0.4160842299461365,0.5262504816055298,-10.464190483093262,-0.4213390946388244,-0.4990895688533783,-0.2991828024387359,-0.523726224899292,0.3393937647342682,0.6275897026062012,0.3310806453227997,-0.4008956253528595,0.1503154784440994,0.0772168710827827,0.4325231611728668,0.3527701199054718,0.3085150718688965,-0.5929360389709473,0.1288890391588211,-0.3219438791275024,-0.482525885105133,0.0016949117416515,-0.2160532176494598,0.1131066754460334,-0.6644826531410217,0.5310324430465698,0.5345878601074219,0.1479681879281997,-0.1676557660102844,-0.139973372220993,0.4004792869091034,-0.031229430809617,0.2987416684627533,-0.8072220683097839,0.4482598602771759,-0.1692170053720474,0.4520938098430633,-0.2333208620548248,0.0534967370331287,-0.2512939572334289,0.5023176074028015,0.0249905418604612,0.3453520238399505,0.3133562207221985,0.4285598397254944,0.0775187611579895,-0.117707647383213,-0.2019536346197128,0.3702673316001892,0.1418785601854324,0.3137893378734588,0.5656222105026245,-0.0047943969257175,0.0482669658958911,-0.1866386830806732,-0.2593395709991455,-0.3541021943092346,0.2779557704925537,-0.0045330733992159,0.7600528597831726,-0.7735229134559631,-0.0309431999921798,0.1052391529083252,0.3330523669719696,-0.145843043923378,0.9523369073867798,0.8970859050750732,0.2635754644870758,0.160239428281784,0.4378549754619598,0.3983334004878998,-0.3247032165527344,-0.1075038537383079,0.3310868144035339,0.5564315915107727,-0.0966658219695091,0.2015350461006164,0.1424711048603058,0.7568235397338867,0.0272642467170953,-0.2367813438177108,0.2114190310239792,-0.2960522174835205,0.4381178021430969,-0.1655402332544326,-0.2865816056728363,0.1388946920633316,-0.6065528392791748,0.2488703578710556,0.0686032027006149,0.3074870109558105,0.1111298725008964,-0.5870758891105652,0.4450457394123077,-0.1704249233007431,-0.2904482185840606,0.4092161357402801,0.2255211770534515,-0.2218035459518432,-0.1488069295883178,0.3035394251346588,0.3374594748020172,0.0487138368189334,-0.17939228,-0.3344498,1.0873084,1.4037484,-0.72744465,-0.8103482,-1.2902111,0.18313164,0.64188415,-0.5235829,0.86900103,-0.50652164,-1.4612908,2.4331698,-0.55194926,0.20802097,0.74916625,-0.55496204,0.25895855,-0.2424517,0.66580343,0.38876903,0.6632516,-0.28064734,0.35659486,1.0467407,0.69155574,-0.24456045,-0.52745646,-0.732024,-0.34818742,-0.7976134,-0.7241736,-0.6944084,-0.086842984,-1.0966784,-0.65654,1.3651223,0.16828476,-1.0849061,-0.889211,0.82830787,0.05746844,-0.11823811,-0.6909822,-0.016100863,1.9241554,-0.4914971,0.41936547,-0.19894607,-0.7102068,-0.6246897,0.52834934,0.65710044,1.02298,-0.19550364,1.0870322,0.72932667,-0.26953802,-0.6394676,0.4865064,0.42764196,-1.1150463,-0.05977542,-0.087883495,1.1058722,-0.47267273,-0.021755567,-0.29465398,-0.49142253,-2.5278046,-0.787738,0.48616976,0.92744637,-1.3095071,0.35271937,0.48586205,-1.1473919,0.28145322,0.35582653,0.005444149,0.3151789,-0.9125831,1.0987961,-1.1457423,-1.0873169,-0.14071599,-0.047734026,-1.3171394,0.08524687,-0.040214248,-1.3039441,-1.6598125,-1.1431385,0.7877088,-0.1643492,-1.0499363,-0.37908295,-1.1770791,0.092239805,0.25269067,1.1170394,-0.18919563,-0.117929846,-0.88219666,-0.32865244,-0.55059737,-0.65219414,-0.9402701,0.6270711,0.1620823,0.7593343,0.42537603,1.3620763,0.48509783,0.6589515,-0.5018308,-0.50866675,-0.23864627,-0.18470618,1.1346164,0.59671944,-1.0308162,0.4869512,0.5144313,1.2423022,0.29196432,-0.46585804,0.87556463,0.07967749,0.5710261,-0.44441012,1.6545103,0.92033416,-0.6407338,-0.039824612,-0.30676126,0.106755085,0.292686,-0.92536056,-0.6183526,-0.34346947,0.18344553,-0.6127528,0.49745104,-1.4977512,0.17669252,0.6683761,0.7590875,0.062316045,-0.039977137,-0.9069199,-1.045107,0.4859946,0.33604193,-0.3134273,0.2351785,-0.39903414,-1.5184188,0.8837431,0.19069107,1.415831,-0.9223067,0.6662199,0.25619784,0.4350953,-0.77606624,0.5124706,-0.62233734,-2.1380882,-0.65217906,0.122234374,0.6046417,-0.18179303,0.590528,-0.4036121,0.3442232,0.56843936,-0.6532695,0.11740895,0.6514828,1.0878036,0.09191389,1.4730932,-0.4834393,0.49938568,0.48548603,0.3902148,0.22756195,0.455257,0.6573071,-0.7283732,0.9136448,1.2429695,1.2791446,2.8360586,0.6519623,-1.1946927,-1.0852216,0.80447835,-2.194232,-0.5237089,0.85779774,-0.9236714,1.7806824,-0.69308674,-1.0961097,1.8694617,0.3570725,0.092929035,-1.548241,-1.0953522,1.3766824,1.0256209,-0.102507874,-0.22553974,-0.70336473,0.58417356,-0.33060503,-0.2901727,0.54555124,0.40552503,0.17328556,1.3449798,-0.9751065,0.45897293,0.6785206,0.5587154,0.73938787,0.18969192,-1.602983,0.35062492,0.52269983,-0.54406035,-0.3786435,0.35638523,-0.671977,0.6776626,-0.09824929,0.8735889,-0.1664998,-0.91649425,0.19198838,-0.55380577,0.35438636,0.2857442,1.9908744,-0.11601928,-1.2306151,-0.45721564,0.53302217,1.3325037,0.3105047,0.21010429,0.7606437,0.96456516,-0.7913103,-0.096578635,-0.4408786,-0.019814432,-0.33430615,0.8729303,-0.14671873,0.36005133,0.1482033,-0.6863706,-0.50339943,-0.18490165,-0.09225603,-1.0960122,-0.91765076,-0.73577183,-0.83660203,0.120548025,-0.077382736,0.42784092,-0.9006354,-1.0624306,-0.9278277,0.3626209,0.9388149,-1.2732763,-0.14133853,0.41810387,-0.886337,0.31764042,-0.0515435,-0.0790845,0.051318195,0.9338006,-1.0615174,0.96473545,0.14050001,0.39757645,1.3856207,0.3191478,1.1123129,-0.5218489,0.24029623,-0.8566023,0.5248007,1.1128442,-1.3442446,0.68929946,-0.6495149,-0.2824683,1.0714736,-0.5779353,-0.5317478,-0.45140314,0.2662093,-0.16531605,-0.9333642,1.6968749,-2.3851047,1.3934067,-1.6718999,-0.43691054,-0.5062786,-0.3452008,-0.9866263,0.6644448,0.5456213,0.34900835,0.64770544,0.12349907,0.038919196,0.30463916,0.19797727,0.599769,-0.55345094,0.6659786,-0.60240495,-1.4783797,0.40938425,1.084013,-1.2858634,-1.8391936,-1.6318253,-0.3021543,0.39995176,-0.37183106,-0.0064706006,1.0983337,-0.1866011,0.5926762,-0.61034334,-0.15272647,0.34791243,-0.7993392,1.0540371,-0.26602712,1.0042628,-0.79622364,0.011423449,0.44471005,-1.8317076,-0.08606738,-0.71161014,1.8385862,0.70515585,0.38087463,0.4027441,0.26872712,-0.66345185,-0.4570518,1.1296139,-0.0004235993,1.6699748,0.28148064,-0.61775494,1.254043,0.18310341,0.7480991,-0.67185885,-0.3627278,2.012134,-0.04096905,-0.63932717,-0.29936114,-0.2610861,-0.24882036,-0.049797803,0.66897297,0.05248049,-0.038130406,0.9151192,0.992451,-1.422651,-0.70001763,-0.6281865,0.28068674,0.8935908,1.5264547,1.3986821,-0.5959084,-1.1076324,-2.0064032,0.18880945,1.2011402,0.35866964,0.7460272,-1.5680267,0.26814377,0.29025424,0.2582632,-1.374267,-2.1706073,1.9846298,0.1691294,0.3252849,1.2164961,-0.81310177,-1.8062463,-0.17452866,0.6488777,0.39922437,-1.31028,-0.6398197,0.9199223,-0.8383919,1.2059487,0.9178471,0.27326128,0.15744525,-0.072316855,0.57207054,0.17200595,-0.6970735,-0.6774655,0.05931524,0.6620874,-1.1758859,-0.7394017,0.43220574,-1.856244,0.7385936,-0.31103194,-0.45594698,0.019113315,-0.5241232,-0.8848158,-0.67017454,-0.029511936,-1.6104105,-1.0272603,0.13349937,-1.046289,-1.8296621,0.97881275,1.180988,-1.1078473,0.5088877,0.33657914,0.17687073,0.66505426,-0.010771919,-0.22780183,0.40497586,-0.112153426,-0.18190122,-0.3892632,-1.5334926,-0.6212537,0.68802667,-1.1889873,-1.1945277,1.1383872,0.5324442,-1.3541814,-0.4554914,-0.1182042,-0.41940138,0.53580415,0.61614823,0.14130643,-0.23182096,-0.8110365,0.17347649,0.30610964,0.7274883,-0.2420174,-0.5312,0.13257286,0.08999028,0.035183847,1.51769,0.48008278,0.82444453,1.0160515,0.08027395,-0.55693287,0.92026603,-0.09256433,-0.05336076,1.1388048,-1.6310664,-1.0793148,1.6274171,-0.320571,-0.9145441,-0.19382212,0.5305703,0.22355549,0.41610608,0.1533002,0.9755391,1.0940373,0.8005758,1.5440582,-0.29161763,-0.11936773,-0.41027915,0.19444333,-1.2334334,-0.65089095,0.45617697,0.38284504,1.8970786,-0.7016784,0.46696758,0.22858058,-0.7894729,-0.651808,0.42250797,0.03964963,-0.8727734,-0.21793327,0.025457222,-1.2280372,0.30551055,-1.4361758,-0.20129459,0.11471687,0.837129,-0.39921778,0.22175159,0.416548,0.52303165,-0.8992047,0.48262167,1.4118,1.448923,-0.29331005,-0.8751555,0.12430341,-0.67834604,-1.8153517,-0.042218335,-1.4499652,-0.5119561,0.087028265,-0.64042825,-0.14571036,-0.83756655,-0.6247868,1.6445926,0.23053926,0.040130477,0.12760054,-0.46949482,1.8111744,-0.6239136,-0.6333234,0.932424,1.246484,-1.2157553,0.42054662,-1.0771594,0.44790834,-0.9878309,1.2299246,1.1029426,0.81833744,-0.39918095,1.0515815,-0.35716507,-0.8037282,0.17233415,1.0548309,-0.089508995,0.4647593,-2.0172155,0.7482619,-1.2830604,-1.0217364,-0.069105,0.47423384,-0.44196925,0.01019213,0.015843742,0.38477787,-0.12722251,-0.9180858,0.9389129,1.9604049,-0.40843168,-0.7529843,1.0959728,0.30653417,-0.6239659,-0.36323276,2.5304723,0.58930236,1.1874775,-0.83301175,-0.46229097,0.09102958,-0.049871758,-0.9764383,0.017543469,-0.5015414,0.050265953,0.311553,-0.48210922,0.8334777,-1.4273275,-0.13293298,0.9485946,-1.0699488,0.0067348448,0.6481932,-0.83619213,-1.4669925,-1.513892,0.4177297,1.0932956,-0.42533758,0.0021852786,0.80812466,1.5269525,0.41738796,-0.4649347,-0.6361797,0.7142622,1.333455,0.8516231,-0.90350085,-1.1752762,0.6982564,1.2600777,-0.75038236,0.5245386,-0.0944012,-0.40376413,-1.9683393,1.1588277,0.056737397,0.015486095,1.2460598,0.5246124,0.09123941,0.56984365,-0.10410946,0.31401336,-0.34627277,-0.34447876,-0.13858332,-0.11462801,-0.70289135,-0.1684644,-0.90416366,0.029994795,-0.19069842,0.91589695,-1.0914528,0.36097604,-0.29401225,0.9523078,0.41906792,-0.05686572,-0.85817635,-0.62960255,-0.6835964,1.6357814,0.925913,-0.5156053,-1.3740584,-0.10468534,0.6384643,1.0637586,-0.43666244,-0.08005098,-0.02771502,-0.3938334,0.187842,-1.0861468,-0.3762612,0.3449225,0.7250569,-0.83878464,0.98315686,-1.50125,0.95569843,-0.009426818,-1.2056125,-0.06171906,0.32638597,-0.64120364,1.683071,0.7398554,-0.04971573,-0.17839685,0.6035392,0.7923178,0.14330137,-0.31268778,-1.2833914,0.8947332,1.1468464,0.22772264,-1.1173304,0.079433575,0.19343343,-0.4230286,1.5075175,-0.26279932,-0.42946047,-0.62140685,-0.49333832,-0.9713531,-0.005337326,-0.30065256,-0.11405607,-1.2646636,0.0031932427,-0.7805453,-0.11976782,0.24191931,-0.41352358,0.20917347,0.15745494,1.0206785,0.7831319,0.47081313,0.43657887,-0.68546915,0.15366864,-0.9440098,-0.46659294,0.58069694,-0.8002938,0.55556464,-0.11085273,1.6282352,1.4064823,0.4558594,-0.5314123,0.17303284,0.16147998,0.15232195,-0.04573746,-0.541085,-0.4269892,0.10137853,0.24550489,0.6173226,-1.5592085,-0.4414438,-0.04248564,0.5304503,0.4552051,0.7995937,0.1299288,0.6543305,1.693503,0.96656257,-0.16914378,-1.2375021,-1.2938042,0.88500893,2.0453084,-0.81906724,0.06005303,-1.3458805,0.10207482,1.3432782,-0.90924,0.17049009,0.31152087,-1.8253512,2.216905,-0.986265,0.3749359,0.8465202,-0.30915067,0.379042,-0.74248683,0.6191239,0.32039312,1.1356643,-1.1520759,0.43159977,0.9689903,-0.032096654,-0.844269,-1.0450892,-0.84834474,-0.236732,-0.97487783,-1.017108,-0.88158834,-0.23075195,-1.4489546,-0.9375317,1.3759414,0.19772908,-0.30486673,-0.64570016,0.78600216,-0.9552796,0.46216562,-0.5073655,-0.26573926,2.3948488,-0.3093364,0.85613924,-0.25641426,-0.524739,0.20043021,0.33191785,0.48548895,0.46860808,0.13805443,0.952448,0.8509673,0.023111962,-0.38715494,0.38384354,0.98334825,-0.9519383,0.17773278,0.7366496,1.0166805,0.38869324,-0.59230405,-0.7982715,-0.73800504,-2.0870667,-0.6868468,0.8375154,1.0974065,-1.1420351,1.1732136,0.00038170815,-0.24094036,0.14264861,0.44685858,-0.29015318,0.5542174,-1.2077608,1.4196258,-0.13636091,-0.55189973,0.4217112,-0.54072124,-0.8485384,-0.36905438,0.2540522,-1.178872,-1.9390547,-1.075379,0.674746,0.42247897,-0.85300493,-0.53814363,-1.3877201,0.12597299,-0.0135771865,0.9005199,-0.48442808,-0.14285415,-1.041685,-0.14733516,-0.8142859,-0.45189905,-0.606738,1.0010587,-0.47365206,0.7143444,0.4246152,1.4786657,0.65735954,0.35186866,-0.8988565,-0.78410226,-0.98002565,-0.11157927,0.6983553,-0.022166677,-1.3087585,0.31467295,-0.08260335,1.4270866,0.012920864,-0.8389154,0.7860736,-0.35188678,0.9155619,-0.39470482,1.4545972,0.3064433,-0.90222406,-0.10817315,-0.33329347,0.51322365,-0.56408465,-0.28090712,-0.48936194,-0.21551186,-0.14401649,0.24482346,-0.055419765,-1.8367326,0.24802455,0.22047004,1.1499612,0.55474085,0.46044758,-0.40459755,-0.4439688,0.91657543,0.5365696,-0.3253681,0.20659392,0.63687783,-1.6064745,1.5653765,0.6325573,1.273625,-1.2769839,0.67702895,0.39188892,0.50350875,-1.0539597,0.56580925,-0.884942,-1.8107188,-0.23139155,-0.2156005,0.56886876,-0.5056882,0.5253881,0.37740925,0.2679732,0.0047230646,-1.0133325,-0.30711752,-0.006600529,0.6907892,0.15540192,1.6790407,-0.7977012,0.15811586,0.8983433,0.2731304,0.46881285,0.61388594,0.8124956,-0.6922335,1.1145093,1.319808,1.2455218,2.8819542,1.1246336,-1.5244699,-1.2065089,0.7760182,-1.6848588,-0.039063632,0.62853146,-0.6147216,1.4378152,-0.84162486,-0.74126047,2.0618067,0.94124293,0.28159326,-0.94187224,-0.93129224,0.928568,0.7245023,-0.4646204,-0.13472936,-0.54674447,0.04241835,-0.056828048,-0.49045452,0.36927977,0.09858989,0.874299,1.6562555,-1.4737605,0.5129772,0.7156313,-0.011781648,0.32822603,0.5244182,-1.3383483,0.08151257,0.30977187,0.02166345,-0.90289634,0.25602075,-0.34271508,0.90921295,-0.5156677,-0.34357455,0.4264003,-0.7130549,0.08420433,0.13786164,0.4838838,0.005119183,1.6840534,0.76259893,-1.0646996,-0.41655752,0.47168192,0.9690377,0.18145251,-0.27706555,0.7939143,0.50853765,-0.5070524,-0.3920522,-0.35966676,-0.2676333,-0.22046146,1.0025185,-0.43756056,0.965996,0.46152434,-1.1336548,-0.7289742,0.13346684,0.09088915,-1.1862999,-0.8965634,-0.9655908,-1.4949121,0.37987822,-0.65665984,-0.23796405,-1.2117195,-0.738524,-1.4708968,0.34003323,1.047504,-1.6620684,-1.0632594,-0.3329162,-0.18805405,0.47103345,-0.7400159,0.18543531,0.852003,0.40503955,-2.2493932,0.91141886,0.5306524,0.4481117,0.41984075,0.29307792,1.4701688,-0.21653117,0.8042985,-1.1319798,0.79049283,0.77985483,-1.5940598,0.56320775,-0.26691115,-0.4626844,0.7475186,-1.0585642,-0.15551622,-0.724421,0.130402,0.24420556,-0.8437939,2.008838,-1.7332631,0.6994413,-0.9965751,-0.6819008,-0.650566,-0.24378176,-1.4757146,1.1381552,0.5627388,0.1506927,0.605244,-0.08791153,0.06919149,0.6080242,0.7253586,0.86678684,-0.39691955,0.47619992,-0.7597983,-1.8880804,0.42752036,0.7414466,-1.2250195,-1.4982755,-1.2369611,-0.76497245,0.9472293,-0.87859416,0.12186603,0.5742861,-0.67815053,0.94856405,-0.15948349,-0.09196435,0.35198587,-0.3957369,0.95223445,-0.010633767,1.8235993,-0.85291934,-0.03625548,1.0852555,-1.9389951,-0.16968141,-0.32611433,2.4434357,0.45999524,0.44107345,0.15169504,0.18690869,-0.9274815,-0.39648628,0.70172566,-0.22130588,1.4694574,0.83621824,-0.34013137,1.5909848,0.41775793,0.95664847,-0.8801625,-0.6340513,1.9826387,-0.33076152,-0.8869769,-0.23627041,-0.3647099,0.4784029,0.13333273,0.5202048,-0.38176006,-0.59388304,1.0448154,0.749021,-1.7759482,-0.6966323,-0.9247637,-0.05020807,1.092586,1.2026738,1.7012134,-0.61134666,-1.145076,-2.1564643,-0.31680834,1.4936608,-0.0067996085,0.19303386,-1.3120427,0.16009301,0.655549,-0.01466481,-0.7380363,-1.8954097,1.6542232,-0.32421172,0.14017165,1.6980498,-0.5303886,-1.411681,-0.0072141215,1.1200511,0.29014024,-0.7760171,-0.768876,1.127403,-0.31581974,1.8863127,0.9395956,0.35790148,1.0866323,0.114738494,0.8964707,0.74301684,-0.76616836,-0.7450881,-0.16327827,0.9749143,-2.0087297,-0.75563776,0.37273467,-2.008094,0.99455,-0.7214159,0.06806745,-0.20082514,-0.46935272,-0.22798625,-0.44210646,-0.46432182,-0.9562179,-0.81870985,0.19683738,-0.54992425,-1.7033939,1.6751211,1.0850266,-1.7174184,0.73146844,0.23601812,-0.12155612,0.61943114,-0.33118474,-0.47018623,0.6872922,-0.013662182,0.30280706,-0.40935862,-0.9226985,-0.4716376,-0.1205309,-1.1833127,-0.96778077,0.8012042,1.3722023,-1.4631453,-0.6914007,-0.2329848,-0.52244186,0.5158552,0.82890296,0.44722286,0.25598308,-0.53416014,-0.42322797,-0.29885256,1.0386826,-0.58075356,-0.44115356,0.44165844,0.0855375,0.34011307,2.0834131,0.5603405,0.57221794,0.65024745,0.40694356,-0.36725414,0.26688176,0.0390627,-0.3852052,0.6023483,-1.8924924,-0.8563248,1.3401669,-0.39571464,-0.9619963,-0.27897754,0.44449246,0.21103543,0.4490693,0.04467055,0.7444938,1.2360747,1.2916499,2.152028,-0.27864224,-0.7105813,-0.81966615,-0.024350323,-0.8279159,-0.49366212,0.9407054,0.56683004,2.5827484,-0.05039069,0.5460519,0.3966257,-1.0548855,-0.35462895,0.24817003,0.7148778,-0.8861012,-0.34252974,0.74889445,-0.56036276,0.1329011,-1.4770527,0.13337363,0.30639014,0.07165539,-0.62827456,-0.42047733,0.07939735,0.49958763,-1.1636851,0.9301182,0.78270334,0.6922725,0.24001656,-0.6579403,0.23539001,-0.42802805,-2.1708856,-0.59359777,-0.10770622,-0.20220849,0.035254598,-0.079391465,-0.16575359,-1.2158496,-0.90133685,1.4120802,-0.08791279,0.51246244,0.11235127,-0.36687613,1.3087826,-0.80754113,-1.0042083,1.0119188,0.970626,-1.9403807,0.12288425,-1.180035,0.7424266,-0.72466326,0.6577623,1.1370764,0.81906426,-0.6945423,1.2647163,0.30086765,-0.6654792,0.46481362,0.8516319,0.13418923,0.53117746,-1.9684124,0.7498551,-1.4455507,-0.9674544,0.181443,1.1491395,-0.5187735,0.12592071,-0.32967326,0.13515894,0.4659695,-0.7935556,0.99455476,1.963984,-0.8081773,-0.5172582,0.71402043,0.23383056,-0.9284841,-0.2779475,2.5752194,1.1066974,1.125066,-0.83986735,-0.59556377,0.20539074,-0.0059739724,-0.7599804,-0.1377649,-1.191237,-0.24753958,0.47140568,-0.34448943,0.60815156,-1.2711835,-0.3442666,1.513482,-0.48096555,0.062276103,0.42729372,0.44555396,-1.5533811,-1.2625444,0.5402687,0.93615824,-0.20372392,-0.36380753,0.4593308,1.4679185,0.3894841,-0.5862222,-0.45453644,0.4245353,0.8175589,0.5274227,-0.5019226,-1.118192,0.85551447,1.2662224,-1.6786592,1.0392799,-0.56137264,-1.003218,-1.8301209,1.2151589,0.36012453,0.036438435,1.0043164,0.706517,0.08846589,0.6777039,-0.8990377,-0.23836909,-0.52843356,-0.5157956,0.085906744,-0.054368824,-0.29846376,-0.05259694,-0.5007082,-0.50565404,-0.33435968,1.0703386,-0.34730297,0.029936783,-0.50775665,0.38136727,-0.014484972,-0.37271,-0.7749884,-0.09382037,-0.65572196,1.6272463,0.9169523,-0.06609823,-1.6454737,0.3044984,0.19420698,0.83702934,-0.7427475,0.080304846,0.22174813,-0.8110281,-0.6059292,-1.5988246,-0.84830284,0.27652973,1.5546808,-0.7096108,0.8653184,-1.2797136,0.8117755,0.11484968,-1.2296462,0.39043704,-0.26852703,-0.41991472,2.0827467,1.0665622,0.30432528,-0.15985708,1.0145946,1.0561862,-0.010329992,-0.55684316,-1.4435256,0.9753461,1.2222049,0.58121467,-1.323992,-0.27097085,0.58879274,-0.23169395,1.0902506,-1.0939894,-0.8918445,-0.9168075,-0.061014004,-0.4553985,-0.3169961,-0.1947353,-0.0914118,-1.065713,0.2594874,-1.3757861,-0.83113134,0.111103415,-1.3352867,0.0045996606,0.29983667,2.0312552,0.8585094,0.8047049,0.5239236,-0.94568264,-0.2682675,-0.95124304,-0.72404665,1.1403698,-0.6667454,-0.18417133,0.50185657,1.1663437,1.815652,0.81111854,-0.85168076,-0.6324899,0.24863598,0.19464079,0.27194747,-0.74733734,-0.53877366,-0.33162457,0.39107877,-0.047201887,-1.3028533,-0.08689106,-0.07105964,1.1545492,0.5547588,0.7890188,0.28753194,0.39077112,1.3783576,1.1347657,-0.53302836,1.0
、,0.6195648908615112,0.3489904701709747,1.0567883253097534,-0.4765182733535766,-0.5891979932785034,-0.1809852719306945,0.0059980759397149,0.3481148183345794,-0.8365700244903564,-0.6619139313697815,-0.2249849289655685,-0.709401547908783,-0.0504682175815105,-0.4271685481071472,0.7363948225975037,0.4460712671279907,-0.5139725804328918,0.4701919853687286,0.1286108493804931,-0.3889336884021759,-0.8025297522544861,-0.7192121744155884,-0.5512325763702393,0.1941795796155929,-0.4240441024303436,-0.9229090809822084,-0.5777475237846375,-0.2258715033531189,0.0061606224626302,0.1903616487979889,0.2632638216018677,-0.4594249129295349,-0.3370295763015747,0.3261558711528778,-0.7294156551361084,0.6906647086143494,0.1098550781607627,0.2041232734918594,0.4162230789661407,-0.5478252172470093,-0.3630021214485168,0.5252999663352966,-0.6012375354766846,-0.5337058305740356,-0.1171065792441368,0.041893757879734,-0.1703510880470276,-0.031400877982378,-0.1483786702156067,-0.3944182395935058,-0.7106783986091614,0.7770763635635376,0.3953070640563965,0.1971932351589203,0.425059050321579,0.3488447666168213,1.0091537237167358,0.0231695063412189,0.0251429192721843,-0.2772858142852783,-0.7284931540489197,0.1356604993343353,0.3728354871273041,0.1996486485004425,-0.592863142490387,0.3532702028751373,-0.1977674067020416,0.5270116329193115,0.4377854466438293,-0.1567492187023162,0.5720683932304382,0.3822307288646698,0.2298650741577148,-0.3820671439170837,0.2723013460636139,-1.026605486869812,0.4222369492053985,-0.3067958056926727,0.2783031761646271,0.1548672318458557,-0.239579826593399,-0.1771947145462036,0.1182410269975662,-0.3522379100322723,-0.6739863157272339,-0.3207395672798157,-1.280389428138733,-0.1314788162708282,0.1092400550842285,0.1847828775644302,0.0771256908774375,-0.437089592218399,0.370442658662796,-0.3064039647579193,1.0832984447479248,0.4152913391590118,0.3117563426494598,-0.1497225910425186,0.3455894887447357,0.2241485565900802,-1.3417664766311646,0.5552119016647339,-0.0222490578889846,-0.8507680296897888,-0.5020774602890015,-0.1633059084415435,-0.2702930569648742,0.9135725498199464,0.5686036944389343,0.4233021438121795,0.0308378841727972,-0.2613431215286255,-0.8987371921539307,0.1841257512569427,-0.0797238424420356,0.4295142292976379,-0.5939999222755432,-0.1568807661533355,0.0380602180957794,0.1479811817407608,0.2256724238395691,0.58320552110672,-0.4946492314338684,-0.1372482478618621,0.271740585565567,0.1917717903852462,0.1432688981294632,0.3522486984729767,0.2582482099533081,-0.6036713719367981,0.3547253906726837,-0.6765661239624023,-0.4382753372192383,0.0448752231895923,-0.6328389644622803,0.965863823890686,0.2955978512763977,-0.4536164700984955,0.0455907583236694,0.1167070865631103,-0.4535581469535827,-0.1906919628381729,0.8190338611602783,-0.4693425297737121,-0.1263845413923263,0.4840159714221954,-0.3180535137653351,-0.3546625971794128,0.4179584980010986,0.3845674991607666,-0.1171512454748153,1.1854907274246216,-0.5989495515823364,0.4140498638153076,0.3314343392848968,0.4171215295791626,0.197724312543869,0.2486430704593658,0.3477166593074798,0.0276961978524923,0.411643385887146,0.0632825419306755,0.118790403008461,1.0481526851654053,0.6594823598861694,-0.0155564593151211,0.6942266225814819,-0.1477566659450531,0.1065890714526176,0.9082752466201782,0.5210177898406982,0.6927188038825989,0.2869593799114227,-0.080572210252285,-0.143041580915451,0.5369226336479187,1.0504631996154783,0.4520522058010101,-0.3815566003322601,-1.0843147039413452,0.4242238998413086,0.4428893625736236,0.7727795243263245,-0.11271483451128,0.5963641405105591,-0.5336257219314575,-0.4145865440368652,-0.0930271968245506,0.4222430884838104,0.1927646398544311,-0.4035003781318664,-0.4110448360443115,0.1082634553313255,-0.0029858634807169,0.0524127073585987,0.166703388094902,0.1684794872999191,0.3491660058498382,-0.12071093916893,0.3308565616607666,0.5550510287284851,-0.018241224810481,-0.1458954364061355,-0.93206387758255,-1.468620777130127,-0.5858704447746277,-0.053965974599123,0.1871979236602783,0.1993109285831451,0.6862973570823669,-0.7204278707504272,-0.1594906896352768,0.1600438356399536,-0.4500786960124969,0.8950967788696289,0.483115404844284,-0.3662504553794861,-0.1398576647043228,-0.0772723108530044,-0.0402719527482986,0.1948870122432708,-0.6461538076400757,0.3496512472629547,0.1929983347654342,-0.292580246925354,0.8708901405334473,0.5928434133529663,-0.952753245830536,-0.5800488591194153,0.2994386255741119,-0.7095662951469421,-0.3877021372318268,-0.1414899677038192,-0.1187630221247673,-0.226882517337799,-0.9625067114830016,-0.6216272711753845,0.1769756227731704,-0.3720604479312897,0.6183730959892273,-0.2944242060184479,-0.2436751723289489,0.3913763761520386,0.3015227615833282,0.3717937469482422,0.2275534719228744,-0.1137370243668556,-0.4073820412158966,-0.9319515228271484,-0.1594752222299575,-0.6824278235435486,-0.4467746615409851,-0.298469603061676,0.5496417880058289,0.4088552594184875,-0.3417203724384308,0.3422651588916778,-0.8266787528991699,-0.2169264554977417,-0.944948673248291,0.300152450799942,-0.2175954282283783,0.4510443806648254,0.2433313578367233,-0.5626786351203918,0.1603416502475738,0.3203263878822326,-0.2135343700647354,-0.4064880609512329,-0.1030912548303604,0.1624127775430679,0.153968408703804,0.3976919949054718,-0.4147221446037292,-0.0498390197753906,0.1031231135129928,0.6804152131080627,1.0598911046981812,-0.1469211876392364,-0.6755654811859131,-0.4156228601932525,0.7218894958496094,-0.8200952410697937,-0.5111777186393738,0.0852808803319931,1.0379979610443115,-0.4341500699520111,-0.0093580558896064,-0.0931151360273361,-0.2131607830524444,0.1918867975473404,-0.6069152355194092,0.0588084161281585,0.1086339578032493,-1.049772024154663,-0.0527109093964099,0.4001291394233703,0.2348199486732483,0.3815994262695312,-0.1056061089038848,0.2873418629169464,-0.2647623121738434,0.0589905194938182,0.1709464490413665,-0.1004977151751518,-0.5174713134765625,-0.1428467333316803,0.6444472670555115,0.2665767967700958,-0.8470263481140137,-0.1114944517612457,0.6196324229240417,-1.261491298675537,-0.3067860305309295,0.4951604306697845,0.4625239670276642,-0.806296706199646,0.3060609698295593,0.7664307355880737,0.5978373289108276,-0.3235744833946228,-0.4803456664085388,0.4361900687217712,0.680817723274231,-0.3462209403514862,-0.766511082649231,0.4465742707252502,0.1413706839084625,-0.1029802933335304,-0.540488064289093,-0.4225925207138061,0.2654396593570709,-0.0956962928175926,-0.2448957860469818,-0.4192146956920624,-0.1646664142608642,-0.3066335022449493,-0.1862993538379669,0.2451054602861404,-0.0318525545299053,-0.0467939153313636,0.695682168006897,-0.4298053383827209,0.2943534851074219,-0.7330169677734375,-0.4372770488262176,0.266561895608902,1.275129795074463,0.4799474477767944,0.6537413001060486,-0.7526010274887085,-0.1445199996232986,0.5737951993942261,-0.2828126549720764,0.7841343879699707,-0.7082526087760925,0.3595519959926605,-0.2249900996685028,0.4486998617649078,0.1162942722439765,-0.312129944562912,0.2356796860694885,-0.7608378529548645,-0.673935055732727,0.2672902941703796,-0.0121579803526401,0.5657185316085815,0.1676893681287765,0.0501080378890037,1.1467639207839966,0.0960680320858955,0.2769872546195984,-0.271636962890625,-1.2229118347167969,-0.2898721396923065,-0.818493664264679,-0.0662508532404899,-0.1926941573619842,-0.1408600509166717,0.6379884481430054,-0.5304189920425415,0.1868663430213928,-0.1202046424150466,-0.4112637639045715,0.2442872375249862,-0.3000135421752929,-0.6347482204437256,0.0767916440963745,-0.0052538914605975,-0.5005415678024292,0.9109095931053162,-0.0007811538525857,0.5739177465438843,-0.3620568215847015,-0.639089047908783,0.5519065260887146,-0.296102374792099,0.0041193105280399,-0.0016299751587212,0.1267074197530746,-0.2287810444831848,-0.2666354477405548,-0.1437699347734451,0.0704218074679374,-1.0117563009262085,0.5357574224472046,-0.4320216178894043,0.0675554797053337,-0.0848605036735534,-0.2459176182746887,-0.7839255928993225,-0.2140903323888778,0.0649926662445068,-0.1526171118021011,0.1472381502389907,0.3655463755130768,0.192785158753395,-0.4598661065101623,0.4447408616542816,0.5818700790405273,0.773893415927887,-0.2916417717933655,0.6764229536056519,-0.2633430957794189,0.1170301362872123,0.3807166218757629,-0.636992871761322,-0.5004210472106934,0.4088150560855865,0.2970898449420929,-0.4510889947414398,-0.2047666013240814,-0.3112285435199737,1.1695051193237305,-0.2776446640491485,-0.454189658164978,0.902678370475769,-0.3502555191516876,0.3743431270122528,1.0348628759384155,0.7548885345458984,-0.3306185603141784,0.8137053847312927,0.2189303785562515,0.4164632558822632,0.0481533221900463,-0.4062684178352356,-0.2302813231945037,0.8682974576950073,-0.0690934285521507,0.0666430816054344,0.7246530055999756,0.2387608587741851,0.2063861191272735,0.304114431142807,-0.0526445172727108,0.0919842198491096,0.3205940127372741,-0.1039949804544448,-0.344978004693985,-0.0909045413136482,-0.1859214305877685,-0.3086766302585602,-0.1104165613651275,-0.4009558856487274,0.3755174279212951,1.0586365461349487,-0.69407057762146,0.3782074749469757,-0.9081338047981262,-0.5527552962303162,-0.1388085484504699,-0.1920015960931778,0.0875670760869979,-0.8221295475959778,-0.3547230660915375,0.0455889664590358,0.100279651582241,-0.4144933223724365,0.1088500693440437,0.3550724685192108,-0.2159822881221771,-0.3159510493278503,-0.813616156578064,0.1168316379189491,0.7964914441108704,-0.5838242173194885,-0.3934233486652374,0.060257464647293,0.1438681185245514,0.7519621849060059,-0.8378763198852539,-0.4993960857391357,-0.388970673084259,-0.1639347821474075,-0.7298585176467896,-0.0774035155773162,0.1874646097421646,-0.6804988384246826,0.2744324803352356,0.0274815335869789,-0.2773340940475464,-0.6969039440155029,-0.2621581554412842,-0.1018723174929618,-0.5727987289428711,0.2523036897182464,0.1731978803873062,-0.2328196913003921,0.108727253973484,-0.1145984902977943,0.3019725382328033,0.7329968214035034,-0.3828904032707214,0.8873105049133301,0.0118421558290719,0.352819412946701,-0.810456395149231,0.5460114479064941,-0.7754442095756531,0.2387319207191467,-0.7294042706489563,-0.6843485832214355,-0.7158702611923218,-0.5920957326889038,-0.4448314309120178,0.6941059827804565,1.415650486946106,0.5825144052505493,-0.6701879501342773,0.2146046459674835,-0.1199929490685463,-0.4598611295223236,-0.5141260623931885,0.0787957608699798,0.0287131275981664,-1.562509536743164,-0.1510507017374038,0.1109620109200477,-0.5994253754615784,1.3839061260223389,-0.1814644634723663,-0.5518447160720825,-0.2039219886064529,0.4202861785888672,0.3994800150394439,-0.4896880388259887,0.0579875633120536,0.6398654580116272,0.2553820610046386,0.8101413249969482,-0.274228572845459,0.0906463786959648,0.1436778157949447,0.1233146637678146,0.0946904346346855,0.4151434302330017,0.4983032047748565,0.0801388993859291,0.8776180744171143,-0.6998874545097351,-0.6978878974914551,-0.6231597661972046,0.3570880591869354,0.1529397666454315,0.689155638217926,0.2196631878614425,0.7957811951637268,0.6500939130783081,-0.1513335853815078,0.0573428571224212,0.8899685144424438,-0.0597225539386272,1.2249330282211304,-0.5518271327018738,0.1374015361070633,-0.7722051739692688,-0.0206141173839569,0.9322041273117064,0.7353374361991882,-0.0895386338233947,-0.1536366045475006,-0.030578788369894,-0.5362865924835205,0.6016854047775269,0.3558008670806885,-0.1032327115535736,0.3825442492961883,0.2989633977413177,-0.4406847059726715,1.0371015071868896,-0.0341293402016162,0.2658805251121521,-0.6539269685745239,-0.0679441913962364,0.7289755940437317,0.4150844812393188,0.0939821302890777,0.7793418169021606,-0.2908057868480682,-0.6848353743553162,-0.1627069562673568,0.4638008773326874,-0.5895224809646606,0.6393943428993225,-0.0029510802123695,-0.5359312891960144,0.7100718021392822,0.655490517616272,0.3547017872333526,0.3587740361690521,-0.5897667407989502,0.1178450062870979,-0.1086761206388473,-0.1629100739955902,0.3958805501461029,0.2954218983650207,0.4053311049938202,0.0414086431264877,-0.8010706305503845,0.4483011364936828,1.3589962720870972,-0.0052117416635155,-0.092074379324913,0.3095720112323761,0.0476359650492668,-0.3680016994476318,0.1139998286962509,0.3104340732097626,-0.2435269206762313,0.2289800196886062,-0.2655230164527893,-0.3084410727024078,-0.1917210221290588,-0.1111677139997482,0.836298406124115,0.1016987338662147,-0.1079253777861595,-0.1257338672876358,-0.0497482158243656,-0.7834899425506592,-0.0943723171949386,-1.2535018920898438,-0.8204447031021118,-0.0228514838963747,0.079421080648899,0.1268144994974136,-0.0876045674085617,-1.0506716966629028,-0.3635828495025635,-0.3436509370803833,-0.780060350894928,-0.2888449728488922,0.2456021755933761,0.4450479447841644,-0.0233513191342353,-0.6451221704483032,-0.3198616802692413,0.4667545855045318,0.4408571124076843,0.2822818756103515,0.2906259596347809,-0.4739277958869934,-0.2051218152046203,-0.0680044218897819,0.5647624731063843,-0.0696877837181091,-0.4178608059883117,-9.239850997924805,0.4858905375003814,-0.6960218548774719,-0.0361793711781501,-0.2908546030521393,0.1097744330763816,0.7458534836769104,0.9021535515785216,-0.8397974967956543,0.8337070345878601,-0.4177514016628265,0.3903300762176513,0.6950947642326355,0.6229278445243835,-0.6647345423698425,0.0440518483519554,0.3326362371444702,-0.1166946589946746,0.6179511547088623,-0.1337971836328506,-0.4723475575447082,-0.8308966755867004,0.333613246679306,-0.35804483294487,-0.5387967228889465,0.3511967658996582,0.7182985544204712,0.211320474743843,-0.3411101400852203,0.7431811690330505,-0.708786129951477,0.2283969521522522,-0.0462522357702255,-0.4464648962020874,-0.3448687195777893,0.6354577541351318,0.4750964045524597,0.5005751252174377,-0.6288119554519653,-0.0984638035297393,-0.2708901166915893,0.7006009221076965,0.0804221704602241,0.0824451893568039,-0.1221666112542152,-0.0991153195500373,-0.1915300339460373,-0.0420115441083908,0.9884529113769532,-0.290996104478836,-0.0704822018742561,-0.7775848507881165,0.459912896156311,-0.9610315561294556,-0.3412564992904663,0.0553800277411937,-0.5966173410415649,-0.8167950510978699,-0.3448605835437774,0.1789460480213165,0.4906902015209198,0.3579187393188476,0.6264480352401733,0.1931654512882232,0.0191162060946226,0.154929056763649,0.4830325841903686,0.4936136901378631,-0.3643776178359985,-0.4921980798244476,-0.0711397528648376,0.0291632562875747,-0.4733636081218719,-0.1612384468317031,-0.1430217027664184,0.0011700104223564,-0.6814314723014832,-0.2017345577478408,0.7151430249214172,-0.0283666495233774,1.094463586807251,-0.1716654151678085,0.0287442691624164,-0.3106435239315033,0.1182713881134986,0.03754448518157,0.8500673770904541,0.6016170382499695,-0.007225947920233,-0.7786552309989929,0.437221348285675,0.5968304872512817,0.606789231300354,0.6270705461502075,0.1220488622784614,0.0347596146166324,0.8286532759666443,-0.122065931558609,0.8150589466094971,0.1964781284332275,-0.14761488,-0.10809435,0.8133089,0.52163494,-1.1360743,-0.40947366,-1.0748212,0.860472,0.8915923,-0.40769118,0.3027249,-0.32928103,-1.1170918,2.6195943,-0.81678694,0.36905068,0.5815228,-1.1074446,0.8100317,0.17055257,0.29991627,1.0848348,0.43735075,-1.0581452,1.44854,0.27602407,0.8249593,-0.2724208,-0.1901561,-1.9162811,-0.18437617,-0.38622016,-1.4862223,-0.079688475,0.17074963,-0.9034461,-1.0154625,1.6380355,0.090547726,-0.4682661,-0.6997649,0.21554013,0.83246994,-0.7460794,-0.68311965,-0.42434067,1.2044816,-0.51976955,1.6135613,-0.18988596,-1.269027,-0.7309636,0.82654667,0.9771981,0.63634205,-0.035919465,1.5380293,1.3645589,0.19104186,0.41512164,0.07367541,-0.09419511,-1.1519135,-0.776217,-0.4457876,0.27080378,-0.5571066,0.4786961,-0.24489808,-0.1651184,-2.760068,-0.8860594,-0.3196946,1.2679297,-1.6950226,0.7494888,-0.16902432,-1.2879193,0.6603912,-0.6528336,0.7043138,-0.6877104,-1.499947,1.4581025,-1.1351538,-1.5561378,-0.6252891,-0.8372936,-0.7461309,-0.6322384,-0.47419676,-1.2245625,-0.94117594,-1.2247499,2.0569878,0.3377952,-1.4163167,-1.1620692,-1.399154,0.023487568,0.5228507,1.4070246,0.012090465,-0.88875884,-0.4851872,-0.9939249,-0.16460468,-0.3004642,-1.0606713,1.0492096,0.40296078,0.41503096,0.8041996,1.15406,0.65906435,1.0085373,-1.5601871,-0.17379871,-0.10961419,0.8794425,1.0807081,0.9904621,0.25831,0.60865307,-0.1709193,0.6365269,0.0832273,-1.1007673,0.48088112,1.2368329,0.4793845,0.55064666,2.672285,0.7856239,-1.0049641,-0.36563158,-0.15522142,0.12732679,0.9000456,-1.3284991,-0.5081633,0.85408324,0.57789356,-0.2255505,0.7658362,-0.9489914,-0.1853604,1.0593232,1.1843896,0.56929284,-0.39885512,-0.2486568,-1.3919747,-0.07913355,0.88545024,0.19516979,0.03470372,0.093858756,-1.0429392,0.31606582,-1.1402016,1.6374317,-0.7527481,0.9878432,-0.2834488,0.78028953,-0.49992424,0.8748437,-1.0353124,-1.7903922,-0.14283177,-0.30848196,0.5234884,-0.52119577,0.5522726,-0.07893811,0.17094448,0.55487293,-1.2730229,-0.15131572,1.3314354,1.1172135,0.21366298,1.6295373,-0.6798214,0.23893335,0.43653512,0.008596394,0.9578112,0.033644687,1.1333342,-0.680062,0.9171689,0.5208849,0.05063213,2.8762102,0.39094573,-1.5701253,-1.6607056,1.0454566,-2.7298055,-0.75312763,1.2328837,-1.4851563,0.9664515,-1.0014788,-0.9394201,1.5215087,0.31874263,-0.3901594,-0.9345914,-1.4090647,1.2128625,1.0023283,-0.60028565,0.081869856,-0.45025507,0.2666569,0.29543725,-0.32210362,0.7817739,0.75927526,-0.47201902,0.7339004,-0.84049416,0.67289174,0.122047484,-0.8034776,0.24196546,0.4983654,-0.63850904,1.1553638,0.26837534,0.6683408,-0.7397847,0.13872194,0.21185604,-0.06779125,-0.70186055,1.535577,0.47976923,-0.2633594,0.414335,-0.4219037,0.5205767,0.25467935,1.5292876,-0.23151007,-1.6930344,-0.50177467,0.11558978,1.4964902,-0.4662364,0.71138644,-0.3755686,2.401523,-0.21649675,0.27087706,-0.7882778,-0.8923696,0.05312112,0.738282,0.2746695,-0.37440488,0.06266955,-0.26154315,-0.3469623,0.24928758,0.081737146,-0.5380377,-1.4385345,-0.5681325,-0.5770763,0.40643486,1.4481363,0.83294916,-0.55842,-1.2133105,-0.7130456,1.2296731,0.42557526,-2.2038803,-0.123321936,0.0932202,-0.7940111,0.115230665,1.0186797,0.46038404,-0.12788968,0.286944,-0.98334694,0.9722601,-0.2506314,0.45238265,2.0613987,0.28544575,0.4168943,-1.0378648,-0.5687684,0.13144596,0.59110373,0.22501247,-1.7559687,1.3453778,-0.80523884,-0.55590886,1.2142465,-0.9469112,-0.8518136,-1.4674387,-0.63227415,-0.33632416,-1.0716608,1.8817593,-2.312714,1.6872425,-1.7415638,-0.23941334,-1.1949408,-1.040744,-0.88611096,-0.159735,0.3664459,-0.20016536,0.9687306,0.36168543,0.5654768,0.5434166,-0.30378163,1.2906389,-0.047558244,-0.388744,-0.5395452,-1.7145128,-0.47532487,1.1520354,-1.3534939,-0.7773851,-1.3076904,-0.39224762,-0.20435819,0.10962027,-0.8007674,0.66384375,0.10640899,0.23984656,-1.0463439,-0.70351446,-0.119036235,-0.7241035,1.0592362,-0.8324544,1.3815854,-0.9615545,-0.19556114,0.4538644,-1.092599,-0.054487698,-0.1774449,2.0827477,0.47660238,1.1018122,0.32993796,0.29187676,0.46499133,-1.0579709,1.7628626,0.6620429,1.9118564,-0.77067834,-0.44113445,0.8169975,-0.55386686,0.65346164,-0.09430048,-0.27363232,1.920139,0.028353345,-0.3532071,0.4148057,0.28037858,-0.36311334,-0.032529987,0.42332762,0.54451245,-0.3183999,0.78810304,0.5513149,0.16532215,-0.8822975,-0.2304353,0.94536,1.1199154,1.2550255,1.4107357,-0.31740075,-0.7389609,-1.7410008,1.1382346,1.3845992,0.98549783,0.3791554,-2.0450578,0.6033697,0.27421367,0.45006695,-2.005773,-1.6916403,1.6475513,0.41471523,0.8305095,1.3866031,-1.2159138,-1.994606,-0.51448137,-0.45738387,-1.0310832,-1.3302705,-0.8205311,0.4479301,-0.23063886,1.0367273,1.4654158,0.42210588,-0.1738722,-1.4226964,-0.039286565,-0.36571807,-0.87215585,-0.36755663,-0.000662756,0.041044917,-1.088116,-0.6633708,0.69863594,-1.860471,1.1684451,-0.4817357,-0.22705464,-0.262293,0.067405716,-0.7993552,0.028472293,0.4939824,-1.2948186,-0.41362375,0.79370534,-1.634251,-1.4082355,0.34214714,1.0871224,-0.688016,0.42526498,0.221059,0.35720515,0.7181199,-0.25411505,-0.19389758,0.27278507,-0.15057376,0.030242283,0.11166694,-1.8449345,0.06734891,0.9492429,-1.2448666,-1.5318593,0.66852266,0.38289315,-1.2515091,-0.8557888,-0.31828034,0.37735823,0.5803505,0.750767,-0.13014664,-0.38928193,-1.470816,0.13875003,-0.10435829,0.08128649,0.08800143,0.4037649,0.16021621,-0.04345132,0.9109783,1.5693871,0.04173737,1.8022636,1.4732907,0.5803801,-0.18700919,0.8068563,0.10271521,-0.49724334,-0.054594956,-0.8923155,-0.47399855,1.4704603,0.12538162,-0.04587668,-0.010275285,0.9519868,-0.45275077,-0.47296268,-0.39133328,0.24452607,1.3628285,1.0125663,1.6293459,0.05194198,-0.39929637,-0.7778303,0.7704999,-1.1735961,-0.6593822,-0.45523483,-0.09126843,2.0824745,-0.47174573,0.108281985,0.12772353,-0.82936287,-1.0121003,0.45770812,0.1941964,-0.58642936,-0.39137313,0.17296293,-1.6009508,0.022711053,-2.0596476,-0.71350366,0.42159143,0.953866,-0.04866738,-0.14293425,1.1998461,0.58161676,-1.1606795,-0.32225662,0.876699,2.3346848,-0.14642677,-0.59256625,0.85969275,-0.17157708,-1.4740269,-0.21544132,-1.4995086,-0.95279473,0.0048204064,-0.58863986,-0.23719318,-0.27759588,-0.93109864,1.6739471,0.25576168,-0.14977953,0.6182113,-1.295254,0.84179974,0.21744904,-0.87453747,2.007147,0.40340558,-1.4310642,0.8781768,-1.2702997,1.6404331,-0.019792778,1.1815184,1.6583927,0.66748697,-0.117247984,1.9109112,-0.4496457,-0.19090053,-1.4262278,0.2548821,-0.86611444,0.60083634,-1.8359795,1.3620958,-1.8466259,-1.1276734,0.38927305,0.84331703,-0.4183899,0.3675127,-0.81736976,1.115164,0.014974314,-0.5490048,0.26644486,1.9101311,-0.37699777,-0.822859,0.13011819,0.39345342,-0.20051524,-0.23645,3.0342395,0.018648023,0.62070763,-1.5655688,-0.94938165,0.9557726,-0.43506226,-1.5655243,-0.4693378,-0.23539229,0.23282039,0.2617165,-0.38200653,0.39314312,-0.49323875,1.4160382,0.17801178,-1.0317189,-0.34023234,0.16576307,-0.6255236,-0.77181643,-1.1220274,0.6313671,0.36262217,-1.2613691,0.33725393,1.0928601,1.6238854,0.41231948,-0.059621196,-1.3088578,0.60428196,0.7426623,0.3134695,-1.1956416,-1.3404485,0.23886414,0.944839,0.35425216,0.47196952,0.7884666,-0.53653944,-2.2209816,1.1904929,-0.10384361,-0.118316315,0.97790015,0.20946388,-0.2502311,0.6344756,-0.12521431,-0.279235,-0.118423715,-0.526935,0.052720763,-0.25400972,-1.279338,0.39576128,-0.5041867,0.47956055,-0.5990359,0.22907925,-1.557112,0.81846553,0.16279516,0.1658788,0.70891905,0.7553353,-1.8295103,-0.7787169,0.54412526,1.013852,1.4415071,0.21872076,-0.54602695,-0.0013340354,1.4640386,0.9615551,-0.09779053,0.04428162,0.20698018,-0.3993802,-0.11603413,-0.6928523,-0.8154365,0.019136768,-0.3116189,-0.84424275,1.4346471,-1.897345,0.9742893,-0.5372621,-1.0232409,-0.110765144,0.5841822,-0.81978476,2.177351,0.54067236,-0.6007561,-0.056054313,0.73991233,0.46551102,-0.17568806,0.068175495,-1.2123357,1.412168,1.9820426,0.7013685,-1.3134062,-0.29292768,-0.30422363,-0.6591259,1.4497195,-0.23161368,-0.76155454,-0.3014314,-0.6408948,-0.7716652,-0.7539509,0.20847717,0.06277368,-1.2711385,0.34472793,-0.5720515,-1.5084851,0.13789563,-0.513171,0.17537037,-0.36951932,1.1476636,0.13934632,0.66379184,0.23327,-0.26847735,-0.35026446,-0.87239283,-0.7099985,0.5876609,-0.67703056,0.9523846,0.5019673,0.8631657,1.2650766,0.015711883,-1.1424128,0.3079422,-0.02621209,1.0389607,-0.34991747,-1.0122566,-0.46240392,0.42553884,0.9497752,1.5447905,-1.0338675,-0.6868888,0.31735176,-0.14464563,0.11281793,0.7529568,-0.41544873,0.33863667,1.8485559,1.8808241,0.46933302,-0.76639026,-1.5963799,0.32060018,1.2392198,-0.9371336,-0.8794295,-0.9084018,0.47841215,1.2192596,-0.82257587,0.6380078,0.33975014,-1.8703457,1.8940719,-1.2900991,0.03700198,1.2492908,-0.5469558,0.26924896,-1.340777,0.7864647,1.2284746,1.3422152,-0.7425859,0.791753,0.4654937,0.404624,-0.5011323,-0.68601036,-0.8353152,-0.085180484,-0.8829573,-0.16423221,-0.8888238,-0.2820516,-0.92730826,-1.2067013,1.1726145,0.2732902,-0.4303875,-1.1260016,0.5668505,-0.20453966,0.34855655,-0.6075461,0.22766054,2.0863714,-0.3836088,0.79518384,-0.97829205,-0.38069284,0.19474941,0.38046172,0.7445679,0.89200944,-0.18676329,0.3881987,0.78863573,0.48773232,-0.29928076,0.23700468,0.6082079,-1.7982583,0.10847485,0.815335,1.4929543,-0.29834923,-1.1672156,-0.76875347,-0.49295244,-2.2871027,-0.09506873,0.21633953,1.6377798,-1.206384,1.0092448,0.38203064,-0.29637703,0.1699078,0.6493422,0.66551286,0.7699576,-0.9354481,1.681366,-0.49730822,-0.61851066,-0.26763132,0.097252734,-1.5980061,-0.36934793,0.33252642,-1.4709673,-1.7708424,-1.1285003,0.8362096,-0.17744763,-0.96785,-0.29515675,-1.9104624,0.21378458,-0.01817719,1.5517257,-0.12008696,0.049477935,-0.760323,-0.023896644,-0.8507226,-0.48646912,-1.0328392,0.98303795,-0.38561925,0.39896917,1.0190169,1.5272818,0.8983264,1.4162474,-0.87543607,-0.88823986,-0.43978617,-0.54700464,1.1115918,-0.1786726,-1.458582,0.44151163,-0.20030999,1.5739775,0.22822589,-0.1858008,1.0120449,-0.121208906,1.055375,-0.13994102,1.8391848,0.9768272,-0.7485728,-0.49027887,-0.4796771,0.06750402,-0.10868559,-1.1000725,-0.9149773,-0.37614882,0.27049807,-0.21801798,-0.4385554,-1.1870524,0.37941256,1.2001671,1.5824355,0.15800925,0.14435598,-0.061151583,-0.8554576,0.22124618,0.5191125,0.4606459,0.7180931,-0.070668004,-0.7202119,1.5632882,0.24926548,1.5792061,-1.1187963,-0.11110508,-0.18895178,0.35259783,-1.0154119,0.5359226,-1.0533409,-1.8775239,-0.05272062,0.6873321,0.78155285,0.023515292,0.28345695,0.028573155,0.3100533,0.015631365,-1.0361208,0.23327897,0.4670104,1.0739375,0.49965978,0.9500391,-1.0596277,0.3819091,0.26052487,0.22112508,-0.09349253,0.044037223,0.5598719,-0.5792125,1.1518248,1.1719241,1.5288194,2.0316617,0.78132194,-1.6931013,-1.0676934,0.90900975,-2.1246617,-0.57205486,0.43875018,-0.33059162,1.7760334,-0.6536981,-1.1299043,1.6201779,0.2335059,0.3500124,-1.8019458,-1.6309673,0.80245477,0.43936852,-1.0501007,-0.116212994,-0.17810786,0.085933864,-0.6122425,-0.6014366,0.22571905,0.07424077,0.18607517,1.9480151,-1.0223354,0.009773334,0.7188627,0.36411086,0.5687974,0.02432867,-1.0283675,0.3128548,0.93300486,-0.10383455,-0.56537765,0.3577704,-0.9453211,1.4913522,-0.67518,0.024928955,0.294499,-0.13968517,-0.11474222,-0.34096703,0.6077229,0.94989395,2.2045186,0.37056318,-1.0662247,-0.109064996,0.6487506,0.4585196,0.70220023,0.22382033,1.110741,0.36026528,-0.2842392,0.5225844,0.29699638,0.2341432,0.1771034,0.775057,-0.10438749,1.0334982,0.5814027,-0.23105079,-0.98208237,0.21183316,-0.318235,-1.148302,-0.6575515,-1.0108001,-1.4707383,0.7549822,-0.5165232,0.1206883,-1.3056827,-0.45608,-1.3245339,-0.60186976,0.39687765,-1.3372768,-0.80504173,0.3265127,-0.7668857,0.9036115,-0.39122793,0.22737251,0.27808025,0.9742666,-2.3865068,0.98130083,0.7883916,0.7970824,1.5452127,0.17478509,1.1460086,-0.23168854,0.858736,-1.7943207,0.66284084,0.9681473,-1.171106,1.3188101,-0.10862509,-0.50291336,-0.008648515,-1.3882936,-0.52167517,-0.38993812,0.848023,0.06401517,-1.1959273,1.1916466,-1.6566917,1.167626,-1.8825802,-0.62619907,-0.36646596,-0.6747816,-1.2260419,1.2327796,0.45157492,0.35808614,0.65105504,-0.07754451,-0.32111847,-0.008301019,0.05770534,0.5609039,-0.93819314,0.90739983,-0.60448706,-1.2358843,1.1786377,0.7943075,-1.3536521,-1.4158133,-1.4304647,-0.23200916,0.35970616,-0.34926724,-0.34886798,1.2742487,0.13578671,0.6711219,-1.468873,-0.0045234165,0.19878668,-0.25871295,1.005294,-0.11965542,2.0069292,-1.0826772,-0.6121334,0.7481397,-1.3950729,-0.30781266,-0.97905064,1.7501348,0.99568194,0.35877576,0.2831919,0.47608447,-1.4215902,-0.22535948,1.3386608,0.11870992,1.282402,0.63906544,-0.3127708,1.1749203,-0.28031537,0.52944,-0.79308844,-0.40469345,1.9476212,0.17214608,-0.51371074,-0.7452864,-0.03326817,0.10296007,-0.093132645,0.1012874,-0.032779694,0.1306461,1.5287858,0.8724808,-1.5593823,-1.2575871,-0.66358984,0.10552732,1.1203166,1.8101245,1.3823233,-0.53916764,-1.0026336,-1.9853334,-0.08105663,1.0115476,-0.12051076,0.044549834,-1.0455347,-0.13668415,0.34034052,-0.21642876,-1.0674754,-1.4570589,1.2037503,0.5444465,-0.12740865,1.6652857,-0.3617966,-0.9672157,0.3367847,0.9051335,0.12970273,-0.8315293,-0.7475612,0.79014057,-0.82019836,0.8144135,1.2724196,0.2794134,0.39464954,0.024621693,1.4736462,0.03422189,-1.0205661,-0.36085376,-0.058296647,0.2811954,-1.1848433,-0.89733547,0.87149376,-2.1156843,0.13250713,-0.6823744,-1.1003758,0.39342117,-0.17987017,-0.6309857,-1.3314861,-0.64725596,-0.51288694,-1.860226,-0.20755525,-1.0313618,-1.8279446,1.1964107,1.8751436,-1.2987505,0.052117687,0.44385767,-0.24251811,0.6853307,0.10687935,0.29867214,0.61003333,-1.2853271,-0.75925606,-0.48866168,-0.88005376,-0.37033042,0.010215511,-1.4059635,-1.144898,0.6596974,1.7534801,-1.6966809,0.22048746,-0.08489361,-0.4610223,0.31986594,0.59974414,0.35299,0.38225237,-0.42778197,-0.3838428,-0.1937841,1.4347467,0.17064524,-0.38848913,0.79436725,0.29660073,0.42541763,1.2114612,0.52128196,0.9029553,0.43934038,0.37340173,-0.6696145,0.20893556,-0.4406102,-0.021189472,0.5706515,-1.7922007,-1.0648228,1.8747917,-0.8148784,-1.6148533,-0.21068071,0.868733,-0.5003149,0.5642284,0.28788197,1.4515853,1.3622193,0.7751012,1.9424909,-0.7591916,-0.57756037,-1.0088781,0.078795016,-1.1125382,-0.8438155,0.52818006,0.6161433,2.498786,-0.49136075,0.4719735,0.26550224,-1.1512438,-1.0678724,0.5513407,0.33691397,-0.92939496,-0.20849359,0.6102547,-0.92610043,0.07304195,-1.3142914,-0.40004268,0.25681114,0.35121226,-0.13008833,0.40903255,0.37649432,0.5704213,-0.86127967,0.3997101,1.4851422,0.40474948,-0.09051534,-1.3406476,0.07358857,-0.44472182,-1.6660346,0.10122824,-0.41366184,-0.8784718,0.16545214,-0.21102162,-0.0850456,-0.88329154,-0.51146144,1.4644417,-0.0031206459,-0.72245103,-0.16663626,-1.0088984,1.455153,-1.073146,0.2796109,1.2184087,0.4353151,-1.6984948,0.23543759,-1.1245179,-0.09698218,-0.60939556,0.19577527,0.7114144,0.38367757,-0.588919,1.5233308,0.427518,-0.8512127,0.18484242,0.6620512,-0.3682342,0.62891823,-2.0847006,1.3159976,-1.4392792,-0.8941179,-0.13462074,1.1881231,-0.8667819,-0.5546145,-0.7178989,0.980464,0.9281625,-0.5717229,1.0952514,2.052416,-0.5536899,-0.44486842,0.7507445,0.5142299,-0.9132733,0.09598693,2.5959768,0.5496451,0.986737,-1.0036157,-0.5847977,0.0024669964,0.15633473,-0.8515568,-0.42723456,-0.68184835,0.26176476,0.5525047,-0.51306385,0.8885376,-0.7734036,-0.80352885,1.270593,-0.017297745,-0.07170024,0.32223833,-0.56755316,-1.4798273,-1.0306007,0.3754549,0.9626058,-0.004725615,-0.27237096,0.54179674,1.1282467,1.3037372,-0.8939629,-0.35118118,0.803459,0.9541202,0.9555566,-0.62276495,-1.1296211,1.008626,1.422967,-1.0048441,0.91901034,-0.51851374,-0.3945136,-0.97063214,0.94876605,0.5202616,0.406042,1.0280056,-0.20413817,0.31335786,0.26687118,0.0340346,0.3088408,-0.14050297,-0.44202828,0.30040073,-0.09015163,-0.9646333,-0.16716975,-1.6227878,0.053792506,0.060245227,0.61942416,-0.88772494,0.3334972,-0.056989294,0.8147998,0.5885586,0.17076313,-0.36226285,-0.5128134,-1.1867262,1.6656446,0.79934233,-0.38389504,-1.277665,0.009650826,0.42517313,0.68212384,-0.9251501,0.79896766,0.20342845,-1.1728677,-0.5928886,-1.3995689,-0.30557004,0.5312226,1.2043844,-0.34662795,0.46223378,-1.2802237,0.5101628,0.26394063,-0.8721052,0.055398535,-0.11682466,-0.6718324,1.6919336,1.6258842,0.823867,0.7667942,1.0782663,0.7064895,-0.083840966,-1.1722792,-1.9110886,0.6220767,0.49442205,0.30606917,-1.2196425,-0.18643294,0.960378,-0.4487371,1.4143281,-0.6096404,-0.6859081,-0.9571814,-0.6853357,-0.29488719,0.19688232,-0.7238884,-0.27926037,-1.4323826,0.08194128,-0.9776649,-0.23819427,0.79565763,-0.5025506,-0.67169887,0.11772167,0.9869423,0.59302574,0.38283738,0.7769874,-0.24345666,0.37444636,-1.0988679,-0.12590186,1.2887925,-1.0496156,0.22727996,0.46028817,0.9437606,2.1476114,0.3145063,-0.7342236,0.15462436,0.35935688,0.41014194,0.25383976,-0.00057426095,-0.4292812,0.7726688,-0.769119,0.25568905,-1.284702,-0.40918574,0.07735405,1.1514726,0.14766102,0.12422371,0.26474604,0.2959471,1.6434733,-0.11575899,-1.1541427,0.0
ワ,0.2413127571344375,0.1787703335285186,0.4631074070930481,-0.2309708595275879,0.2003732621669769,0.277688056230545,0.122989721596241,0.308803528547287,-0.009906692430377,-0.619081437587738,0.7028918266296387,-0.3670854270458221,-0.6940755248069763,0.2042390406131744,0.3712596893310547,-0.3850686252117157,0.0479442365467548,-0.0029694295953959,-0.0235241279006004,-0.6805608868598938,-0.7096894383430481,-0.3323213160037994,0.133449524641037,0.3075015842914581,-0.0579979717731475,-0.3176624774932861,0.2532162666320801,0.3636884987354278,-0.06850615888834,0.0407397486269474,-0.3937130868434906,-0.2223573923110962,0.1632612198591232,0.0832343325018882,-0.0201122909784317,0.4200762808322906,-0.0385860241949558,-0.0719058960676193,-0.1453847140073776,-0.0582923367619514,0.0135667948052287,-0.1084998920559883,-0.4628358781337738,-0.1235483288764953,0.0751526281237602,0.5497376322746277,0.2003061473369598,0.1607071906328201,0.6362603902816772,0.1629896461963653,-0.1024657636880874,0.2144966721534729,0.3965997397899627,-0.1590530276298523,0.2973221242427826,-0.1747583895921707,0.4911096692085266,-0.2990573942661285,-0.181793212890625,-0.0168553367257118,-0.1853495240211486,-0.18560691177845,0.1348696798086166,-0.1999842971563339,-0.0588796064257621,-0.5896822214126587,0.2047021836042404,-0.1098772808909416,-0.2945514619350433,-0.8377299904823303,-0.4084526896476745,0.0486794635653495,0.1980382204055786,-0.3737556040287018,0.6239222884178162,-0.4078696072101593,0.3511313796043396,0.1782393455505371,-0.0216964837163686,0.0487788133323192,0.0719891414046287,0.4078477323055267,0.0116257676854729,-0.4409614205360412,0.4782087206840515,-0.0275317933410406,-0.2514725029468536,-0.7447549104690552,0.2051654756069183,-0.3792103826999664,-0.1349472403526306,-0.0864250659942627,0.7027817964553833,0.0751868039369583,-0.0480694435536861,-0.092638686299324,0.0666812807321548,-0.296792209148407,-0.1828226745128631,0.4300658702850342,0.1845071017742157,0.2618727385997772,0.3073272109031677,-0.108279675245285,-0.1922115236520767,0.051080334931612,-0.2113365679979324,0.1311621814966201,0.1733545213937759,-0.1695635020732879,-0.0520379804074764,-0.4638365507125854,-0.7414183020591736,0.243459939956665,-0.2268925160169601,-0.0013846431393176,-0.0529135353863239,0.2848470211029053,-0.6557327508926392,0.5488384366035461,0.4753878116607666,0.4563406705856323,0.0971252173185348,-0.2150113582611084,-0.1586046665906906,0.3361483812332153,-0.1139255836606025,-0.1999377310276031,-0.1110959947109222,-0.1130072101950645,-0.624144971370697,0.1062829121947288,-0.1758894622325897,0.0410359315574169,-0.0410412959754467,0.6244069337844849,0.232682392001152,-0.3461590707302093,-0.2464451789855957,-0.4861814081668854,-0.039217859506607,-0.4130640625953674,0.2633273899555206,-0.3577988147735595,-0.2995397448539734,0.4134209454059601,-0.3359703719615936,-0.6493031978607178,0.5211266875267029,0.313008189201355,-0.2839158177375793,0.7572974562644958,-0.5182087421417236,-0.06156961992383,0.1027121022343635,0.017388368025422,-0.5008480548858643,0.0049629779532551,-0.2358529269695282,0.1593533754348755,0.0162526108324527,-0.3121871650218963,0.1381345838308334,0.7075648903846741,-0.035793200135231,0.2624489068984985,0.4848371744155884,0.3598402142524719,-0.1327529996633529,0.3693170547485351,0.173502579331398,0.3283210694789886,0.1605433970689773,-0.1474442332983017,0.2038976699113845,0.4113959968090057,0.1904880404472351,0.1232999190688133,0.1739604622125625,-0.6162610054016113,-0.1287829428911209,-0.5904178023338318,-0.2561262249946594,-0.4298394918441772,0.0668615847826004,-0.0496128797531127,0.1180369034409523,-0.0869859009981155,-0.009336482733488,-0.6274248361587524,0.1896704584360122,-0.3846854865550995,0.0583632625639438,-0.341237872838974,-0.0775578394532203,-0.1159388944506645,-0.1863009631633758,-0.1251313388347625,-0.1304588466882705,0.6321461200714111,0.0707256495952606,0.2466509938240051,-0.1562853902578354,-0.2597391903400421,-0.9400139451026917,-0.2574775516986847,0.3049747347831726,0.2313425093889236,0.5142185688018799,0.2665613889694214,-0.276700347661972,0.5655514597892761,0.2455798685550689,0.1894823908805847,0.1442545801401138,0.4631680250167846,-0.4667972028255462,-0.4875037968158722,0.3424248993396759,-0.045272622257471,0.2025156915187835,-0.1735217124223709,0.4550232887268066,0.1352211833000183,0.1277494728565216,0.3906180262565613,0.3952604830265045,-0.0449961349368095,-0.2838775217533111,0.581055760383606,-0.2730138301849365,-0.3001729249954223,-0.5723670125007629,-0.2318571507930755,-0.7001567482948303,-0.1541214883327484,-0.3089911937713623,0.3295716643333435,-0.3614890575408935,0.0553109087049961,0.2006274759769439,-0.2713775038719177,-0.0228559263050556,-0.3499003052711487,0.1026369631290435,0.018752571195364,-0.0759266689419746,0.0073384214192628,-0.1255257278680801,0.0043984237127006,-0.5807868242263794,-0.5806497931480408,0.0001522223901702,-0.5368183851242065,0.3955245316028595,0.3873147368431091,0.5032966732978821,-0.1842720657587051,0.1282427310943603,-0.6778523921966553,-0.097983032464981,-0.6286552548408508,-0.2052749395370483,-0.3768730163574219,0.0444958433508873,0.060356218367815,-0.1927465051412582,-0.4949775636196136,-0.3392795324325561,-0.273395836353302,-0.0742387548089027,-0.2183254659175872,-0.1790715306997299,0.2235536277294159,0.0046378392726182,0.0427511520683765,-0.5416058897972107,0.2387636601924896,-0.132682591676712,0.3067868947982788,-0.62679123878479,0.1875622719526291,-0.6922306418418884,0.41200852394104,0.1021604314446449,-0.2388453632593155,-0.2053805440664291,-0.6097872853279114,-0.1929580569267273,0.3759879171848297,0.1185566857457161,-0.3626678884029388,-0.5758072733879089,0.1323152780532837,-0.1763930320739746,-0.0173126719892025,0.0449931807816028,0.3379239737987518,0.3768601715564728,0.1699140965938568,0.1931411623954773,0.4403726756572723,0.0646395236253738,-0.2482482194900512,-0.2538265883922577,-0.3352954089641571,-0.3866178095340729,-0.1763036847114563,0.4713699221611023,-0.3018929064273834,-0.1224082186818122,0.684111475944519,-0.2768462002277374,0.3288931250572204,0.2130254954099655,0.2835222780704498,-1.904072999954224,0.1054731979966163,0.3875754475593567,0.0553796254098415,-0.1157830283045768,0.6769788265228271,0.193166971206665,0.2563250958919525,-0.5997396111488342,-0.5158461928367615,0.6794787645339966,0.4471501111984253,-0.1428871601819992,-0.031478077173233,0.4068558514118194,-0.15891133248806,-0.0096568493172526,-0.7697862982749939,0.1979604065418243,0.3812753856182098,0.1119302734732627,-0.1508769989013672,0.092798575758934,-0.2917239964008331,0.0856456458568573,0.0926432013511657,0.1707013547420501,0.5206187963485718,-0.743687093257904,-0.0502448417246341,0.0522429123520851,0.8600127696990967,0.8047516942024231,0.4540750682353973,0.0550342835485935,-0.2378327548503875,0.2510644495487213,0.7954850196838379,0.4641810953617096,-0.1454514563083648,0.0224768798798322,-0.1577703207731247,0.5330590605735779,0.2399826198816299,-0.1744367033243179,-0.0078560700640082,0.2891948521137237,0.2068371325731277,-0.1853278279304504,0.6378749012947083,0.7026211023330688,0.1643740087747573,0.2274199575185775,0.1122594624757766,1.0803776979446411,0.0167354959994554,-0.1720712631940841,-0.6439107656478882,-0.0693342164158821,-0.3772121667861938,0.0281704869121313,0.0341115146875381,0.1204939261078834,0.3888536691665649,-0.26344895362854,0.2356073856353759,0.1882521957159042,-0.141860157251358,0.3511867523193359,-0.5903806090354919,-0.4722960591316223,-0.1884626150131225,0.0787147358059883,-0.7799350619316101,0.4340822100639343,0.3551900088787079,0.4194347858428955,-0.1693917661905288,-0.418043315410614,0.0821450799703598,-0.1838152557611465,-0.1405083686113357,-0.1368604600429535,0.2683771848678589,0.0035926848649978,-0.3261288106441498,0.1754208654165268,-0.4795490205287933,-0.4578913748264313,-0.0307402648031711,-0.9618868231773376,-0.1040217950940132,-0.1706620752811432,0.563137412071228,-0.1736572682857513,-0.0861991345882415,0.1741252243518829,-0.0278803668916225,-0.1509958058595657,-0.1282553821802139,-0.5938723683357239,0.4089792668819427,0.0829112455248832,0.1023548021912574,0.3406684398651123,0.322893887758255,0.223098412156105,0.3688583970069885,-0.5460566282272339,0.0554232895374298,-0.6036502718925476,-0.3188444375991821,0.6694896221160889,-0.1693537682294845,0.2791080772876739,0.0025752088986337,-0.1787163913249969,0.542557954788208,-0.2638455331325531,-0.5683379173278809,-0.1815653145313263,0.6087106466293335,0.0767980962991714,0.6428160071372986,0.3767095804214477,0.7915942072868347,-0.1173194795846939,0.4403795003890991,-0.0117283333092927,-0.0706030502915382,0.4441592097282409,-0.6632746458053589,0.086125947535038,-0.0458831451833248,0.1410325169563293,0.4225548207759857,0.2312281280755996,0.1681516319513321,0.2723524868488312,0.204196348786354,-0.1137217283248901,0.2081228494644165,0.2457365095615387,0.4334879219532013,-0.3478754460811615,-0.6161081194877625,-0.3627859354019165,0.0360947698354721,-0.4686858057975769,-0.1440361589193344,0.6839170455932617,-0.0683362036943435,0.0923455953598022,-0.230743795633316,-0.726019024848938,-0.4816818833351135,-0.4784334897994995,-0.2105551660060882,0.0735890418291091,0.4203126728534698,0.572357177734375,0.0075897825881838,-0.9132795929908752,0.3101041913032532,0.1929487884044647,0.4606478214263916,0.1261327117681503,-0.2455170452594757,-0.1573473215103149,0.0669548138976097,-0.0716644003987312,-0.1940649151802063,0.1808452606201172,0.0132692204788327,-0.0506711341440677,-0.4842084348201751,0.1540281176567077,-0.2623700499534607,0.147505834698677,-0.2539973258972168,0.5185579657554626,0.1032202765345573,-0.7609311938285828,-0.3099862039089203,0.1274624466896057,-0.2596737444400787,-0.130606472492218,-0.6116222143173218,0.1900205761194229,-0.3813090324401855,-0.1310446858406067,0.289544016122818,0.5359349846839905,-0.292400449514389,-0.1346074938774109,0.3891332149505615,0.569875955581665,-0.0460829734802246,0.0397218838334083,-0.0701807290315628,-0.2849186658859253,-0.1758468896150589,0.042526826262474,-0.1490150094032287,-0.1989455670118332,-0.0196695402264595,-0.7796398997306824,-0.2522390782833099,0.0596350096166133,-0.8661103248596191,0.6774477958679199,0.1855203956365585,0.5301793217658997,-0.5003162026405334,-0.0892804190516471,-0.2446640431880951,-0.055185467004776,-0.0067036617547273,0.4187356233596802,-0.0389188192784786,-0.7822460532188416,-0.0678139701485633,-0.4740712940692901,-0.4957434237003326,0.4799340665340423,0.3959895372390747,-0.403847336769104,0.0971675738692283,0.3388460874557495,-0.2263126224279403,-0.14765365421772,0.0829782858490943,-0.1345392167568206,0.1110608279705047,0.2892637252807617,0.0348658375442028,0.2147877961397171,0.2842249870300293,-0.3344732522964477,0.1853161603212356,0.2598049938678741,0.6585676670074463,0.2961028516292572,-0.0005682099144905,0.0101207103580236,-0.0323925204575061,-0.557614266872406,0.4538787305355072,0.2717209458351135,0.5444968938827515,-0.3912653625011444,0.6192585825920105,0.6213282346725464,-0.4582399129867553,0.3543581068515777,0.6622916460037231,0.4146571457386017,0.3334271311759949,-0.0352933555841445,-0.0612291432917118,-0.7317131757736206,0.2767074108123779,-0.030510202050209,0.2554322183132171,-0.0355859622359275,-0.03243850171566,-0.1068602353334426,-0.2455630004405975,0.0175148211419582,0.3637334406375885,0.3277826011180877,0.1446813493967056,0.3021716773509979,-0.377583771944046,0.4751031100749969,0.4331249892711639,0.0210160855203866,-0.1459994614124298,0.2460961192846298,0.3802261054515838,0.6374589800834656,0.0314390994608402,0.3572412133216858,-0.2072588503360748,-1.0218791961669922,0.0856554731726646,0.0102315852418541,0.3644465208053589,0.5951054692268372,-0.5780338048934937,-0.2023299187421798,0.1860213130712509,0.5037203431129456,-0.2873859405517578,-0.0941149368882179,-0.4399446547031402,0.1732430458068847,0.2615323066711426,-0.1303068548440933,0.0727578476071357,0.1291072368621826,0.3212997913360595,-0.1634944677352905,0.1456749439239502,0.2130679488182068,0.7299164533615112,0.1362379342317581,0.0912676230072975,0.0425005368888378,-0.2699767649173736,-0.4450969099998474,0.0519218407571315,0.0658692419528961,-0.3387294709682464,-0.4071281552314758,0.0378243289887905,-0.3907216489315033,0.1473091691732406,-0.2990520000457763,0.2549092173576355,0.3078309893608093,0.057633202522993,-0.0366539470851421,-0.4790743589401245,-0.0632993876934051,-0.0242817495018243,-0.7737974524497986,0.0951301604509353,-0.2579847872257232,0.1720798462629318,-0.2192899286746978,0.0213155206292867,-0.4729840755462646,-0.2633458077907562,-0.367784172296524,0.5505667924880981,-0.1218723282217979,-0.4214291572570801,0.4173358082771301,0.3114523291587829,-0.1264443844556808,-0.9922773838043212,0.3278978765010834,0.3606756329536438,0.5684622526168823,-0.2312356829643249,0.509494423866272,-0.3745315074920654,0.2229006588459015,0.1008925884962081,-0.4160842299461365,0.5262504816055298,-10.464190483093262,-0.4213390946388244,-0.4990895688533783,-0.2991828024387359,-0.523726224899292,0.3393937647342682,0.6275897026062012,0.3310806453227997,-0.4008956253528595,0.1503154784440994,0.0772168710827827,0.4325231611728668,0.3527701199054718,0.3085150718688965,-0.5929360389709473,0.1288890391588211,-0.3219438791275024,-0.482525885105133,0.0016949117416515,-0.2160532176494598,0.1131066754460334,-0.6644826531410217,0.5310324430465698,0.5345878601074219,0.1479681879281997,-0.1676557660102844,-0.139973372220993,0.4004792869091034,-0.031229430809617,0.2987416684627533,-0.8072220683097839,0.4482598602771759,-0.1692170053720474,0.4520938098430633,-0.2333208620548248,0.0534967370331287,-0.2512939572334289,0.5023176074028015,0.0249905418604612,0.3453520238399505,0.3133562207221985,0.4285598397254944,0.0775187611579895,-0.117707647383213,-0.2019536346197128,0.3702673316001892,0.1418785601854324,0.3137893378734588,0.5656222105026245,-0.0047943969257175,0.0482669658958911,-0.1866386830806732,-0.2593395709991455,-0.3541021943092346,0.2779557704925537,-0.0045330733992159,0.7600528597831726,-0.7735229134559631,-0.0309431999921798,0.1052391529083252,0.3330523669719696,-0.145843043923378,0.9523369073867798,0.8970859050750732,0.2635754644870758,0.160239428281784,0.4378549754619598,0.3983334004878998,-0.3247032165527344,-0.1075038537383079,0.3310868144035339,0.5564315915107727,-0.0966658219695091,0.2015350461006164,0.1424711048603058,0.7568235397338867,0.0272642467170953,-0.2367813438177108,0.2114190310239792,-0.2960522174835205,0.4381178021430969,-0.1655402332544326,-0.2865816056728363,0.1388946920633316,-0.6065528392791748,0.2488703578710556,0.0686032027006149,0.3074870109558105,0.1111298725008964,-0.5870758891105652,0.4450457394123077,-0.1704249233007431,-0.2904482185840606,0.4092161357402801,0.2255211770534515,-0.2218035459518432,-0.1488069295883178,0.3035394251346588,0.3374594748020172,0.0487138368189334,-1.1223282,-0.76206195,0.79908526,1.4231931,-0.86594564,-0.7440241,-1.4890476,0.4030335,1.1947136,-0.5365487,0.5130435,0.3026858,-1.4130912,2.3225598,-0.62254494,0.4631323,0.54501295,-0.89796126,0.9929447,-0.5941234,0.5824911,0.055264376,0.95344627,-0.62707245,0.63427943,0.89035046,0.70014906,-0.49851432,-0.87986565,-0.8681992,0.01678139,-0.6713747,-0.765123,-0.5370568,0.0836948,-1.4759352,-1.4807303,1.1725022,-0.043366425,-1.014046,-0.5228654,0.6880053,-0.16015115,-0.33101046,-0.35007432,-0.31566924,1.6085821,0.26464787,0.46237165,-0.2165741,-0.920056,-0.44496098,0.606586,0.7597609,1.1619093,-0.14923033,0.53088486,0.9658848,-0.06764184,-0.11638884,0.50714874,0.5347681,-0.9938377,0.08378401,0.1795247,0.822828,-0.05295396,-0.6761492,-0.3797648,-0.4974689,-2.816874,-0.9414919,0.20283265,1.0304053,-1.4220074,0.95339566,0.24188384,-0.48195797,-0.09687222,-0.14106646,-0.07268024,-0.08037847,-1.3801805,1.193626,-0.91807616,-0.90565807,-0.31419605,-0.16968438,-0.94614315,0.17223722,-0.3175377,-1.611373,-1.4211333,-1.0833489,1.2511048,0.039483067,-0.57162845,-0.46177435,-1.151304,-0.23133989,-0.109812364,1.2291098,0.09631182,-0.37340233,-1.0875161,-0.33230227,-0.4501419,-0.5094799,-0.62502754,0.9463056,-0.22809987,0.7930651,1.0982746,1.6391693,0.9064716,0.7217012,-0.9838556,-0.5388018,-0.53656626,0.06816278,1.045859,0.14925791,-0.05717399,0.3551302,-0.015337408,0.9570826,0.5012812,-0.67100704,0.5754211,0.32004434,0.55619013,0.098792456,1.2646371,0.42595202,-1.1556429,0.06115315,-0.033785682,-0.17402826,1.0331173,-1.2991483,-0.6284145,0.3438139,-0.26505524,-0.12499408,0.1351851,-1.1722459,-0.06059884,0.8713082,0.9562887,0.22179377,-0.008071398,-0.7278879,-1.1465404,0.56768817,0.71575177,-0.005994588,0.21527031,0.19107217,-1.9528271,1.3181394,0.22499223,1.406656,-0.8194464,0.9307952,0.27394325,0.67047155,-0.6708382,0.60102975,-0.48642975,-2.1422753,-0.73399913,0.02194507,0.7950461,-0.6023739,-0.015019273,-0.06791327,0.8762797,0.3697514,-0.47716895,-0.45447573,0.52903426,1.1034126,0.40454206,0.89638793,0.086936556,0.43823376,0.9334771,0.45032865,0.17278987,0.10555066,0.8408945,-0.7974844,1.0326955,1.4745159,1.1294549,3.0470116,0.9138252,-1.2899656,-0.82952034,0.91413385,-2.3719678,-0.4845706,1.2772858,-1.1768196,1.468258,-1.0166657,-1.0065148,1.6600469,0.7766874,0.08030975,-0.9081399,-1.176615,1.4997342,0.54081583,-1.0328896,-0.2170403,-1.0805261,0.28513232,-0.25968242,0.1358889,0.2757652,0.514917,0.43916994,1.8539034,-0.80770665,0.6222126,0.5447715,-0.15989116,0.5528957,0.719937,-0.8331127,0.23841214,0.20092387,-0.58075356,-0.7711401,0.19956836,-0.6281502,0.764185,-0.28069788,0.16648549,0.9132929,-1.0012352,0.40884155,0.0028618574,0.5738404,0.31470615,1.4790751,0.15584429,-1.685817,-0.27572805,-0.036484003,0.6349782,0.25473493,0.11325928,0.2231342,1.1402467,-0.13882299,0.0024938702,-0.55292696,-0.5339683,-0.27378625,0.77950144,0.26131883,0.6672333,-0.09264199,-0.15405996,-0.50251657,-0.23810014,0.011268651,-0.9140862,-1.0527614,-0.30661878,-0.9897493,0.03434352,0.091057256,0.2358847,-1.0248865,-0.94326144,-0.6772278,0.32681736,0.7105484,-1.7912521,-0.6381144,0.37785167,-0.18618664,0.47546858,0.24202478,-0.48379403,-0.16298656,0.6381952,-1.4867115,1.2935998,0.39675075,0.42298722,1.8220589,-0.082509615,1.0676969,-0.78941023,0.13116571,-0.654814,0.64071065,0.74891603,-1.4513032,0.48402366,-0.35363144,-0.0628164,0.75531656,-1.2563026,-0.5618817,-0.71728474,0.027117884,-0.6313489,-1.284771,2.0567222,-2.0411587,1.4227085,-1.9173254,-0.83104515,-0.7608383,-0.59983844,-1.5003989,0.3930921,0.65735483,-0.17432383,0.61822766,-0.05437404,0.4718237,0.19281784,0.24702244,0.91007805,-0.34485203,0.6684119,-0.7147392,-1.6690991,-0.3552212,0.9704024,-1.5811031,-1.1340692,-1.1860138,-0.42487034,0.12048949,-0.33458778,-0.24839392,0.66134596,0.1709111,1.0546085,-0.36075208,-0.5038447,0.057970144,-1.2527182,1.2118013,0.033503573,2.116146,-0.6748913,-0.44046035,0.49753362,-1.3743539,-0.31820497,-0.8124402,2.155182,0.5752509,0.5360695,0.3678182,-0.07238929,-0.56867737,-0.16573519,0.80469686,0.24468236,2.053936,0.06375934,-0.3585465,1.4224925,0.23491713,0.4609982,-0.4653225,0.085071184,1.5190816,0.039904602,-0.63205993,0.14090888,0.07511041,-0.5528132,0.12880126,0.52621776,0.28713173,-0.03352045,0.68061393,0.24839082,-0.8669942,-0.8669907,-0.44345465,0.26850796,1.2696427,1.1483202,1.9299892,-0.20558557,-1.1670911,-1.5385344,0.25754482,1.3021601,0.57999873,0.231288,-0.9178774,-0.055236924,0.4432726,0.19185862,-1.1777793,-2.129042,2.0020566,0.022159493,0.48460478,1.3982779,-0.4610489,-1.5235175,-0.63435286,0.0371779,0.0968418,-0.6628836,-0.33602864,0.9204796,-0.6102308,1.1109611,0.6863477,0.4294421,-0.39023635,-0.2721216,0.83941936,0.2915677,-1.0515633,-0.10404793,-0.18944521,0.16587551,-1.0722119,-0.53573,0.9198101,-1.7173936,0.49799004,-0.3359056,-0.15357709,-0.14754353,-0.63127095,-0.69711965,-0.72218204,0.35020226,-1.575196,-1.1376183,0.57856375,-1.4884833,-1.5832169,0.6477732,1.2311894,-1.1602148,0.9473751,-0.09336535,0.11166797,0.362091,-0.34607896,-0.44757873,0.0531169,-0.29155117,0.23606822,0.11148099,-1.2389115,-0.65884644,0.48168707,-0.72823817,-1.5446951,1.387778,0.82742786,-1.424164,-0.49152297,-0.3849437,-0.721252,0.8051551,0.6333724,0.07618296,-0.2119799,-0.5998061,-0.7041855,0.55106366,0.611147,-0.16051273,-0.34643352,0.044193618,-0.22804599,0.4780558,1.9505551,0.2190108,0.9880632,0.8878149,0.35384756,-0.5887899,0.6301094,-0.106804155,-0.87327373,0.8503603,-1.6478131,-0.86879444,1.853297,-0.6384269,-0.86115235,-0.25802758,0.7694119,-0.2782922,0.18485063,-0.1296261,0.8485878,0.85637414,0.6784957,1.8388752,-0.34120375,0.1398178,-0.77834606,0.1079239,-1.1917048,-0.7372795,0.11416973,0.6861948,1.8276421,-0.43838373,0.09041535,0.28484684,-1.1085539,-0.9422827,0.2884233,0.43035918,-0.3720109,-0.59581995,0.215579,-1.1802717,0.2380765,-1.4639641,-0.59407127,0.4063735,0.831704,-0.11469953,-0.06370102,0.27050048,0.500991,-0.64868486,0.15416014,1.3525509,1.4588209,0.26067767,-0.74906975,0.14882238,-0.664857,-1.2228544,-0.17456809,-0.8766425,-0.5146853,-0.06465204,-0.47277468,-0.08075076,-0.9456167,-0.56870747,1.7963295,0.48726755,0.06896822,0.23972254,-0.42853174,1.8932297,-0.16263285,-0.74550235,1.1793823,0.94496167,-1.5413002,0.8223672,-1.2206683,0.61244,-0.29819298,1.0981975,1.3444095,0.21198964,-0.2975306,1.1501863,-0.13890226,-0.31055066,0.27222133,0.23247986,-0.31340286,0.55833566,-1.8597943,0.52512157,-1.336483,-0.71878916,-0.27590793,0.48772502,-0.19425654,0.06265868,-0.34291592,0.67537683,0.46517602,-0.9650262,0.67544544,2.1227646,-0.7778232,-1.1133964,1.0559429,0.5648345,-1.1986849,-0.39443904,2.540773,0.74630654,1.0994878,-1.0111591,-0.22935729,0.7172064,-0.2787987,-0.6844784,-0.12112826,-0.29475483,-0.26058647,0.3482065,0.12717709,0.5802028,-1.2703632,0.30001003,0.87888414,-0.78455913,-0.16878109,0.48259792,-0.5573365,-1.3259588,-0.9053068,0.45426053,1.1185349,-0.20842214,0.2621822,0.16266486,1.4001498,0.99421835,0.100144446,-0.75092703,0.83053493,0.89283264,0.5197475,-0.83146226,-1.2013214,0.51826495,0.7939606,-0.40669242,0.36600915,-0.082167976,0.24743867,-1.7977097,0.9617346,0.25025606,-0.22157201,1.0116332,0.35822895,-0.031972177,0.58316624,-0.40948558,-0.051984943,-0.43374237,-0.20891897,-0.39468142,-0.035564613,-0.6690608,0.27219567,-0.9698283,0.02707771,-0.21777272,0.77490175,-1.1099025,0.47802204,-0.13280746,0.7922613,0.5613674,-0.4277808,-1.0398794,-0.58381546,-0.5446971,1.3243862,0.9895765,-0.034097053,-1.5882826,0.021038806,0.8992866,0.95793456,-0.6492036,-0.2515348,0.10557181,-0.60902977,-0.57175624,-0.88691694,-0.48098856,0.22312269,0.66428155,-0.8459277,1.2195791,-2.0628684,0.8596188,-0.525104,-1.2330948,-0.10826826,0.38239226,-0.42530638,1.810538,0.56351435,-0.022563536,-0.20696275,0.75306356,1.2369579,-0.40784702,-0.38032883,-1.0545866,1.0749909,1.3471773,0.45446712,-1.0929513,-0.4365099,0.45783186,-0.34245265,1.283357,-0.8425954,-0.3299479,-0.8416761,0.10465051,-1.126221,-0.17781135,-0.4705308,0.16103722,-1.1173232,0.50116074,-1.2365663,-0.8288182,0.5303008,-0.510594,0.46507984,-0.040069427,1.2184047,1.0578456,0.6154914,-0.40230793,-0.91700727,-0.13314863,-0.58041346,-0.20324472,0.5360061,-0.77228755,0.16934678,-0.1440322,1.3798976,2.084751,0.41992193,-1.0635527,0.1348582,0.38576317,0.40799838,0.32224375,-0.9600431,-0.2738738,0.38250065,0.45218033,0.8000738,-1.2692549,-0.891569,-0.39217073,0.5301809,0.09521876,0.63904727,-0.09616001,0.6205989,2.2005544,1.2422469,-0.13748169,-0.47979137,-0.6869163,1.0870316,1.0037099,-0.9318751,-0.90450346,-1.5033045,0.25533435,1.2553772,0.0032905228,0.6476375,-0.05511567,-1.393204,2.3437781,-0.8118342,-0.25107336,0.9110607,-0.5192706,0.35508,-0.4463593,0.6535318,0.41289756,0.6756686,-0.5213325,1.2884355,0.98162377,0.5854074,-0.5472513,-0.75209725,-0.8781662,0.37559655,-0.38134497,-0.93445385,-0.36887813,0.18790583,-1.0994271,-1.1475116,0.938228,0.20038484,-0.69151306,-0.71527183,0.34704483,-0.09313887,-0.12898856,-0.4205981,-0.31183958,1.7241943,-0.4299147,1.1250575,-0.16632497,-0.8387214,-0.24908791,0.5238622,0.71115583,0.80842537,-0.31479797,1.1833605,0.9831369,0.24077494,-0.36567456,0.29914796,1.1229993,-0.9728303,-0.48651806,0.21462531,0.7893363,-0.48419124,-0.40450063,-0.48260808,-0.65109503,-2.2385354,-0.6964409,-0.06752134,1.574973,-1.4668503,0.6390237,0.23572011,-0.636871,0.27814174,0.11237507,0.38583094,-0.21994966,-1.3764526,1.1508614,-0.76440203,-1.4089262,-0.30220512,-0.4046987,-1.2342803,-0.17031589,-0.54832757,-1.1990328,-1.7025985,-1.4375212,1.1527582,0.049301997,-1.0484113,-0.8842364,-1.7033587,0.099358186,0.3130373,1.1384034,-0.23058605,-0.9274715,-0.7475471,-0.5373144,-0.5702242,-0.7242284,-1.2010702,0.65401053,-0.1874687,1.0241383,0.24985123,0.9644766,0.69504905,0.87070495,-1.2179396,-0.9014104,-0.39990312,0.22022712,1.2764908,0.39494663,-0.93442,0.69857687,0.0951386,0.966896,0.3386712,-0.88407916,0.19119245,0.106564514,1.1088338,-0.5679255,2.2501678,0.41935736,-0.48373058,-0.77149975,0.019202165,-0.32345343,0.6129727,-0.9872104,-0.21957727,0.036658328,-0.3369016,-0.57929665,0.094564855,-1.049729,0.37980092,0.7530537,1.6321507,-0.13385817,-0.17155421,-0.06720588,-1.358162,0.37743652,1.0177166,-0.004048001,0.66008943,0.42730373,-1.2069261,1.3220278,-0.21484102,1.1857518,-0.71285915,0.18339822,0.21610342,0.4820261,-0.9202875,0.6526322,-0.4710448,-1.9425557,-0.32518303,-0.05921083,0.515362,-0.013670374,0.42494065,-0.10939878,0.25291762,0.28331053,-0.99657845,0.0048933234,0.81444097,0.6315596,0.02981254,1.0988237,-0.7424745,-0.043450512,0.48977807,0.75098556,0.7304072,-0.008364018,0.92662644,-1.1460017,1.2282223,0.8340498,1.135539,2.590039,0.6033603,-1.6933475,-1.4342082,0.6716291,-2.3481443,-0.47807884,0.57651323,-1.1811808,1.254477,-1.0594443,-1.1266823,1.8213375,0.90558994,0.2448856,-1.5383625,-1.2000736,0.75772536,0.46429703,-0.3497529,-0.1926539,-0.6501088,0.24518338,-0.068066545,-0.51015615,0.68101335,0.6146861,0.1337824,1.7127999,-1.0673993,0.40521544,0.5139755,-0.42809278,0.52892303,0.3892955,-1.1434803,0.9947519,0.7441895,-0.117803596,-0.07069214,0.42634416,-0.7421339,1.0171726,-0.11323829,0.75467384,0.37902543,-0.3448698,0.3975389,-0.5039057,0.71505857,0.9096509,1.6171004,0.44273907,-1.5249466,-0.22630167,0.2096429,1.253592,-0.065913476,0.39439112,0.036494106,1.1516905,-0.51551837,0.73141134,-0.3923189,-0.57275504,0.47437546,0.7656924,-0.55300546,0.35300368,0.23131166,-0.5016918,-0.4281687,0.18415149,0.54555,-0.8847973,-0.73679465,-0.90355814,-0.9697114,-0.06283061,0.2415365,0.5907243,-0.6368861,-0.820069,-1.2149799,0.20109464,1.0968274,-1.5886009,-0.5660579,-0.6681689,-0.7541031,0.54549295,-0.18216431,0.056964025,0.095367886,0.29136783,-1.2821175,1.1952004,-0.522658,0.47404325,1.2505289,-0.34518865,0.47302392,-0.62270117,0.26521957,-0.8849908,0.57308245,0.54721975,-1.3596963,0.8847808,-0.05466082,-0.57774895,1.0175344,-0.9659837,-0.6778771,-0.7013705,0.36597875,-0.15227866,-1.1784981,2.3079362,-1.8688169,1.2332325,-1.436879,-0.42660016,-1.0537213,-0.38615137,-1.1578423,0.7176441,0.4644812,0.13422063,0.5591031,0.39166912,0.095713474,0.53407824,-0.13482118,0.74330646,-0.13191056,0.52606237,-0.75950074,-1.032881,0.21711256,0.94038683,-1.2600195,-1.0520164,-1.0084255,-0.6027898,0.18881612,-0.3385571,-0.290988,0.7322605,0.24774316,0.79627216,-0.9600102,-0.08230467,0.16782615,-0.098150626,1.5215943,-0.021778751,1.656599,-0.78897405,-0.41492984,0.7944466,-1.4457573,-0.60808647,-0.16938952,1.4404862,0.40001968,0.35787526,0.42642504,0.71501166,-0.48196074,-0.7800572,1.0188661,0.12083724,1.2027557,0.32761747,-0.59984994,1.4495894,0.069986604,0.8842486,-0.37748128,-0.59915245,1.865877,0.039700482,-0.4901213,-0.5544058,-0.43956935,-0.1896683,-0.11924182,0.2797719,-0.15754393,-0.25392824,0.65329313,1.1189842,-0.79234076,-1.3871251,-0.9386099,0.27133545,1.3297725,1.2833211,1.5152225,-0.40575305,-1.1372209,-1.6030631,0.058418937,1.3023207,0.34819254,0.49302143,-1.3734188,0.3834545,0.62080085,0.6165437,-0.61391085,-1.2103264,1.4154456,-0.18503495,0.5048499,1.729212,-0.40189475,-1.014207,-0.31648603,0.21834947,0.002055116,-1.177625,-0.4510482,0.7004512,0.10471928,1.2696795,0.9307056,0.48790747,0.114608474,-0.03981511,0.6337881,0.10635708,-0.8855528,-0.38583937,-0.033338584,-0.08230158,-1.3978412,-0.8002726,0.68319154,-2.3419192,0.9191827,-0.10137171,-0.49872097,0.109947085,-0.49753633,-1.0073411,-0.92312527,-0.3887108,-0.81842905,-1.2000734,0.6629927,-1.4226382,-1.1779594,1.1913645,1.1040324,-1.1264462,0.5871997,0.3684294,0.040210918,0.75877494,-0.18789238,-0.29390633,0.38148087,-0.6138757,-0.13061385,-0.29490027,-1.8486177,-0.4952308,0.78636724,-1.4273033,-1.5331186,0.8092084,0.90092695,-1.1982002,-0.9711822,-0.1800151,-0.31994802,0.7611296,1.3334179,0.06686275,-0.29442537,-0.50254047,-0.29950553,0.32353425,1.0554286,-0.3334764,-0.054220483,-0.0155745745,0.056744706,0.6664056,1.7512294,0.4130947,1.4681895,0.78226674,0.76234734,-0.14969881,0.43682194,0.14076248,-0.41778883,0.61795175,-1.5369229,-0.4691054,1.2727344,-0.39934474,-1.1655877,-0.30783847,0.64490736,-0.47161537,-0.38126642,0.38877052,1.461943,1.2300869,0.9664907,1.9926736,-0.15117641,-0.08332636,-0.22994924,0.25711492,-0.97375643,-1.0408283,0.12867153,0.49945122,2.099494,-0.12547266,0.6949947,0.47609025,-0.9154253,-1.1550744,0.20525457,0.023475878,-0.6966787,-0.5165987,0.59963757,-1.3619964,0.11742778,-1.4835503,-0.0071549714,0.92452705,0.6538241,-0.35503054,0.5107626,0.64981395,0.12814151,-0.85379267,0.10884169,1.1020992,1.2466725,0.03902082,-0.95055,0.41789052,-0.32774147,-1.9245002,-0.08315839,-0.8055321,-0.76621145,0.34817055,-0.60044396,-0.39836806,-0.56954753,-0.55445725,1.4871714,0.29628503,0.07232347,0.3877607,-0.90161234,1.4435639,-0.34535307,-0.0777038,1.1929427,0.5851533,-1.4038547,0.27102977,-2.1171348,0.54877484,-0.51868826,0.6891794,1.421227,0.20020643,-0.8363547,1.8663266,-0.6260158,-0.34846315,-0.30901837,0.60463375,-0.20692086,0.28448814,-1.9958264,1.1005695,-1.4384015,-1.0728441,-0.2327947,0.6897261,-0.33683866,0.3094548,-0.3773455,0.47598112,0.6389718,-0.70043766,0.58697397,2.3238437,-0.41811937,-1.6424618,0.79430544,0.21042687,-0.60854304,-0.19119994,2.5320408,0.4774488,0.6881776,-1.3695502,-1.024239,0.4245395,-0.19088595,-1.1615983,0.008856975,-0.33147335,0.16407725,0.04265202,-0.3523107,1.0291458,-1.1569109,0.020988282,1.2245427,-0.6961803,-0.22481325,0.32191807,-0.6328668,-1.0869594,-1.1884787,0.7759523,1.1449506,-0.8120597,0.45444512,0.7185115,1.7446749,1.134019,-0.29181486,-0.9689137,0.59171176,1.3051988,0.67746127,-1.0229627,-1.3144242,1.1155145,0.8470239,-0.6829382,0.6296635,0.25965142,-0.43955448,-1.5145423,1.4464879,0.4241178,0.06855257,1.017004,0.20280406,-0.21107708,0.2352441,-0.06946391,0.15054746,-0.65892214,-0.57736963,0.028095465,-0.45247203,-1.0004046,-0.023903362,-0.8147251,0.4046786,-0.16918504,0.80718434,-1.777213,0.6211661,-0.22107351,0.86174726,0.2869646,0.05392626,-1.1068718,-0.63377184,-0.6169001,1.4686089,0.9747613,-0.21537764,-1.1185693,-0.0048047416,1.1807802,0.8485466,-0.8603179,-0.023859164,-0.054787986,-0.93592906,-0.21072178,-0.7729702,-0.8477322,0.17691058,0.7564765,-1.1033337,1.1891005,-1.6002719,0.6342177,0.0073398426,-0.9304633,0.03884245,0.10262366,-0.5233084,2.1926644,1.150475,0.102213725,0.29423884,1.0882957,0.91757274,-0.36195105,-0.15731461,-1.4168957,1.1391479,1.2991378,0.41213164,-1.0576466,0.109874144,0.61274415,-0.6997707,1.2126276,-0.19151255,-0.51597077,-0.73702997,-0.5150279,-0.52700984,-0.2865096,-0.5367593,0.3327879,-0.94499034,0.27818328,-0.6403928,-1.0208724,0.21143578,-0.48764712,0.36902446,-0.24237789,1.0229921,0.5969471,0.5636997,0.54339397,-0.6078206,-0.32403457,-1.2936007,-0.83313036,0.5995744,-0.8334899,0.74680424,0.39058638,1.2064856,1.5443374,0.32506266,-0.9591588,0.14418653,0.052724235,0.15441708,-0.15683338,-0.4532274,-0.443469,0.54168355,-0.04506567,0.28656766,-1.3339206,-0.5245619,-0.063508905,0.50663567,0.41283512,0.6234387,0.20202973,0.48281085,1.746916,1.0699112,-0.23144154,0.0
カ,0.3586235046386719,-0.0246663745492696,0.7754485011100769,-0.8844077587127686,0.0205631572753191,0.3392025232315063,-0.1355293840169906,-0.0529141798615455,-0.4171533584594726,0.307938814163208,0.7799731492996216,-0.1584917306900024,0.2739543914794922,-0.6795698404312134,0.6546946167945862,-0.5095005631446838,0.2791526913642883,-0.1557860970497131,0.0791591852903366,-0.4014647603034973,-0.8990652561187744,-0.9262132048606871,-0.1831101924180984,0.154470607638359,-0.0902618244290351,0.0137811098247766,0.0121721886098384,0.2656416893005371,-0.1975154876708984,0.0017380045028403,-0.1448732018470764,-0.5539519786834717,-0.1022625416517257,0.0579993426799774,-1.0950565338134766,-0.195033997297287,0.1503302156925201,-0.1417342275381088,-0.0951748266816139,-0.5363784432411194,0.3325586020946502,0.0311147775501012,-0.6130945086479187,-0.1334844380617141,-0.1431507021188736,0.5453366041183472,-0.229549840092659,0.367545485496521,-0.0144952787086367,-0.0786912739276886,-0.4052870869636535,0.160253420472145,0.1486576050519943,0.1468552052974701,0.1350431591272354,-0.3601643145084381,0.1212152615189552,-0.8884081244468689,-0.0386912338435649,0.0089029129594564,-0.4122975766658783,0.1841042041778564,0.2635621130466461,0.3959721624851227,-0.2631439566612243,0.0452321544289588,0.0961821600794792,-0.0472497045993804,0.0739715620875358,-0.6487445831298828,-0.0336413718760013,0.164206326007843,0.1290869265794754,-0.4542910456657409,0.7616341710090637,-0.2880868315696716,0.1886349618434906,-0.151704654097557,0.3141540884971618,-0.0434453412890434,-0.4349846839904785,0.1722281128168106,-0.1459560394287109,-0.3821792304515838,-0.2669380307197571,0.1747135072946548,-0.4731841683387756,-0.8139368891716003,0.8416064381599426,-0.1633704453706741,0.398811787366867,0.3357173204421997,0.1424184739589691,0.2348209768533706,-0.3758234977722168,0.1531011164188385,0.1802000254392624,-0.0568276718258857,-0.3802551031112671,0.6075312495231628,-0.1827001422643661,0.0576381757855415,-0.0303319804370403,-0.2173190414905548,0.3214604556560516,-0.3659038841724396,-0.3783417344093323,0.1673703789710998,0.3260456919670105,-0.177744448184967,-0.4289966523647308,-0.3378853797912597,-0.5367929935455322,0.3362517654895782,0.3132054209709167,-0.0323720835149288,-0.2094873338937759,0.2365705668926239,0.0392595268785953,0.4166017472743988,0.2066131979227066,0.5641819834709167,-0.1325835436582565,0.0099416654556989,-0.0932277664542198,0.4952303469181061,0.0901037603616714,-0.6326240301132202,0.158358559012413,-0.2867668867111206,-0.0173558443784713,0.107340008020401,-0.0451720394194126,-0.1583792865276336,-0.3470660746097564,1.0091145038604736,-0.1720819026231765,0.0428343191742897,-0.1088468357920646,-0.5532451868057251,-0.0317088961601257,0.1576555669307708,0.2147662192583084,-0.2545504868030548,0.1049708873033523,0.2996875941753387,0.1895471960306167,-0.7632226347923279,0.0111502408981323,0.1368252038955688,-0.1470520794391632,1.066796898841858,-0.7711522579193115,0.2616840302944183,-0.2608645856380462,-0.040651224553585,-0.5023216605186462,0.088080994784832,0.501655638217926,0.4692065119743347,0.1573397517204284,-0.5436323881149292,0.5917591452598572,0.5716028809547424,0.4121880233287811,0.3372128307819366,0.0857105329632759,-0.2183679044246673,-0.1453911662101745,0.2892410457134247,-0.2568687200546264,0.1158893778920173,0.1483827829360962,-0.454930305480957,0.1390462219715118,0.4084529876708984,0.268079936504364,-0.1322606205940246,0.4458299577236175,-0.9173943996429444,0.0121634928509593,-0.1293108463287353,-0.2407212853431701,-0.655108630657196,0.5757667422294617,-0.1570649445056915,-0.2027263194322586,-0.2569780647754669,0.0370329581201076,-0.5157102346420288,0.095952495932579,0.0432647280395031,0.684190571308136,-0.1562862247228622,-0.1192012578248977,-0.4013515114784241,0.1618971526622772,-0.143419474363327,0.0497052147984504,0.56205153465271,0.1374651789665222,0.1464396864175796,0.0063964049331843,-1.1057502031326294,-0.5280543565750122,0.1395886838436126,0.7025129795074463,0.6469906568527222,0.3365605473518371,0.3559617102146148,-0.3146827220916748,-0.2045052647590637,0.2062235176563263,0.3486829698085785,0.5529441237449646,-0.016566663980484,-0.7394495606422424,-0.3700011372566223,0.3480413854122162,-0.1952962279319763,0.3645149171352386,-0.3964727222919464,0.1479096561670303,-0.1230077594518661,-0.1660883575677871,0.3021289706230163,0.2427328675985336,-0.432539165019989,-0.1254675686359405,0.7219329476356506,-0.5374917984008789,-0.3943407833576202,-0.6420092582702637,0.1480622142553329,-0.3879353404045105,0.1265142112970352,-0.3879170715808868,0.2455029189586639,-0.5147812366485596,0.1670347154140472,0.2136788368225097,-0.0973865538835525,0.1902671456336975,-0.3023533821105957,-0.1986513286828994,0.2059695422649383,-0.0491631291806697,0.1524078249931335,-0.3032713234424591,-0.0656548961997032,-0.5807090997695923,-0.4501806795597076,0.1670434176921844,-0.3809289634227752,0.6607704162597656,0.1631241738796234,0.1359750479459762,-0.0701999813318252,0.3478787839412689,-0.6328304409980774,-0.1447628289461136,-0.4550751149654388,0.2436263114213943,-0.0120690781623125,0.3931418061256408,0.2132409363985061,0.0869434028863906,-0.4913892447948456,-0.4093371629714966,-0.4929644167423248,0.2152226120233535,-0.2128570526838302,-0.2557368278503418,-0.1298930346965789,-0.024274805560708,0.04751892760396,-0.2410119771957397,0.3789639770984649,-0.6740599870681763,0.3417744934558868,-0.1215574964880943,0.5535191297531128,-0.4472485780715942,-0.1685982942581176,0.3951951265335083,-0.049195297062397,-0.4267884194850921,-0.414090096950531,-0.2033648788928985,0.2097956538200378,0.388204962015152,-0.6768291592597961,-0.2198648601770401,0.3544965386390686,-0.4503610134124756,-0.0210239253938198,0.5212361812591553,0.0284831039607524,0.0804966911673545,0.2866666316986084,-0.089926429092884,0.1582807600498199,0.5975357294082642,-0.5801597237586975,-0.2414451092481613,-0.5601361989974976,-0.0293470304459333,-0.3483292758464813,0.556526780128479,0.0230383947491645,0.1481944918632507,0.7260949611663818,-0.4633060693740845,-0.0925065577030181,0.9196696877479552,0.5360009670257568,-1.6513739824295044,0.289298415184021,0.6973103880882263,-0.1962223649024963,-0.2482532858848571,0.0548110119998455,0.0119285555556416,-0.0102505404502153,-0.2157996147871017,-0.7553359270095825,0.8927761912345886,0.2450911849737167,-0.2065581828355789,-0.2450914531946182,0.4924006760120392,0.0727382153272628,0.0552626326680183,-0.4773213267326355,-0.2581067681312561,0.3700799643993377,0.2186993211507797,-0.1692437827587127,-0.2959271967411041,-0.1563395708799362,-0.5493754148483276,0.1432756632566452,-0.2391412258148193,0.2105724662542343,-0.4816707372665405,0.0363241843879222,0.3828274607658386,1.131384015083313,0.3203997015953064,0.5801156759262085,-0.3884201049804687,-0.0716237649321556,0.8466631770133972,0.457819789648056,0.4994423389434814,0.3784675598144531,-0.2813080549240112,-0.2930530309677124,0.6196814775466919,-0.050277542322874,-0.3033430278301239,0.3204991817474365,-0.1048931702971458,0.2078468948602676,-0.1034251824021339,0.0694383829832077,0.1110826358199119,-0.1496219038963318,0.1321352124214172,0.7338179349899292,0.6123164892196655,0.1744691282510757,-0.0940590947866439,-0.4335092604160309,0.0579937808215618,-0.1725084483623504,0.255798876285553,0.4385444521903991,-0.2900402843952179,-0.2993480265140533,-0.1937111467123031,-0.2491368055343628,-0.2325776368379593,-0.3403624296188354,-0.400767982006073,-0.9239010810852052,-1.0663666725158691,0.0514844134449958,0.0364310033619403,-0.7813575267791748,0.2973428666591644,0.1253112405538559,0.6626867055892944,-0.4192781746387481,-0.5313348174095154,0.1362084597349167,-0.469912588596344,0.0440434291958808,-0.1709395498037338,0.040976446121931,-0.254860371351242,0.288720041513443,-0.5707607269287109,-0.2336601018905639,-0.3975604176521301,-0.2706895470619201,-0.4771449267864227,0.0833981111645698,0.1562682390213012,0.7864431142807007,0.0329351238906383,0.2744109034538269,-0.0830293223261833,0.1661955714225769,-0.1352051496505737,-0.1193107739090919,-0.6013108491897583,0.3270958065986633,0.6027277708053589,0.7362671494483948,0.2225320637226104,0.4853352904319763,-0.0107432296499609,-0.1678165048360824,0.2710961103439331,-0.2332077175378799,-0.286459356546402,-0.2649374604225158,0.5488170385360718,-0.4618846178054809,0.2983710467815399,-0.3070251047611236,-0.0251187942922115,0.8155043721199036,-0.2759130299091339,-0.6447542309761047,0.019334452226758,0.4444313943386078,0.2741967439651489,0.2018985152244568,0.2217877656221389,1.1126266717910769,-0.1611074060201645,0.6747143268585205,0.2079386562108993,-0.3065947294235229,0.0153259988874197,-0.2526099681854248,0.0108531191945075,0.1808147132396698,0.5403428673744202,0.8989946842193604,0.2680794596672058,0.387798011302948,0.4225503504276275,0.0394640564918518,-0.3098432421684265,-0.0448453351855278,0.5020272731781006,0.0876635760068893,-0.5822703838348389,0.0671888217329979,-0.4893506169319153,-0.3110739886760711,-0.3760032653808594,-0.1529198884963989,0.2548675239086151,-0.1874099820852279,0.4831192791461944,-0.4073148667812347,-0.6556465029716492,-0.4325756430625915,-0.7924972772598267,0.1225211918354034,-0.1237589567899704,0.2850375175476074,0.5576971769332886,0.5667896866798401,0.151675283908844,0.0797831639647483,0.305660992860794,0.7309637069702148,0.2399234920740127,-0.1629074960947036,-0.1688187420368194,0.3584931790828705,0.1539022028446197,0.4346175491809845,0.2286254167556762,0.0695969685912132,-0.3132855296134949,-0.5330155491828918,-0.3979867100715637,0.1479430347681045,0.0100019462406635,-0.0302755665034055,0.3525822162628174,0.0273273456841707,-0.1545535176992416,-0.5193030834197998,-0.2445397675037384,-0.3318242728710174,-0.1690635979175567,-0.7040066123008728,-0.1218400225043296,-0.5307708978652954,0.1147366911172866,0.4098197817802429,0.4931957721710205,-0.5638531446456909,0.1662935465574264,0.3007017076015472,0.1204905360937118,-0.0154460817575454,0.1163259223103523,-0.0711223110556602,-0.2879864573478699,-0.0643923953175544,0.0923106297850608,-0.0817050263285636,0.6598289608955383,0.1591884344816208,-0.5559541583061218,-0.2439369857311248,0.115936778485775,-0.9041750431060792,0.433933824300766,-0.1377756744623184,0.1395601332187652,-0.6946619749069214,0.1776384264230728,0.0566961802542209,0.0287550706416368,-0.234372466802597,0.1439073234796524,0.1385184079408645,-0.7581139206886292,0.3103348016738891,-0.1813197135925293,-0.3846227824687958,0.7979161143302917,0.5467738509178162,-0.1853010505437851,0.2618381977081299,0.5007081031799316,0.0613263137638568,-0.4154864549636841,0.3247176110744476,-0.1609259694814682,0.1054156497120857,0.3049433827400207,-0.1889155358076095,0.5684009790420532,0.1683012545108795,0.1198823079466819,0.1038140431046485,0.3489070832729339,0.6846362352371216,0.4384132027626037,0.2534331381320953,-0.1556078344583511,-0.470798522233963,-0.7940940260887146,0.0376302748918533,0.2783031463623047,0.5752158761024475,-0.3884532749652862,0.5000850558280945,0.6709069013595581,-0.0261370316147804,0.3636739552021026,0.921187937259674,0.1954237669706344,0.4207964837551117,-0.4991807341575622,0.0607120133936405,-0.9316931366920472,0.4198193550109863,0.3131798803806305,-0.0941114202141761,-0.1071772128343582,0.1388003677129745,-0.5112866163253784,-0.4666632413864136,0.1720971912145614,-0.1056281924247741,-0.1700824797153473,-0.2413229346275329,0.6426102519035339,-0.1109598949551582,0.9409220218658448,0.3932240307331085,0.0111649427562952,-0.4847569167613983,0.1631693243980407,-0.1479229778051376,0.6438269019126892,0.0549303963780403,0.4049669504165649,-0.2156396359205246,-1.03778874874115,-0.4044138193130493,0.2613549530506134,0.2089057564735412,0.286806046962738,-0.5070863962173462,-0.0036206315271556,0.4516017735004425,0.5596505403518677,0.2337265461683273,-0.1101813688874244,-0.4991564750671386,0.0602733492851257,-0.1417141854763031,-0.2067635357379913,0.3999647796154022,0.0863533318042755,0.3394351601600647,0.3769959211349487,-0.1770133674144745,0.0854547098278999,0.4841074049472809,0.1963625401258468,-0.1337948441505432,0.6522935032844543,0.0557423271238803,-0.1153806075453758,0.068910077214241,0.0201813541352748,-0.2673791050910949,0.0112823247909545,0.6305686235427856,-0.0938891470432281,-0.018041593953967,-0.5155843496322632,0.3149875104427337,-0.0319119431078434,0.1470301896333694,-0.4010014533996582,-0.4669030606746673,0.2831065356731415,0.2526891231536865,-0.3539333045482635,0.0224920939654111,-0.2453508973121643,-0.2295989990234375,-0.3570439219474792,-0.3350311815738678,-0.5432419180870056,-0.1944839358329773,-0.3953049778938293,0.4299406409263611,-0.770074725151062,-0.5165455937385559,0.4467598795890808,-0.1453765481710434,-0.1557761132717132,-1.1232340335845947,0.6056432723999023,-0.400147795677185,0.636294960975647,-0.1855069398880005,-0.096103236079216,0.0183214973658323,-0.3138656318187713,-0.322945773601532,-0.5746438503265381,0.4832221865653991,-10.23126220703125,-0.1531709879636764,-0.2061832696199417,-0.6949334144592285,-0.3927797973155975,-0.1074967384338378,1.0815861225128174,0.0150632699951529,-0.5576997995376587,0.1200396791100502,-0.2452751398086547,0.1355503350496292,0.534533679485321,0.3761050999164581,-0.0703593641519546,-0.030170764774084,-0.1402267664670944,-0.5821368098258972,-0.3437755107879638,-0.1215213239192962,-0.077371560037136,-0.1950564831495285,0.6719056367874146,-0.0401544831693172,0.0759009197354316,-0.3982008695602417,-0.1598372608423233,0.2665517330169678,0.1228524073958396,0.4765311181545257,-0.2146400511264801,0.8284003734588623,-0.1778043061494827,0.0664553940296173,-0.1844103336334228,-0.0297167152166366,-0.0254587046802043,0.4636370539665222,-0.1103347167372703,0.490783154964447,0.3837138414382934,0.358788251876831,0.1400733739137649,0.0472070164978504,0.3781290054321289,0.4283336102962494,0.1367486715316772,0.32080739736557,0.7621679902076721,-0.0751866400241851,0.4969749450683594,-0.7559500932693481,0.3250588178634643,0.068393275141716,-0.4673557579517364,0.0409008339047431,0.932538628578186,-0.5532816052436829,0.0047107227146625,0.2532929480075836,0.3740162253379822,-0.0409752391278743,1.1663835048675537,0.404410570859909,-0.2600726783275604,0.3022530674934387,0.1110511496663093,0.122262954711914,-0.4746184349060058,-0.4054569900035858,0.3808251917362213,0.0147620821371674,0.1461379677057266,0.3145440816879272,-0.3718342185020447,-0.085900068283081,-0.0263521336019039,0.2055089026689529,0.3818835616111755,-0.0679506063461303,0.8542038798332214,0.0212811939418315,-0.41378915309906,0.4242964386940002,-0.5259703397750854,0.1248574405908584,0.1416054666042328,-0.0715519413352012,0.5414227843284607,-0.6794898509979248,0.7729988694190979,-0.3009038865566253,-0.3189559578895569,0.7000997066497803,0.3129055202007293,-0.5655158162117004,0.31784188747406,0.1308512240648269,0.0886329114437103,-0.2186778038740158,-0.16580392,-0.3867039,0.5001957,0.46018752,-0.34511942,-0.37146732,-1.4996121,0.6712724,1.525696,0.1147209,-0.030333985,-0.44911724,-1.1492007,2.7081304,-0.9331255,-0.061594557,0.33077312,-1.134135,0.85148466,0.11252363,0.28163284,0.52251387,0.63118285,-0.42624387,0.6924354,0.95080006,0.64936906,-0.41840816,-0.25485775,-1.2206266,-0.46969014,-0.71343,-0.9249819,-0.054412305,-0.324518,-0.9532377,-1.0307391,1.5432065,0.20639789,-1.1341169,-0.6648768,1.0216156,0.026720976,-0.21042326,-0.26442632,-0.6339308,1.9867996,-0.059538864,0.6875627,-0.30799252,-0.91830415,-0.418214,0.37055686,0.46143246,0.75660795,-0.4118758,1.6418692,0.92555845,0.3488185,-0.3536672,0.07806904,0.88028544,-0.46063986,-0.6087903,-0.15915713,0.43666023,-0.55766,-0.44336206,-0.5148792,-0.04556828,-2.976722,-1.6085774,-0.3688775,1.6049188,-1.2814817,0.80817336,0.41566116,-0.8495207,0.7013616,-0.39669216,0.31885502,-0.43806273,-1.0250533,1.2688794,-1.6454271,-1.4968181,-0.06483934,-0.6162252,-1.0035713,-0.46417084,-0.98388636,-1.8731915,-0.92681485,-0.738488,1.5510663,0.21790037,-0.63998854,-0.9444545,-0.76446426,0.11030068,0.5961457,1.5272596,0.56539255,-0.5968758,-0.34580547,-0.9172662,-0.71326745,-0.8308426,-0.61460847,0.8743745,0.021408463,0.6964391,0.68342364,1.0084053,0.6061908,0.86641634,-1.2548336,-0.53054583,-0.5655187,0.123564914,0.9360393,0.91331214,-0.4164637,0.76623785,0.37880096,0.9017938,0.122574806,-1.0766199,0.7015583,0.8460212,0.1535619,0.21808258,2.6284041,1.1729256,-0.9376858,-0.9517757,-0.32327706,0.3059889,0.63755167,-1.4346774,-0.99509126,0.74992925,-0.15617368,-0.17761059,0.67034227,-1.022665,-0.47015366,1.0521288,1.1983479,0.26744428,-0.14010218,-0.48070154,-1.0822886,0.37412128,0.8468235,0.26924852,0.036616612,0.23290205,-1.6853459,1.1070955,-0.08259467,1.4200652,-0.6887005,0.20510447,0.1779181,0.67179686,-0.64277995,0.7987315,-0.978642,-2.212879,-0.31146395,0.08452789,0.54395014,-0.28546175,0.5520188,0.4687008,0.18195912,-0.23141596,-0.75124776,-0.41816178,1.4791559,0.8997404,0.30561337,0.9121798,0.065620065,0.06868958,0.7179071,0.48994523,0.98737097,0.12178278,1.080169,-0.8456608,0.5909495,0.9011885,0.80243623,2.5391915,0.57251537,-1.0258408,-1.4750473,1.2834421,-2.0034478,-0.5864321,1.399708,-1.1234388,1.038296,-0.83275735,-0.6232278,1.5587605,0.8684937,0.04251678,-1.1808991,-1.0095481,1.0087075,0.52756387,-0.45686913,-0.30659962,-1.1146847,0.5404463,-0.1182742,-0.44967014,0.31619203,0.58308405,-0.23414469,1.187677,-1.4127964,0.5867833,0.58925265,0.3826356,0.020410825,0.8722087,-0.7034696,0.882641,0.5300846,-0.12805784,-0.54656065,0.039188515,0.12599702,1.0346473,-0.47948536,0.65542996,0.3136545,-1.1075294,0.10755847,-0.3986927,0.5597591,0.40472707,1.1883202,-0.22007081,-1.1531794,-0.4848813,0.24225266,1.1445619,0.042875547,-0.2698583,0.06509218,1.3787856,-0.24729696,0.25568533,-0.6587006,-0.07287575,-0.18787494,0.6430661,0.40295178,0.28393275,-0.10590116,-0.4980634,-0.06997627,-0.7384914,0.46975765,-0.7124247,-1.1811858,-0.80530167,-1.1590097,0.18035437,0.678708,-0.075948164,-0.5027758,-0.8677479,-0.920084,0.6730827,0.29648104,-2.1053805,-0.34018937,-0.0028137981,-0.50330436,0.33233696,0.6926092,-0.25212088,-0.2710081,0.4053982,-1.218677,0.9132101,-0.49437642,0.47129932,1.833148,-0.13765952,1.0540216,-0.74885714,-0.59985346,-0.38731155,0.5166572,0.9776052,-1.7906945,0.94295704,-0.5333988,-0.30467397,0.9753839,-0.7730216,-0.6928406,-0.490098,0.5413218,-0.34155256,-1.0740147,1.8209515,-2.2440324,1.4128147,-1.419555,-0.9286908,-0.6303948,-0.5040807,-1.1835355,-0.15789399,-0.06326331,-0.072344206,0.6073712,0.30498022,0.18989512,-0.43799782,0.437769,1.714894,-0.21623793,0.392773,-0.6224964,-1.5785916,-0.6146928,1.3263731,-1.2860216,-1.4302269,-1.4798707,-0.42781395,-0.22471757,-0.28049585,-0.96494514,0.60358727,0.30234048,0.3174997,-0.3914134,-0.26768678,-0.25616133,-0.5688206,1.0473967,-0.34378687,1.2740622,-1.047702,-0.51422596,0.42169723,-1.1501067,-0.12032028,-0.43149075,1.6152108,1.0069586,0.41705376,0.47283858,-0.6526805,-0.0792346,-0.5673791,1.2418389,0.019113611,1.988245,-0.22552295,-0.5359403,1.4281132,-0.100257374,0.5753773,-0.2926762,-0.52306384,1.5447493,0.15171027,-0.5218955,0.25091994,-0.13092563,-0.035087265,-0.13862014,0.9219223,0.37188634,-0.2790648,0.93109876,0.30863625,-0.34568223,-1.6979519,-0.17805049,0.58042276,1.2222903,1.0867119,1.3420104,-0.18593957,-0.6798957,-1.841646,0.5049359,1.1742425,0.18126765,0.3698442,-2.2958467,0.47862086,0.72394043,-0.14742902,-1.3461323,-1.981807,1.2977536,0.39563107,0.7124487,1.4343174,-0.7623001,-1.5491784,-0.54422075,-0.37455872,0.06308627,-1.324477,-0.8155487,0.55187714,-0.5817448,0.88934517,1.2350633,0.3859351,-0.3895764,-0.7856343,0.58808863,-0.34429884,-0.6215191,-0.32277817,-0.7405035,0.29244208,-1.5418488,-0.28460413,0.97931385,-1.9176311,0.8422047,-0.23499179,0.40110502,-0.37978455,-0.2561383,-0.5365573,-0.31242442,0.45392188,-1.6844829,-0.31781134,0.76289845,-1.6494328,-1.7026047,1.325057,1.4764904,-0.24342155,0.68040997,0.18895952,0.08999927,1.1141603,0.07208415,-0.13536242,0.38005507,-0.119473316,0.0506227,0.5131918,-1.006107,-0.20512185,0.78183,-1.4351063,-1.326226,1.06825,0.24208942,-1.4705875,-1.0782579,-0.048260562,-0.30330124,0.418011,0.67540514,-0.118012786,-0.38177592,-1.0791823,0.22067305,-0.17206739,-0.17966412,-0.103578344,0.0982893,0.5547066,-0.26791266,0.1948342,1.8009415,0.34536427,2.0063875,1.4264586,-0.10053165,-0.06625278,0.60765654,-0.20021495,-0.6735007,0.7770201,-0.9104048,-0.8505395,1.3917944,-0.13411343,-0.41835594,0.064158835,0.7515912,-0.47659856,-0.37932906,-0.3569189,0.5046751,1.8375776,0.76194555,0.9921667,-0.60876286,-0.002049184,-0.7445189,0.3700721,-1.337275,-0.7385939,0.02799809,0.4066678,1.9117453,-0.3855436,0.4337488,0.3418485,-1.2121166,-0.9372922,0.029619778,0.43080997,-0.95584965,-0.049892355,0.21906967,-1.1240461,0.7830331,-1.6615918,0.15837881,0.74927056,0.82607156,-0.5268314,-0.006120616,0.77760047,0.391683,-0.6848804,0.08717034,0.75425225,1.3570334,0.112412855,-0.79484844,0.4823925,-0.35150966,-1.7828391,0.41610727,-1.1854349,-0.5623355,0.0990576,-0.37421626,-0.12632701,-0.5631143,-0.74768263,1.5044587,0.5609902,-0.53958327,-0.03267468,-0.87170887,1.4093959,0.15060523,-0.54304934,1.5457451,0.70511824,-1.3849404,1.263408,-1.4710099,0.4696266,-0.36494386,1.0751123,1.4714284,0.49055448,-0.5731109,1.5313671,-0.37328684,-0.57695234,-0.11930312,0.8206645,-0.79068935,0.043400835,-1.8612957,1.5703287,-1.4926766,-0.8812151,0.11949823,0.54389894,-0.07277315,0.28705946,-0.30272073,0.7776163,0.13170785,-0.8267602,0.5756818,1.7251354,-0.8111332,-1.1275904,0.41524038,-0.0073818923,-0.31951514,-0.10124196,2.4346294,-0.21014862,0.25083053,-1.2764733,-0.6864828,0.7043809,-0.6643637,-0.7629058,-0.36492866,-0.6635502,0.3641719,0.36351898,-0.61458457,1.3617811,-1.0476758,0.35639864,1.0248592,-0.92921656,-0.76127064,0.21609768,-0.29720157,-0.99521863,-0.9724768,0.6531848,0.33189374,-0.53159714,0.19655181,1.0721722,1.3281968,0.5855402,-0.08347812,-0.62670135,0.9813334,0.68959284,0.2405221,-1.108928,-0.53040993,-0.1633686,0.6205362,-0.37865385,0.7085403,0.61598974,-0.6187751,-2.095113,0.91777265,0.035141308,-0.004064864,0.9149478,0.46670407,-0.34850153,0.5858015,-0.31520858,0.4268911,-0.37860283,0.4169117,-0.009249425,-0.41709238,-0.8678976,1.0179638,-0.4180689,0.6816743,-0.16350973,0.75685716,-1.6460888,0.59195507,-0.13224101,0.26399538,1.2742006,0.27126765,-1.2591547,-0.641093,0.18692853,1.1527685,0.7659133,-0.13830681,-0.4851771,-0.04347128,1.1148217,1.1973283,-0.7371856,-0.3161307,0.056863476,0.057733335,-0.5141525,-1.3650676,-1.028886,-0.048782,0.025369382,-1.2435617,1.3653421,-1.7320468,0.7637886,-0.20994523,-1.7436043,0.11506881,0.6269361,-0.9211481,2.304787,0.7304001,-0.8050855,0.041236363,0.7884243,0.94431955,-0.41915137,-0.10950701,-0.8124815,1.4985911,1.5376621,0.8531407,-1.5052502,0.24213052,0.7797636,-0.49190456,1.6496874,-0.35983735,-0.39191264,-0.63774073,-0.21676254,-1.3359745,-0.44548684,-0.076070264,-0.28093717,-1.1488279,0.828657,-0.5032352,-0.8026246,0.5948717,-0.81384915,-0.06475379,-0.06800239,1.3548763,0.42990083,0.5788795,0.121012844,-0.84478235,0.024431145,-1.2263497,-0.25862572,0.4325965,-1.0266668,0.5724533,0.57431287,1.0271369,1.392862,-0.18388954,-0.5649053,0.7854974,0.41599292,0.07444745,-0.008032687,-0.9021877,-1.2025497,0.37605938,0.8320385,1.1797432,-1.1161344,-0.12705787,0.04019263,0.22471324,0.6686231,0.6052799,0.44359952,0.7812637,1.9058647,1.114013,-0.06686603,-0.9804648,-0.7242423,0.5062195,1.65476,-1.1705277,-0.38154477,-1.3107939,0.71071446,0.74617827,-0.23180827,0.40250516,0.4812962,-1.3477805,1.4247241,-0.74050725,0.12150793,0.546758,-0.5407823,0.38502514,-1.0938934,1.0564873,0.7440586,0.6917236,-0.75385165,0.3832004,0.51937973,0.6280381,-0.5633587,-0.022665143,-0.5948825,-0.37581676,-0.4123621,-0.21968117,-0.6334037,0.35485053,-1.1989508,-0.89458436,1.1386636,0.47420257,-0.63511384,-0.97505254,0.54675204,-0.8758764,0.5117504,-1.1759523,0.11663594,1.7158947,0.40619978,1.1386628,-0.5981443,-0.5097862,-0.62996465,0.6068556,0.71408844,1.0047119,-0.22116904,1.09045,1.147604,0.34371233,-0.36344272,0.6115872,0.9493748,-1.4320775,0.336383,0.8683094,1.4852489,-0.1402949,-0.7460901,-0.67461854,-0.5336202,-2.6673503,-0.16190453,-0.23188388,1.3780756,-1.4249555,1.4162881,0.34071717,-0.14685188,-0.5739703,0.37720254,0.066780806,0.5596751,-1.0809538,1.712011,-0.5134257,-0.5933216,-0.2613666,-0.102693975,-0.9420927,-0.18125132,0.47284588,-1.4733436,-1.7987766,-0.72840893,1.1140025,-0.15184055,-1.0276092,-0.53843457,-1.2988831,-0.24542984,0.10160778,0.7241989,-0.46465153,-0.051848285,-1.0562813,0.24222927,-0.88343966,-0.707885,-0.826577,0.5983767,-0.12751025,0.731063,0.8362726,0.92253506,0.4683036,1.3713298,-0.70931834,-0.9559563,-0.6758615,0.038191807,1.0705001,-0.04420619,-1.2786424,0.28873846,0.37385204,1.6488739,0.41040677,-0.65723073,0.42338705,-0.83012104,0.98307925,-0.48665556,1.3302326,0.79806197,-0.49542198,-0.34223878,-0.79966974,0.1523338,-0.3867764,-1.0130585,-0.18450394,-0.4067033,0.38799226,-0.16157909,-0.17226851,-1.0926536,0.26675445,0.7688516,0.7750727,0.025067318,-0.27134588,-0.31168443,-0.6944927,0.15503141,0.35265487,-0.061407298,-0.28183615,0.025694031,-1.3821036,1.5704135,0.71623135,1.3832556,-1.1374385,0.22610798,-0.3486778,0.2004689,-0.77985346,0.59190667,-0.3854623,-2.1435504,-0.19246972,0.3518951,-0.119535126,-0.23192771,0.3870634,0.28578907,0.64783204,0.24379203,-0.8357955,-0.23501131,0.36600772,1.4209356,0.13197072,1.392665,-0.6697783,0.69971204,0.5269488,0.37389153,0.29449707,0.6272248,0.7913626,-0.7536087,1.3435876,0.99520653,1.1417868,2.5452445,0.85674083,-1.3844247,-1.5250007,0.78391826,-1.6457609,-0.17529395,0.8795179,-0.90969765,2.0030084,-0.52171427,-1.1331235,2.0182316,0.36591107,-0.041349716,-1.3306949,-1.066788,0.7737466,0.66144884,-0.79370534,-0.04238017,-0.4806432,0.12596697,-1.2904489,-0.31089976,0.3568629,-0.0012839675,0.52705985,1.9380316,-0.9050325,0.94330674,0.7482529,0.21032667,0.35260144,0.08889668,-0.922437,0.4384304,0.7320615,-0.45253772,-0.22923625,0.21992967,-0.917052,0.56030047,-0.45260057,0.33190912,0.19023074,-0.036281608,-0.24017814,-0.4170664,0.42180642,0.21893334,1.7279876,0.28521505,-1.3194507,-0.084733404,0.6173201,1.0063264,0.8747114,0.19532257,0.9760586,0.47968465,-0.3765753,-0.15690038,0.24229674,-0.1549149,-0.12561785,1.3119669,-0.62875444,1.0796381,0.2642209,-0.914472,-0.7277682,0.051384307,0.081102416,-0.99924403,-1.2871635,-0.6939027,-1.496383,0.121106304,-0.4843526,0.56080896,-1.3227264,-0.24802724,-0.9653562,0.08695904,0.7800874,-0.6165849,-0.77414006,-0.018901538,-0.50075936,0.1858693,-0.35410395,-0.025767172,0.85840875,0.98413086,-2.1806662,0.7472279,0.27930886,0.7302543,0.82442033,0.18743685,1.554364,0.21479206,0.4376324,-1.0131382,0.66437495,0.8231567,-1.5380814,0.751967,-0.24784224,-0.07740618,0.58661544,-1.5074298,-0.40951023,-0.26099783,0.38308606,0.022650784,-1.2824876,1.7427238,-1.812352,1.3518378,-1.3407552,-0.49740696,-0.6524793,-0.97313607,-2.0390544,1.4425417,0.3832068,0.15256539,0.32258087,-0.16383958,0.05836124,0.58504707,0.5791098,0.9234172,-0.39264894,0.91840935,-0.29026526,-1.6902227,0.5878347,0.8394395,-1.4003694,-1.4814506,-1.403343,0.242268,0.961532,-0.38522714,-0.22809117,0.72497153,0.08170546,1.042645,-0.7042664,0.2575318,0.23565641,-0.24632482,1.0659002,0.22528358,1.9075336,-0.7451192,-0.6370858,0.8995738,-2.402619,-0.01935851,-1.0683712,1.6546423,0.6851495,-0.27339858,-0.0052791596,0.6165899,-0.8906232,-0.65657175,0.34989816,-0.1426728,1.3410039,0.69759333,-0.3168875,1.5768285,0.28487945,0.28375977,-0.75039166,-0.15587385,1.7885422,-0.13051099,-0.58577615,-0.52733546,-0.61565053,-0.344564,-0.09369076,-0.11885282,-0.2998884,0.31392545,0.9085266,1.1443902,-1.7694565,-0.674738,-0.5608955,0.11141068,1.2049187,1.7026443,1.4458439,0.28128195,-1.1152132,-1.9311798,0.48234168,0.90137595,-0.31482467,0.85173684,-1.1270835,0.1330029,0.45707297,-0.7049473,-0.35104558,-1.4087075,1.634486,0.69433784,0.6488502,1.7743213,-0.732161,-1.0779917,-0.2630783,0.9717401,0.28094468,-0.73771155,-0.4341387,0.7832672,-0.21737993,1.0804851,0.7168392,-0.023486685,-0.42303818,0.33831373,0.4312326,0.6164707,-0.8692506,-1.199181,0.16826952,0.54612434,-1.3913326,-0.671197,0.3684733,-2.0943608,0.2457706,-0.56514776,-0.07719297,0.0035193146,-0.45020947,-0.47994322,-0.6037396,-0.15044513,-1.6807553,-1.2243984,0.32298565,-0.88417375,-1.5712858,1.0559273,1.527902,-1.6341835,0.5401753,0.47240958,-0.23041825,1.0237068,-0.08803584,-0.77923334,0.4824861,-0.15827462,0.06604858,-0.64031667,-0.97498655,-0.67170227,-0.2539758,-1.1122504,-0.8700086,0.35051095,1.0065799,-1.548213,-0.56504506,-0.27439404,-0.46431112,0.62477076,0.6690555,-0.03222382,-0.10096719,-0.6494143,-0.46330205,-0.0012517929,0.6760692,-0.0070341765,0.37003207,0.416077,0.32808462,0.40434876,1.3883444,0.40459633,0.032883912,0.71179515,0.44727716,-1.068737,0.4832638,-0.37155375,-0.760749,0.72868156,-1.3686216,-0.94427615,1.9515909,0.0053147613,-1.3900607,-0.80796975,-0.12228644,0.46115923,0.24854438,0.5458852,0.50159305,1.3483322,0.5114018,1.9932129,-0.23887484,-1.2057116,-0.16134365,-0.16315563,-0.9518895,-0.86700267,0.54101944,0.91340077,2.8023765,-0.7438177,-0.06189381,1.1103536,-0.60825175,-1.2371789,0.5038696,-0.112320505,-0.8644581,-0.19406605,0.580855,-0.61184186,0.037141614,-1.5853198,-0.50965834,0.5619253,0.65243524,-0.28380594,-0.07538633,0.0867879,0.19654404,-0.77392024,0.69330996,1.6393245,0.70893323,0.0010348186,-0.9687788,-0.014693359,-0.71491855,-1.8021313,-0.13223669,-0.12964502,-0.51316994,0.005176246,-0.9762514,-0.31733036,-1.0570469,-0.39899078,1.320239,-0.22403868,-0.11175321,-0.4858412,-0.62434655,1.9007162,-0.622564,-0.07887153,0.658682,1.1971309,-1.6194912,0.2473369,-0.43088096,0.8939396,-0.31356564,0.41520748,0.39032704,0.74985343,-0.6334017,1.6546726,-0.3239965,-0.7268278,0.07372267,0.5628407,0.24008203,0.11036386,-2.4862652,0.6359567,-1.5700946,-1.5992055,-0.06725156,0.9354323,-0.73807985,0.3932818,-0.0574585,0.96702397,0.50121933,-0.7071568,0.7904737,2.1012912,-0.3320457,-0.46248,0.8962056,0.4709506,-1.0136302,0.20565557,2.5066688,0.45855325,1.5584137,-0.7335557,-0.39277956,-0.033038877,-0.43173724,-0.5852562,-0.3765275,-0.6101607,-0.35261744,0.80748975,-0.5300725,0.7960371,-1.3746743,-0.35639608,0.70965004,-0.9833255,-0.64558256,0.69580704,-0.40697044,-1.4320157,-1.5078974,0.51122653,1.369926,-0.3473673,-0.047966562,0.6647957,1.2165457,0.66958505,-0.5209322,-0.4390834,0.42245817,1.294515,0.8811223,-1.0451338,-1.1830782,0.5392387,1.5123488,-1.5500541,0.5195263,-0.69894636,-0.29463917,-1.5814726,1.212827,0.5417557,-0.14501771,1.1678197,0.5681915,0.111011386,0.40974617,-0.757624,-0.14569373,-0.36974502,-0.8154529,0.13429347,-0.24299042,-0.7487189,0.062334858,-1.1706522,-0.22266892,0.20166877,0.73277676,-1.3949589,-0.026907813,-0.62600887,0.45797578,0.0394035,-0.50966495,-0.22607493,0.24870172,-0.83881253,1.8855358,1.0758936,-0.24300024,-1.8138716,0.34387967,0.85116404,0.30910924,-0.66520005,0.7012288,0.4109373,-1.2027315,-0.6668381,-1.363087,-0.4521575,0.17488477,1.1938598,-0.7376116,0.40832692,-1.0613954,0.8819295,0.08382438,-0.52802324,0.7027572,-0.22840996,-1.0472867,2.0321033,1.020995,0.30867162,0.047855426,1.1228373,0.6831726,-0.17431906,-0.49937811,-1.2817147,0.8370488,1.383528,0.6302346,-1.2688903,0.26679924,0.1381602,-0.36705634,1.8594557,-0.280027,-0.57435256,-0.5937609,-0.21673329,-0.27511245,0.0048877,-0.84758186,-0.19308789,-1.6856655,-0.14027463,-0.53883994,-0.35294524,0.35750672,-0.7072115,0.5905277,0.3676951,0.99036235,1.0740209,1.0105699,0.9038755,-0.25595704,0.35255063,-0.99273074,-0.3621962,0.44864684,-0.74958295,0.4167723,0.77573603,0.9169828,1.5567329,0.22854242,-0.5298764,0.1299984,0.120088086,0.03586188,0.21429744,-0.55528104,-0.32790536,0.35760766,0.18516617,0.3619918,-1.2608664,-0.23409827,-0.04712247,0.9944954,0.1686767,0.28800786,0.33381277,0.12526841,1.7125804,0.15715662,-0.6528597,0.0
モ,0.9757569432258606,0.6749680638313293,0.9160282611846924,-0.5770445466041565,0.1010512188076973,-0.0959448739886283,0.2260678857564926,0.2389405071735382,-0.394376128911972,-0.0393854789435863,0.440192848443985,-0.6591034531593323,-0.1601279824972152,-0.3064844608306885,0.1344659924507141,-0.45746511220932,0.0625317022204399,-0.3295319974422455,-0.22050641477108,-0.3122970163822174,-0.8919770121574402,-0.7594207525253296,-0.1853798925876617,0.2188920974731445,-0.1910526156425476,-0.985809564590454,0.1007179394364357,0.5949540734291077,0.2635058164596557,-0.5725122094154358,-0.2786420881748199,-0.0629119798541069,0.0073620057664811,0.2458503395318985,-0.7454453110694885,0.075811855494976,0.0332646593451499,-0.3871772587299347,-0.0506983622908592,-0.0629001185297966,0.1152482405304908,-0.4269048869609833,-0.4453933835029602,0.3785352110862732,-0.2071513831615448,0.3537138998508453,-0.031223464757204,0.3142997324466705,0.2183587998151779,0.2201131582260131,-0.4038738012313843,0.4041521549224853,0.425471693277359,-0.1674828231334686,0.2165240347385406,-0.4730794727802276,0.3049252927303314,-0.5639246106147766,0.1720008552074432,0.6032027006149292,-0.239325076341629,0.0690906047821044,0.1045584678649902,0.2978010177612304,0.0470392890274524,0.1192821487784385,-0.1337632089853286,-0.1666222512722015,-0.1568894833326339,-0.1522393524646759,-0.0515811257064342,0.0941227525472641,-0.2164250910282135,-0.137162372469902,1.0071940422058103,-0.2370384484529495,-0.0247733034193515,0.3810829520225525,-0.2730003595352173,-0.4653922021389007,-0.1041339486837387,0.572119951248169,0.0350106954574584,-0.7765647172927856,-0.070925585925579,0.4563371539115906,-0.7200241684913635,-1.202042579650879,0.3911978006362915,-0.2852736413478851,-0.1570264548063278,-0.1534004509449005,0.0471417196094989,0.468172937631607,0.09709133207798,0.0730906948447227,0.1132175922393798,-0.2423918843269348,0.1727945506572723,0.6402551531791687,-0.0581529773771762,0.1234323531389236,0.3324566781520843,-0.3275882303714752,-0.1585267037153244,0.1391417235136032,-0.1200745105743408,0.188875138759613,-0.2060467153787613,0.2481434047222137,-0.5333521962165833,-0.979328155517578,-0.6886600852012634,0.0963836759328842,0.2440036386251449,-0.2300655096769333,-0.4473761618137359,0.4729285538196563,0.002128135645762,0.3371374905109405,-0.1655120253562927,-0.0143981827422976,-0.1765172928571701,-0.1010989397764206,0.1618200540542602,-0.0055616712197661,0.0663326531648635,0.0136193977668881,0.1685331761837005,0.0065427785739302,-0.5123899579048157,-0.2534539997577667,-0.6648191809654236,-0.0751880705356597,-0.3039854168891907,0.7245415449142456,-0.0233443547040224,0.2936453223228454,-0.1287098079919815,-0.2575443983078003,-0.059321854263544,0.0079647898674011,0.4464979767799377,-0.4081531763076782,0.0856433883309364,-0.3519479036331177,-0.2409956902265548,-0.5759998559951782,-0.1140337586402893,0.2878223061561584,-0.3483795821666717,0.7437653541564941,-0.7317702770233154,0.4019326269626617,0.1306826919317245,0.3696637749671936,-0.5716943144798279,-0.328275978565216,-0.2157846689224243,-0.0782648250460624,0.2432252615690231,-0.3281313776969909,0.2566916644573211,1.0450568199157717,0.0076466258615255,-0.1523385792970657,0.5658129453659058,0.2982853651046753,-0.0525276735424995,0.684965968132019,0.8822084665298462,0.1984110623598098,0.2870163917541504,-0.1006898507475853,0.1933297961950302,0.1893860250711441,0.8501880168914795,0.3371810913085937,-0.3322291076183319,-0.2928677499294281,0.519032895565033,-0.1708110272884369,0.1536852270364761,-0.5715721845626831,0.4330354034900665,-0.3459009528160095,0.4607249498367309,-0.1279805302619934,0.0852313116192817,-0.0538889355957508,-0.0931285992264747,-0.2021214514970779,0.2720342874526977,-0.2636159658432007,-0.4522548317909241,-0.3665700554847717,0.106261670589447,-0.1381389498710632,-0.0096690822392702,0.1834071427583694,0.1189355626702308,0.0115183293819427,-0.1249828413128852,-1.1111500263214111,-0.5005223155021667,0.5144323706626892,0.3942021429538727,0.7604984045028687,0.6160243153572083,0.5863209962844849,-0.1094428971409797,0.3094867765903473,0.4329841732978821,0.1043677851557731,0.8115395903587341,-0.044036541134119,-0.4804971218109131,-0.5231109857559204,0.0759973376989364,-0.1084706410765647,0.7262665629386902,-0.2271509915590286,0.0668463855981826,0.0828060209751129,0.1157882660627365,0.1256670653820037,0.1843454837799072,-0.2011999636888504,-0.1004347950220108,0.5576381087303162,-0.8038695454597473,-0.1897670775651931,-0.7078806757926941,0.0298724416643381,-0.693244993686676,-0.2618941962718963,-0.5148773789405823,-0.4967519640922546,-0.6160101294517517,0.1886693835258484,-0.0489765256643295,-0.4232003092765808,0.1868058294057846,-0.3497185409069061,0.15017931163311,0.9877723455429076,-0.1097733974456787,-0.2371234446763992,0.0914276391267776,0.047660119831562,-0.3577341735363006,-0.622891902923584,-0.0054006087593734,-0.8360463380813599,0.9036998748779296,0.3564980030059814,0.6088647246360779,0.1141679361462593,0.4406469464302063,-0.5345606803894043,0.041442833840847,-0.6767209768295288,-0.4219784438610077,0.1229605600237846,0.471838891506195,-0.1211957111954689,0.1574984788894653,-0.0063870465382933,-0.1725136488676071,-0.4321721196174621,0.1804598718881607,0.2942863404750824,-0.1645444333553314,-0.3271107971668243,0.1311961561441421,0.1473788172006607,-0.3855530619621277,0.8938804268836975,-0.5586043000221252,0.2726260125637054,-0.4538394510746002,0.4363297522068023,-0.2730979025363922,-0.256797581911087,0.0540732443332672,0.1250181198120117,-0.5106499791145325,-0.5047711730003357,-0.1305207759141922,0.616267204284668,0.6881330609321594,-0.519388735294342,0.0117315286770462,0.6077224016189575,-0.0081067327409982,0.0722132921218872,0.119690753519535,0.2174902707338333,-0.2392555475234985,-0.6110792756080627,0.7405552268028259,-0.0235992167145013,0.2673302590847015,-0.1856444925069809,-0.0291665680706501,-0.4459306597709656,0.0673999786376953,0.1888500154018402,0.4036676287651062,-0.1067791283130645,0.6409578323364258,0.9843835234642028,-0.2149361670017242,-0.2979083061218261,0.4485390186309814,0.6622840762138367,-1.8538326025009155,-0.2041660398244857,0.2170791625976562,-0.0274829007685184,-0.8259491920471191,0.2285222560167312,0.1909473687410354,0.1926114857196808,0.0099703269079327,-0.9482415914535522,0.818393349647522,0.244650050997734,-0.0502013489603996,-0.1039883270859718,0.4776352047920227,0.2160197049379348,-0.253480315208435,-0.6503969430923462,0.4117457270622253,0.2589434683322906,-0.284033715724945,-0.3751254975795746,0.2734731137752533,-0.2655577361583709,-0.2802866995334625,0.1458420604467392,-0.1918870210647583,0.3025580942630768,-0.3039587140083313,-0.1217050105333328,0.2764224410057068,0.7831966876983643,0.4916667342185974,0.7065092921257019,-0.6342092156410217,-0.2035236954689026,-0.030612226575613,-0.009174944832921,-0.0211075134575366,-0.6478630900382996,-0.1484850347042083,-0.150659441947937,-0.0909792184829711,-0.3543875813484192,0.1114163324236869,0.3383809626102447,0.1934741288423538,-0.0797038078308105,-0.3867030739784241,0.3040476441383362,0.7624569535255432,0.0877795219421386,-0.1761549413204193,0.3129302561283111,0.6990050077438354,0.2824506759643554,0.082988753914833,-0.39300337433815,0.3223514854907989,-0.501899778842926,0.1589908152818679,-0.4645299613475799,-0.0261761117726564,0.580502450466156,-0.5004780888557434,0.30310720205307,0.4085598289966583,-0.3425005376338959,-0.5255314707756042,-0.4408917725086212,-0.1821471452713012,-0.1569828689098358,-0.0916477069258689,-0.925133228302002,1.0303244590759275,0.3311627805233001,0.2691119909286499,-0.245103046298027,-0.6227831244468689,0.0237553380429744,-0.1318100392818451,-0.1160037815570831,-0.0374749526381492,0.4025934040546417,-0.1926587522029876,-0.3367231786251068,-0.2797297239303589,-0.1737249493598938,-1.0098724365234375,0.0788132771849632,-0.957037627696991,-0.3984876275062561,0.0279314089566469,0.708143413066864,-0.0927544757723808,-0.1729588061571121,0.1135859489440918,0.2989955842494964,-0.4364091157913208,-0.413961112499237,-0.040670957416296,0.8010936379432678,-0.2469027787446975,0.0053336243145167,0.5768932700157166,0.1957901269197464,0.6381428837776184,-0.1398029923439026,0.1971505284309387,0.0549620389938354,-0.5681306719779968,-0.4310335516929626,0.5816974639892578,-0.3641787469387054,0.5211485624313354,-0.2232511341571808,-0.2183834165334701,0.444451242685318,-0.1783301085233688,-0.7220080494880676,0.184738278388977,0.2721154987812042,-0.3107751011848449,0.3594979643821716,0.1729731112718582,0.899496853351593,0.183706060051918,-0.0443672910332679,0.0632839277386665,0.1436331421136856,0.6972894072532654,-0.31682288646698,0.0605561956763267,-0.2857124209403991,0.5439347624778748,0.7674780488014221,0.4278034567832947,0.316206157207489,0.8601690530776978,0.0803180634975433,-0.5944874286651611,0.2441348880529403,-0.0435755886137485,-0.036231443285942,-0.2400859892368316,0.3822607398033142,-0.4050053358078003,-0.1828151941299438,-0.1844485998153686,-0.0829601734876632,0.522892415523529,-0.3199160695075989,0.1169574707746505,-0.3037259876728058,-0.4510950744152069,-0.5252627730369568,-0.8413795232772827,0.2394175976514816,-0.6015396118164062,-0.0130529794842004,0.304487943649292,-0.0016482658684253,-0.1080154106020927,0.4337679147720337,0.1299225240945816,0.4143628478050232,0.0514305084943771,-0.3373008668422699,-0.1611281633377075,0.4990343749523163,-0.1006543934345245,-0.2741180062294006,-0.0680951476097107,0.190677672624588,-0.3964534699916839,-0.6877052783966064,0.1048579588532447,-0.2473276704549789,0.0835115760564804,-0.0591364204883575,0.6532180309295654,0.2377328127622604,-0.4458768367767334,-0.0026152792852371,-0.1477084755897522,-0.1992504745721817,0.1104356721043586,-0.8357944488525391,-0.1470086276531219,-0.0141196800395846,-0.0287028979510068,0.1592108309268951,0.4545393288135528,-0.4363607466220855,-0.3171842396259308,0.5329827666282654,0.285133957862854,-0.2112492471933365,0.0174937937408685,-0.2141890823841095,-0.5698750615119934,0.4220879077911377,0.2388964593410492,0.0104245664551854,0.1951257586479187,0.0591490566730499,-0.6787995100021362,-0.4573504328727722,-0.3311511278152466,-1.000455021858215,0.420969158411026,-0.0600189678370952,0.2499492466449737,-0.4997598230838775,0.0124455345794558,-0.1198388189077377,0.3085497915744781,-0.0061156498268246,0.0510685816407203,-0.1341304630041122,-0.2498428225517273,-0.100819818675518,0.1872296184301376,-0.902981460094452,0.903473138809204,0.3635186553001404,-0.6413354277610779,0.1065243929624557,0.8733764886856079,0.5536312460899353,-0.226671501994133,0.3446851968765259,0.0192849244922399,-0.2070434987545013,0.1271798908710479,-0.1304006576538086,0.3511546552181244,0.6057475209236145,-0.1678652018308639,0.1977549195289611,0.7211394906044006,0.317692220211029,0.3476895093917846,0.00529764033854,-0.0984115302562713,0.0431212745606899,-0.2444055378437042,0.3462001979351043,-0.0186165012419223,0.4399855732917785,-0.2947188317775726,0.8139684200286865,0.710666835308075,-0.4170121252536773,-0.1657324433326721,0.904951274394989,0.5785465240478516,0.3502776324748993,-0.0479523576796054,0.4233873188495636,-0.6423798203468323,0.0100579652935266,0.7963665127754211,0.0484119318425655,0.0874627977609634,0.2319787740707397,-0.2548098564147949,-0.1386835873126983,0.2299742847681045,-0.3601557314395904,0.3685186207294464,0.0743602588772773,0.1449256986379623,0.1214152723550796,0.9474963545799256,0.1294476091861724,-0.11721982806921,-0.2829869985580444,0.0272374991327524,0.9707024693489076,0.4003251791000366,0.1161241382360458,0.4184789955615997,-0.5239896774291992,-0.7160212397575378,0.2884884178638458,0.2395973354578018,0.4181027412414551,0.3314131498336792,-0.3171224296092987,-0.8337098360061646,0.3323343694210052,0.0515629649162292,0.2662889957427978,-0.2187333703041076,-0.6296384334564209,0.3687102198600769,0.1326432228088379,-0.7111840844154358,0.0160705223679542,0.1204149723052978,0.7228238582611084,0.0205795262008905,0.4811916351318359,0.5413381457328796,0.3805579543113708,-0.2815284729003906,-0.1499946266412735,0.2980535924434662,-0.0621722750365734,0.0582227483391761,-0.1643683314323425,0.0719732269644737,-0.1200183779001236,-0.4781737923622131,0.2563371360301971,-0.1529210358858108,-0.0730245485901832,-0.4622911810874939,-0.0872256755828857,0.4062610566616058,0.0036917261313647,-0.1315760910511016,-0.4319250881671905,-0.0121737867593765,0.1158286184072494,-0.6250787973403931,-0.2706327438354492,0.224060371518135,-0.2309248596429824,0.0554384402930736,-0.1037269160151481,-0.8494049310684204,-0.6626018285751343,-0.1649157702922821,0.2198531627655029,-0.717615008354187,-0.5079148411750793,0.5160558819770813,0.180120438337326,0.2226188033819198,-1.5752164125442505,0.3352097272872925,-0.0714263170957565,0.581639289855957,0.1297259628772735,0.3132452964782715,0.0555768236517906,-0.0069835283793509,-0.3700921535491943,-0.3031861186027527,-0.1255348324775695,-10.118189811706545,-0.2473987340927124,-0.7391456365585327,-0.391312301158905,-0.4691698849201202,-0.183402270078659,0.8879675269126892,0.6419965028762817,0.0525713972747325,0.4375913739204407,-0.2927428185939789,0.8748483061790466,0.2373399883508682,0.189436137676239,-0.2893595993518829,0.026322066783905,-0.3255416750907898,-0.3560661673545837,-0.2389947474002838,-0.2288420349359512,-0.1808101832866668,-0.2936289310455322,0.2548368573188782,0.1997123062610626,0.4182250499725342,-0.4880892634391784,0.1854372471570968,0.2552536427974701,-0.4021287858486175,0.4138175845146179,-0.4684028923511505,0.5114248394966125,-0.3049837946891784,0.4366782605648041,-0.2625919580459595,0.0053909546695649,0.1751573085784912,0.232889175415039,-0.3697788417339325,0.463871031999588,0.5129739046096802,0.2726808786392212,-0.0239656381309032,0.1504347771406173,0.5094926357269287,0.2266224920749664,0.3754364848136902,0.3676313757896423,0.5877224206924438,-0.0110685806721448,0.2663854658603668,-0.1609422415494918,0.3628093898296356,-0.4397547245025635,-0.1687099635601043,-0.2629787921905517,0.8346320986747742,-0.7007181644439697,0.2634390592575073,0.0340358018875122,0.3745407164096832,0.1813335567712783,0.4824490845203399,0.8310155868530273,0.3251977264881134,0.4929811656475067,0.322527527809143,-0.0237648040056228,-0.7491282820701599,-0.4808701276779175,0.346692681312561,0.4031094312667846,-0.1921228170394897,0.1646279692649841,0.2259988337755203,0.058794479817152,-0.1395866274833679,0.0641438961029052,0.7503800392150879,-0.2597523629665375,-0.0116587150841951,-0.4078022241592407,0.0786360427737236,0.3920592069625854,-0.643795907497406,0.3947852253913879,0.2515108585357666,-0.3727778792381286,-0.0155958086252212,-0.021749185398221,0.6768658757209778,-0.1406090259552002,-0.646511435508728,0.2862076461315155,-0.0045917234383523,-0.4350846707820892,0.1673124134540558,-0.2951107621192932,0.318316787481308,-0.320817232131958,-0.85171574,-0.6346835,0.57413834,1.5358734,-0.9402839,-0.7664074,-1.648729,0.0639798,0.61899674,-0.4337093,0.43732977,0.37789184,-0.9805589,1.7359613,-0.8898311,-0.27080423,0.9415445,-0.5716266,0.5655359,-0.2446033,0.27712637,0.22664765,1.1144571,-0.48929098,1.1168466,0.4968159,0.8071671,-0.70229816,-0.5336074,-0.726548,-0.4468952,-0.34794956,-0.49902114,-0.61292785,0.19218884,-1.126151,-1.4931545,1.0775435,0.28596386,-0.6370631,-0.47477955,0.34005195,-0.44888836,-0.016294539,-0.77457047,0.047177345,1.6952724,-0.07300443,0.5061624,-0.29247704,-0.8633868,-0.5035789,0.4639038,0.62148803,0.8893856,-0.17238668,0.78276026,0.7187806,-0.114955015,-0.2538721,0.85800606,0.95442927,-0.6817628,0.8275959,0.59504116,1.2888681,-0.0017024388,-0.75573385,-0.48242703,-0.16674395,-2.2049403,-0.51493156,-0.0049488246,1.4078753,-1.163586,1.236845,0.31858444,-0.3965434,0.53628767,0.20380615,0.19512405,0.0003550819,-0.8190761,1.7165318,-0.51829803,-0.2274834,-0.30496073,0.043530207,-1.3607146,-0.18144313,0.25367323,-1.5211976,-1.4317305,-1.4532343,1.0283281,-0.1448147,-0.7290651,-0.34416923,-1.0502094,0.10279288,-0.0036005974,0.86445534,-0.3206945,-0.04882604,-1.6173493,-0.27540427,-0.4895584,-0.41927695,-0.52482456,0.43999133,0.027625915,0.14550367,0.6595311,1.6114624,0.9400242,1.3126422,-0.72346157,-0.76355,-0.50974625,0.0072214776,1.3060055,-0.2728591,-0.5472164,0.23598878,0.96812695,0.87644535,0.03314017,-0.7204031,0.78451234,0.13539419,0.47233087,-0.2543491,1.4243304,1.0021857,-1.1733483,-0.116379626,-0.45445293,0.5265706,0.08986714,-0.83570534,-0.61082405,-0.2717803,0.09162199,-0.38766685,0.067110546,-1.523917,0.38525742,0.971099,1.2662585,0.44103736,-0.39291945,-0.7707378,-0.8590754,0.35954258,0.52792877,-0.34819603,-0.31207561,0.34176216,-1.769579,1.7216302,0.25738925,1.3155676,-1.1037815,-0.09364358,-0.060914267,0.39261892,-0.8765839,0.48653388,-0.4907891,-2.296336,-0.46929136,-0.23205371,0.3258057,-0.26363018,0.40834633,-0.10357379,1.0992597,-0.1332798,-0.688991,0.01821364,0.43947214,0.7881726,0.0061191106,1.7231811,0.052808978,0.5472415,0.46863434,0.26564404,0.84536594,0.2907369,0.60121965,-0.41897598,0.8678299,0.9951829,1.5029526,2.8021674,0.75001436,-1.608669,-0.99799556,1.1390059,-2.3489482,0.157972,0.8995064,-0.30125937,1.548411,-0.5308407,-1.2687188,1.9581214,0.6637235,-0.5411238,-1.4853032,-0.9692446,0.5109509,0.76793164,-0.9507886,-0.23265497,-0.7703279,0.43351883,-0.6436225,-0.07639331,0.13301452,-0.15933773,0.54283416,1.6074113,-0.8554198,0.5552786,0.24108991,0.5221475,-0.038500328,0.5866051,-1.0130618,0.406255,0.62002337,-0.63112986,-0.47008488,0.14310989,-1.1698438,0.8750986,-0.2956942,0.40505245,0.21402399,-0.5587025,0.25402611,-0.25783217,0.51546234,0.8293036,2.005717,0.12789606,-1.4434325,-0.24937786,-0.056615766,0.6477996,0.26718715,-0.08984733,0.9769562,0.26084322,-0.20818986,-0.006977948,-0.22590208,-0.13264994,-0.054388463,1.1164025,-0.06094446,1.1965647,0.4190107,-0.84639364,-0.6457008,-0.060808487,0.10810356,-0.92387503,-0.5121173,-0.6307103,-1.5938342,0.59483045,-0.3127494,0.16346918,-1.2920902,-0.48926088,-0.73411506,0.17908803,0.9277342,-0.54921854,-0.6886631,-0.092768036,-0.11598359,0.37912863,-0.13450938,0.12340021,0.42850786,0.36432025,-1.3051546,0.86996657,-0.115503095,0.8770757,0.94968283,0.0626782,1.3079416,-0.38993856,0.7134617,-1.1430196,0.5162807,1.0301809,-1.6520252,0.67164546,-0.43540224,-0.7276255,0.6214131,-1.4495639,-0.47791857,-0.4785144,0.18572398,-0.12902525,-1.4376367,1.7423737,-1.7296187,1.3916206,-1.5782989,-0.51413244,-0.524967,-0.90359646,-1.5804807,1.1050664,0.59066945,-0.3541161,0.7440619,-0.18990071,0.28168738,0.55617607,0.6810755,0.6626211,-0.018914921,0.9509114,-0.9852205,-1.4718355,0.16585231,0.7753399,-0.9453386,-1.7242537,-2.031018,-0.40304866,0.83387744,-1.1284106,-0.2731567,1.010024,-0.05079754,0.8341435,-1.0545229,-0.3830869,0.42994002,-0.5813597,1.6512012,0.15773426,1.6462134,-1.1014746,-0.39643842,0.93728316,-2.5576909,-0.4205904,-0.6315598,2.1462271,0.5800447,-0.07714291,0.5640641,0.34944513,-0.58923006,-0.3030307,0.6922406,-0.29951385,1.4435579,0.4218769,-0.5997835,1.7356447,0.066351905,0.47508833,-0.75154984,-0.41244462,1.970849,-0.04000626,-0.3751414,-0.06666758,-0.2730587,-0.006687637,0.06575441,0.47940594,-0.030008962,0.26809305,0.6621862,0.8025867,-1.0001677,-0.6989841,-0.57729137,0.31088397,1.0265787,1.5485194,1.3865122,-0.43019193,-1.219865,-2.045476,0.28106666,0.8220172,-0.39191273,0.26378176,-1.2712438,-0.12105007,-0.25742882,-0.5990076,-1.0947734,-1.9759632,2.076051,0.5805007,0.73281425,1.590552,-1.3289431,-1.0781766,-0.68249553,0.36767152,0.102195166,-1.1243541,-0.608,0.89183396,-0.62834066,1.2539213,0.41065407,0.4001193,-0.13287807,0.09600155,1.4648178,0.10065209,-1.156956,-0.5814136,0.113263845,0.71257937,-1.0632826,-0.6587079,0.47703937,-1.4807777,0.15899102,-0.46246597,-0.35974813,-0.0019530143,-0.29204887,-0.6953345,-0.4564049,-0.0015239844,-1.1092819,-1.0496603,0.2852927,-1.000487,-1.7725879,1.1194915,1.5142409,-0.9442175,0.3974445,0.17496644,0.56192505,0.72346145,-0.037104044,-0.02839922,0.7005979,-0.36072874,-0.29561576,-0.6787043,-0.6504043,-0.56042,-0.0043600327,-1.118598,-1.3420647,0.9768718,0.5855154,-1.767382,-0.51990205,0.08802037,-1.0388824,0.649107,0.8122435,0.21642508,-0.08242734,-0.77084816,-0.39700603,-0.16576107,0.9280754,0.17950603,0.29726744,0.6823483,0.24880877,0.2525039,1.3096707,0.12121123,0.3825427,1.3076433,0.28592852,-1.4577011,0.23795451,-0.6269301,-0.17035244,0.64790195,-1.4228442,-0.73398703,2.0467775,-0.707374,-1.0927688,-0.0034224305,0.080508314,-0.089259334,0.44083002,0.3710974,0.9031833,1.4598628,0.87142146,1.7402052,-1.011149,-0.49636167,-0.43344715,0.20765306,-0.80137473,-1.1595595,0.55652755,0.90574265,2.670297,-0.4241392,0.12232424,0.94744307,-0.8465552,-1.342658,0.8890254,0.52322537,-0.07110648,-0.6892915,-0.06288065,-0.89684093,-0.18421431,-1.4114817,-0.46668676,0.24594852,0.8272895,-0.31569886,-0.31620577,0.5029658,0.57042724,-1.2186874,0.49885803,1.7836455,1.2111262,0.33686393,-0.9449629,-0.07474314,-0.73470795,-1.0963802,-0.16414729,-0.46048275,-0.67019755,0.04478957,-0.4091024,-0.455991,-1.0848194,-0.05086056,1.3448938,0.0039680153,-0.28181323,-0.11112816,-0.38011414,1.9011182,-0.74225867,-0.12392809,1.0316727,0.8438667,-1.4549055,0.43405575,-0.83710605,0.5356733,-0.5188692,0.48119,0.60527194,0.2843163,-0.36570936,1.6119757,-0.08575442,-0.35611764,-0.021640306,0.87242615,-0.09140711,0.21132967,-2.0973883,0.71881384,-1.8567961,-1.5109547,0.37214142,1.0677292,-0.34101668,-0.75335056,-0.55742466,0.41448575,0.79115635,-0.9786337,0.646526,1.5734546,-0.77253,-0.5203117,1.0397406,0.41140884,-0.63583344,-0.15693586,2.2185533,0.4852641,1.5123632,-1.0754879,-0.39004233,-0.03637139,-0.27973798,-0.5373809,-0.67412275,-0.44420767,-0.40535164,0.9934228,-0.7387867,0.6443086,-1.3146247,0.044490088,1.099551,-0.7756724,-0.18181546,0.69132465,-0.5347527,-1.7155724,-1.0488646,0.27775192,1.2692884,-0.115430035,0.12533566,0.33777428,1.415827,0.74182075,-0.49930057,-0.4893634,0.45138574,1.1172001,0.48633328,-0.83515424,-0.77776015,0.38884714,1.297884,-0.87474877,0.43434426,-0.4866177,-0.2804996,-1.1752529,1.3016447,0.55137795,0.12199885,1.1132321,1.0860317,0.09541094,0.85419905,-0.7893208,0.2006725,-0.8047032,-0.42628047,-0.13990393,-0.2465163,-0.84061587,-0.12192454,-0.72279155,0.28769726,0.14997248,0.86336267,-1.3484688,0.47377196,0.16115403,0.53084075,0.46282482,-0.17502539,-0.427356,-0.15276955,-0.562372,1.7139672,0.9936811,-0.3097799,-1.710152,0.2636525,0.84806055,0.28806636,-0.84495896,0.286511,-0.021019028,-1.555188,-0.41849947,-1.4969934,-0.6308189,0.19361106,0.82738864,-0.7022669,0.6611188,-1.5023878,1.2387798,-0.19053864,-0.674084,0.4775752,0.27596134,-0.71125215,1.7030509,1.2216719,0.23943533,0.2960007,1.2914404,1.3640908,-0.47489586,-0.5269269,-1.2305346,0.9797293,1.0319145,0.601307,-1.0993056,0.10101657,0.39948457,-0.54959315,1.9711335,-0.31864697,-0.48238236,-0.64414793,-0.45226833,-0.9899718,0.11416471,-0.8919686,-0.56420624,-1.518811,-0.053978324,-0.384698,-0.5037262,0.68732685,-1.1312286,0.0816354,0.042749673,1.3315384,1.1513208,0.6166192,0.43927962,-0.65484816,-0.103434704,-0.8009916,-0.42654213,0.5521535,-1.0775272,0.054071758,-0.19824211,0.90030247,2.503624,0.2845458,0.040489014,0.05389716,-0.039048363,0.09525142,-0.19136019,-0.41592973,-0.29885596,0.25040206,0.620773,0.43016556,-1.3572341,-0.4314735,-0.161845,0.42413953,0.19239208,0.19438468,-0.09634662,0.89716816,1.657861,0.48572034,-0.4504353,-0.6385568,-1.0023216,-0.052634977,0.6650677,-0.77047986,-0.95666504,-1.4294109,0.25210795,1.7380832,0.70732,0.19962093,-0.29831427,-0.92675555,2.4853,-0.40003967,0.1366575,0.24476817,-0.83594024,1.0219824,-0.16621889,0.14482765,0.50406355,0.60615015,-0.8608173,0.6505675,1.0078517,0.7464221,-0.51058424,-0.8041806,-1.2564957,-0.3414325,-0.4420156,-0.8599682,0.12958226,0.6380626,-1.3195212,-1.2142423,2.0309362,-0.015135145,-0.63760453,-0.7871975,0.9791004,0.31678954,-0.08199178,-0.6854116,-0.5443878,1.518927,-0.022254992,1.1392999,-0.42173776,-1.078117,-0.42996207,-0.119141914,0.46984568,0.35177588,-0.35554975,1.333962,1.1781167,0.35027838,-0.37640625,0.15653384,1.3179251,-0.6069089,-0.19922817,-0.08824293,0.59247637,-0.041110866,-0.2874654,0.06645393,0.27648002,-2.6864405,-1.1355441,-0.88218004,2.1726928,-1.8623575,0.8636053,-0.2641928,-1.4480059,0.18264604,-0.5771232,0.41941404,-0.35623783,-1.381231,1.8248444,-1.0677551,-1.1769459,-0.33604565,-0.6333832,-0.48489493,-0.12565538,-0.8363339,-1.8743565,-1.0917801,-1.2727503,1.2667558,0.89078206,-0.71191484,-1.1169173,-1.249326,0.11209066,-0.12415089,1.3506767,0.764849,-0.1557558,-0.6237029,-1.0599878,-0.76475084,-0.55496895,-0.8680275,0.7844981,0.23307976,0.27075976,0.6462749,1.2038848,0.73717105,0.61169285,-1.5286465,-0.1837295,-0.36168826,0.5352067,1.0533394,0.7492862,-0.107693754,1.0717919,-0.083341196,0.8609519,0.33524653,-0.6498526,0.26707426,0.4310665,0.6558107,1.0629013,2.2298417,0.2617943,-0.58613825,-0.67979443,-0.3387016,-0.05173651,0.6786695,-1.2903919,-1.1378754,0.3858026,-0.64290434,-0.14742926,0.06244561,-1.2055076,0.11969105,0.9423715,1.2286232,0.1226444,-0.2051501,-0.1383526,-1.8226881,0.366036,1.5370241,-0.15943632,-0.48716074,0.36858433,-1.6529732,1.1302083,-0.237873,1.1246971,-0.34307027,0.760624,-0.5396805,1.1698558,-0.40612617,0.07473234,-1.0290436,-2.6233134,-0.7830461,0.23977733,0.961463,-0.3019626,0.71016186,-0.15541926,0.47256023,-0.22980666,-0.8350708,-0.4136374,1.3415339,0.7739273,-0.4171833,0.8107451,-0.14880848,-0.015234579,0.8592588,0.8611482,1.4373759,0.2399905,1.9483769,-1.2213081,0.9309257,0.8949372,0.54420865,2.3778038,0.713514,-1.2951,-1.345782,1.0383655,-3.0087721,-0.5078891,0.84497625,-1.3501059,0.8184797,-1.3681788,-1.0079478,1.5103104,0.58821714,0.7361042,-1.51843,-0.9426466,0.84508485,0.7901269,-0.3490332,-0.02952671,-0.6496908,0.5073498,-0.23818585,-0.7605194,0.1842555,0.58378613,0.60492206,1.2301433,-0.2221292,0.73795164,0.1364575,-0.4397995,0.16175345,0.70079046,-0.84800947,0.51331526,0.96653974,-0.26605144,-0.3764962,-0.23639014,-0.6473564,0.9547564,-0.48097366,0.5755884,-0.037022956,-0.29976058,-0.028256964,-0.36776954,0.21004593,0.8397077,1.3353828,0.040560625,-2.183063,-0.18648279,0.14851385,1.1258372,0.8282174,0.047212083,0.44280678,1.0276392,-1.1096594,0.45738515,-0.91659564,-0.87451696,-0.42964643,0.027866673,0.30202985,0.11870438,0.2012144,-0.902785,-0.44055086,-0.29886314,0.92301625,-1.0969831,-1.0818753,-0.5522441,-0.74416095,-0.13574459,1.248392,0.12400029,-1.2502147,-0.8345768,-0.8261673,0.49457255,0.5760338,-1.749367,-0.45801902,-0.025111735,-0.3827837,0.275078,0.18203583,-0.2919099,-0.04408287,0.42135134,-1.3148832,1.2743062,0.5778323,0.18131036,2.0499406,0.5874955,0.83792895,-0.46511954,-0.58111155,-0.6451732,0.6977339,1.2511384,-1.4125881,1.2309244,-0.22518273,-0.22390346,0.8481792,-1.1182034,-0.18860477,-1.0666482,0.3537683,-0.76470906,-1.0795908,2.512893,-2.2309554,1.0397304,-2.021892,-1.0399271,-0.42065033,-0.85667926,-1.098274,0.34336042,0.48489293,-0.3042757,0.18613732,0.20575643,0.49788386,0.47850055,-0.1284056,1.6053097,-0.3048795,0.4427144,-1.1574646,-1.2571211,0.015673166,0.28212085,-1.4346707,-0.66331106,-1.5281584,-0.7480829,-0.033792783,-0.30238116,-0.12138331,0.19999869,0.30580705,0.5085541,-0.9523484,-0.499084,0.4272278,-1.2311866,1.7901529,0.09550546,1.7373142,-1.0575966,-0.512045,0.19120361,-1.1897354,-0.16758268,-0.7596995,1.3379443,0.55166095,1.1294916,0.5248507,0.65760803,-0.55299675,0.20318632,1.2634199,0.060714222,1.9671376,0.46083164,-0.7734995,1.2358685,0.142544,1.1993905,-0.24001372,0.11459341,1.529028,-0.47431293,-1.0025103,-0.34031215,0.45404562,-0.37806103,-0.14917174,0.5207516,0.6460966,0.0006732776,0.6810906,0.59892046,-0.29781932,-0.96995604,-0.9023423,0.71667445,1.7757164,1.2342123,1.5516139,-0.661306,-1.1277124,-2.0058906,0.12481506,0.7538227,0.24806523,0.7796761,-1.4273611,0.5685318,0.9322947,0.015446162,-1.0989279,-1.3587475,1.4767803,0.16543463,0.54955405,1.941096,-1.0333314,-1.444866,-0.52700675,0.13281703,-0.45352817,-0.9772264,-0.8147197,0.29375166,-0.37456685,1.3460305,1.2776101,0.6377807,-0.5463892,-0.28643236,0.49820948,0.34853646,-0.55468214,-0.17989156,-0.021238089,0.22663729,-1.625438,-0.8145752,0.69523674,-2.1533546,1.020403,-0.18313149,0.026199054,-0.25872993,-0.5173082,-0.7815653,0.55812204,0.066557944,-1.0338638,-0.33658537,1.1435168,-1.8878939,-1.1340109,1.0521667,0.8092356,-0.43157807,0.59410065,0.12595055,-0.09455676,0.7942379,-0.0021626889,-1.0221411,0.53979117,-0.48584205,-0.08448561,-0.4468337,-1.463083,-0.07335038,0.4858633,-1.1451976,-1.1421016,1.2775687,0.67198,-1.0280559,-0.77243984,0.1611622,-0.27692306,1.0135908,0.4331646,0.17778134,-0.458069,-0.8351919,-0.54241,-0.04069855,0.7382957,-0.111164644,-0.15933721,0.22364727,-0.3493275,0.5833508,1.8083916,0.18977916,1.9084142,0.8989972,0.056054167,-0.024499942,0.95382595,-0.037357472,-0.3972507,0.98993874,-1.016321,-0.7534711,1.8696814,-0.447548,-0.89213073,-0.3379252,0.8476814,-0.9992879,-0.58341014,-0.26700136,0.8591151,1.4424694,0.7800683,1.7298777,0.25558314,-0.07992117,-0.6932114,0.6346222,-0.98049164,-0.88139135,-0.7958033,0.27151936,2.0411675,-0.6304588,0.4380753,0.7621611,-1.0604539,-0.9888979,0.5087733,-0.016084671,-0.28581342,-0.34675723,0.4439107,-1.4943591,0.14495511,-1.8058827,-0.28276402,0.96853113,1.3003441,-0.079027005,-0.07308315,0.88688815,0.11811314,-1.1274369,-0.39177352,0.9810988,1.4036572,-0.5268668,-1.1600704,0.76351625,-0.43343934,-1.3508766,-0.39363426,-1.1837432,-1.1988845,0.3592339,-0.76435804,-0.10298189,-0.07747052,-0.6152693,1.302017,0.25968271,-0.17970152,0.51708686,-0.8545411,2.1216955,0.47251263,-0.1832155,1.5437181,-0.10942771,-1.7732847,1.0672187,-1.0448588,1.1790464,-0.34328064,0.83942807,1.2937815,0.8481432,-0.4994448,1.3740926,-0.65424025,-0.15523319,-0.60231614,0.43633175,0.061744582,0.9007734,-1.5266275,1.1828896,-1.4997036,-0.6099205,0.058424603,0.6751301,0.11350207,0.16927443,-0.48871034,0.69997233,0.8680003,-0.9982934,0.2407529,0.9814871,-0.5043716,-0.87981033,0.3641281,0.31214672,-0.61995876,0.085810736,2.1736944,0.49656957,0.6677739,-1.1331104,-0.732135,0.6305808,-0.48411998,-1.4707164,-0.49082917,-0.5860963,0.093584314,0.087705836,0.0015801669,0.85525113,-0.14209731,0.6100372,0.6176924,-0.75552666,-0.57991683,-0.17845456,-0.5958611,-1.1091646,-1.6259121,-0.16201818,0.5643976,-0.7163211,0.7177327,0.8217432,1.5447851,0.4559082,0.107057914,-0.65148234,0.2950458,0.69853455,0.50361764,-0.79727256,-1.1235203,0.46059743,0.64413375,-0.55107224,0.01166985,-0.07378997,-0.5130322,-1.5538985,1.2245703,0.24577315,0.01183672,0.6650756,0.754766,0.10832079,0.72389966,0.16238603,0.09674203,-0.42547774,-1.1713064,0.028077353,-0.27435127,-1.1469522,0.3949683,-1.0338838,0.30446464,-0.5645031,0.2525061,-1.6526318,0.58942163,-0.31653515,0.7279005,0.15099426,0.13556735,-1.1871372,-0.18283626,-0.502242,1.3275865,1.7037499,0.02112691,-0.53939545,0.3686253,1.3528867,0.6649803,-0.29527974,0.18975718,0.10512209,-0.40343943,-0.8277537,-1.2753861,-0.7130687,0.42882046,0.396622,-0.8590822,1.9660981,-1.8285818,0.89526546,-0.69021106,-0.97367316,-0.2996916,0.059364706,-0.6363654,2.2440348,1.4296342,-0.3712165,0.5992689,0.9191145,1.3117487,-0.48897552,0.10490171,-1.7616695,0.5908569,1.1722715,0.6781012,-1.6296101,-0.23742361,1.1394722,-0.3300874,1.040978,0.19441745,-0.25090474,-0.43177906,-0.3096894,-0.41500783,-0.3121032,-0.047190774,0.12950222,-1.2704762,0.57669955,-0.15702632,-1.170689,0.09231677,-0.4625492,0.3538058,-0.67900085,0.9310899,0.7332539,0.48021775,0.47852406,-0.4415465,-0.11083014,-0.7296331,-0.64908504,0.4460197,-1.2020208,1.1267128,0.6737518,1.2430723,1.7436714,-0.100990534,-0.83118075,0.27769476,-0.50053847,0.6286403,0.12903789,-0.7843155,-0.79764426,0.4033699,0.7531748,0.1077492,-1.5193851,-0.908069,-0.15696554,0.27583566,-0.31909317,0.44616738,0.08269809,0.38721395,2.2063096,1.4974498,0.20375934,0.0
ノ,0.1231138110160827,0.4492609798908233,0.3884042799472809,0.0412229038774967,0.0758494585752487,0.5558128356933594,0.2306105643510818,0.1551999896764755,-0.4046125411987304,-0.4644301831722259,0.0374848321080207,-0.1543157696723938,-0.2079087793827057,0.6230141520500183,0.0749955996870994,-0.0330402813851833,-0.2268550395965576,-0.1624379307031631,-0.3136763870716095,-0.2009812891483307,-0.4487609565258026,-0.3970475792884826,-0.4971101582050323,0.4764551222324371,-0.2808994054794311,-0.0796614587306976,-0.0104049891233444,0.1680516749620437,0.2500545084476471,-0.1148869171738624,-0.0953003466129303,-0.4020711779594421,-0.5611262321472168,0.0101643595844507,-0.6131436824798584,-0.0841822996735572,-0.4243415892124176,-0.1154774501919746,0.2670247554779053,0.0216015093028545,-0.0181246995925903,-0.1735791265964508,-0.3490122854709625,-0.333618551492691,-0.0702253431081771,0.4099800288677215,0.2204208374023437,0.3000068664550781,0.2423617392778396,0.0448936149477958,-0.0321125537157058,0.3012973070144653,0.192337691783905,0.0826527848839759,0.4473689198493957,-0.5930591821670532,0.8809794783592224,-0.8074719309806824,0.2130884379148483,0.5514248013496399,-0.6567736268043518,-0.3907581865787506,0.1432421207427978,0.2119351327419281,-0.093148149549961,-0.2198729664087295,0.3205922842025757,-0.022681538015604,0.1360212862491607,-0.7621728181838989,0.2123498320579528,-0.1271419823169708,-0.0643603503704071,-0.1578206121921539,0.2649607956409454,-0.7738043665885925,0.3087517917156219,-0.1347953975200653,-0.0922530516982078,0.4323457479476928,-0.6077329516410828,0.8605305552482605,0.1024291589856147,-0.4221510291099548,-0.0294526703655719,-0.123188279569149,-0.6463356018066406,-0.8160682916641235,0.4599822163581848,-0.2753682434558868,0.2812662720680237,0.3788725137710571,0.1458035409450531,0.7601058483123779,0.0165413618087768,0.0440185964107513,0.3510110378265381,0.387873113155365,0.0899581685662269,0.3239330947399139,-0.462004005908966,-0.0534325987100601,0.5842787623405457,-0.8378627896308899,-0.1350140571594238,0.0442395322024822,-0.4432619512081146,0.4669585824012756,0.1385521590709686,0.0495200753211975,-0.2713117301464081,-0.2956724762916565,-0.3439642786979675,0.2891451716423034,0.2782316505908966,0.3838802874088287,-0.0002128552878275,0.3526578843593597,-0.2968418300151825,0.4204418957233429,0.1402692347764969,0.6628037691116333,0.0109529132023453,-0.2493162453174591,-0.7611669898033142,-0.1784507483243942,0.2513410449028015,0.2485608905553817,0.0415656119585037,-0.8785262107849121,0.1427153050899505,-0.036750178784132,-0.5656404495239258,-0.1953497976064682,-0.3722878396511078,0.6866252422332764,-0.0380434580147266,0.1799145638942718,-0.1077672466635704,-0.458080381155014,-0.6979972124099731,0.2590562403202057,-0.1680516898632049,-0.0491655878722667,-0.2135801017284393,-0.0960002318024635,-0.0139121320098638,0.1986266672611236,0.6022095680236816,0.5109342336654663,-0.1990288496017456,1.0830914974212646,-0.4651145339012146,0.0338232852518558,0.3894877731800079,0.1737095117568969,-0.5139617919921875,-0.0087816445156931,0.2318317294120788,0.5932332277297974,0.5720173120498657,-0.4909519255161285,0.355887770652771,0.9361818432807922,0.0049250083975493,0.2354423254728317,0.4689258635044098,-0.1164900213479995,0.3047364354133606,0.5328068137168884,0.5977091193199158,0.5410733819007874,0.0592143833637237,-0.2418918311595916,0.010082459077239,0.5177382826805115,0.7239014506340027,0.0804607421159744,0.1661899983882904,-0.5361214876174927,0.0783840641379356,-0.0655987709760665,-0.0093996971845626,-0.8041617274284363,0.2197591960430145,-0.3057252764701843,0.1525004506111145,-0.0831784009933471,-0.2190597802400589,0.0048233796842396,-0.2455145269632339,-0.142656996846199,0.1653960347175598,-0.1805367618799209,0.0226214379072189,0.252815306186676,0.1008603945374488,-0.0736695155501365,-0.3125497698783874,0.0027908934280276,-0.2689207196235657,0.0918744355440139,-0.0830516815185546,-1.101097583770752,-0.9538522958755492,0.1038811057806015,0.5318265557289124,0.4946764707565307,0.3651838898658752,-0.0952106788754463,-0.2399941682815551,0.2045545428991317,0.7216549515724182,0.1952834278345108,0.4752112329006195,0.4693156778812408,-0.5757101774215698,-0.1049781814217567,0.1779050976037979,0.3130639493465423,-0.0979202687740325,0.082808680832386,0.0422740578651428,-0.0802398845553398,-0.0945495218038559,0.8080146312713623,0.1936263293027877,-0.1150619089603424,0.0054282308556139,0.7240721583366394,-0.7917774319648743,-0.2525116801261902,-0.5103409886360168,-0.2524421513080597,0.0004336121783126,-0.1393671780824661,-0.5123047828674316,0.512993574142456,-0.0856382101774215,-0.0278315190225839,-0.4146546721458435,-0.2266345173120498,0.5573171377182007,-0.5894581079483032,0.2186111509799957,0.2767102420330047,-0.1298295557498932,0.034149307757616,-0.5827338099479675,-0.1074302047491073,-0.4650209546089172,-0.5124746561050415,0.095265544950962,-0.2727013528347015,0.877055287361145,0.0307052470743656,0.7117515802383423,-0.1736073940992355,0.1399305462837219,-0.2337078005075454,-0.1700103282928466,-0.4660062491893768,-0.3893087208271026,-0.3200649917125702,0.36192587018013,0.2422608286142349,0.5455904603004456,-0.2525476515293121,-1.6800079345703125,-0.0829514935612678,0.0901246294379234,-0.590021550655365,-0.1166232600808143,-0.134414792060852,-0.1570027023553848,-0.3502565920352936,-0.0730955302715301,0.7539610862731934,-0.6830848455429077,-0.1346728652715683,-0.2110080420970916,0.4071735441684723,-0.4598382413387298,0.0623786784708499,0.1153885349631309,0.4106982946395874,-0.1908294707536697,-0.6963496804237366,-0.3930406868457794,0.0179575663059949,0.1430064439773559,0.0185511503368616,-0.4818713068962097,-0.014843457378447,-0.4170853197574615,0.2829124331474304,0.1637875735759735,-0.4432901740074157,0.3415219485759735,0.3085688650608063,0.6146608591079712,0.5549052357673645,0.5430335402488708,-0.1672431081533432,-0.6714587807655334,0.2201706171035766,0.1896889805793762,-0.3027598261833191,0.559830367565155,-0.5565181374549866,0.3516184091567993,0.342310756444931,-0.3357832729816437,0.2908375561237335,0.6458819508552551,-0.0310758836567401,-1.572529911994934,-0.2528011500835418,0.3623014986515045,0.2087958753108978,-0.3817519247531891,0.1319604963064193,0.1576255410909652,0.3442347347736358,-0.5063840746879578,-0.2880071401596069,0.5498164296150208,0.1964365392923355,0.2621631324291229,-0.1872194111347198,0.5826170444488525,-0.5048829913139343,0.0397969894111156,-0.6787499785423279,-0.0171617232263088,0.4861078262329101,-0.2345322966575622,-0.1444097906351089,0.265208750963211,-0.3782488405704498,-0.2671854197978973,0.4098029434680938,-0.1968329399824142,0.0528481900691986,-0.2974405884742737,-0.0400130189955234,0.2802795171737671,1.4972728490829468,0.5008471608161926,0.6121992468833923,-0.323981761932373,-0.3650017976760864,0.2641220986843109,0.1231701672077179,0.3433264493942261,-0.3920523524284363,-0.1274280995130539,-0.3564356565475464,0.0299845319241285,-0.0609694756567478,0.0171967726200819,-0.0190320536494255,-0.2858986556529999,0.1662586331367492,-0.461461454629898,0.2694081962108612,0.4638465940952301,0.0398641116917133,0.2293373197317123,0.6746375560760498,0.5301793813705444,0.2003440409898758,-0.2477969080209732,-0.5393532514572144,-0.0063035571947693,-0.5178176164627075,0.377795934677124,0.0354310274124145,-0.0208152793347835,0.3716359138488769,-0.301368772983551,0.1769916862249374,0.0036387762520462,-0.2827593982219696,0.0379030369222164,-0.5908679366111755,-0.3027498126029968,-0.1490825861692428,0.0798156931996345,-0.3840076625347137,0.2991436719894409,0.4653516709804535,0.5443713665008545,-0.3986534774303436,-0.392270028591156,0.0972675308585167,-0.0983534157276153,0.1271000504493713,0.0717663019895553,0.2141284644603729,-0.0405843406915664,-0.1314437687397003,-0.5324204564094543,-0.4545006453990936,-0.6074473857879639,-0.0998709499835968,-0.4864875674247741,-0.2520653307437897,0.2662206590175628,0.6392948627471924,-0.0061220834031701,-0.0002625654451549,0.2046940177679062,0.2406426519155502,-0.427702397108078,-0.5291266441345215,-0.0238432958722114,0.3131350576877594,0.5644910335540771,0.3777675032615661,0.5966751575469971,0.1175851374864578,0.3224056363105774,-0.0339446403086185,0.1585583239793777,0.3659508824348449,-0.3815783858299255,-0.299306184053421,1.030006766319275,-0.4189485609531402,-0.0196306072175502,-0.1873382329940796,0.1946061700582504,0.7992408275604248,-0.2151150107383728,-0.7935209274291992,0.418662279844284,0.0426677353680133,0.2311915755271911,0.6340779662132263,0.4241951704025268,1.04574716091156,0.288774311542511,0.4176480174064636,0.3807947933673858,-0.2010767459869384,0.1479807496070861,-0.3861715495586395,-0.0557927750051021,-0.1404449790716171,0.3929578959941864,0.7641176581382751,0.3738381564617157,0.2858656346797943,0.0353921093046665,0.4459830820560455,-0.5208247900009155,0.1525947600603103,0.383240669965744,-0.202982485294342,-0.5346816182136536,0.218737781047821,-0.972753882408142,-0.8207621574401855,-0.1421180963516235,-0.0154181104153394,0.4628665149211883,0.0081729851663112,0.3942067325115204,-0.5851307511329651,-0.7573434114456177,-0.478797048330307,-0.9843683242797852,-0.0697788372635841,0.0517299473285675,-0.19020776450634,0.5906980037689209,0.300529271364212,-0.9819388389587402,0.461364597082138,0.3210695385932922,0.48450767993927,0.1785139143466949,-0.3847949206829071,-0.321662425994873,0.8443519473075867,-0.5014409422874451,-0.4166518449783325,0.750177800655365,-0.0743482336401939,-0.0699120983481407,-0.3655387163162231,-0.2019563913345337,0.1565447747707367,0.4733108282089233,-0.1820834279060363,0.2548277080059051,-0.0231193322688341,-0.4221740365028381,-0.2792053520679474,-0.2625077366828918,-0.3165677189826965,0.2979778945446014,-0.8846938014030457,-0.2044506818056106,-0.2526279389858246,-0.1218877434730529,0.6885345578193665,0.6429525017738342,-0.2151956707239151,0.0918591320514679,0.7153148055076599,0.1788139045238495,-0.2660667896270752,-0.0331308916211128,0.0755949541926384,-0.3624329268932342,-0.2606484889984131,0.0119486786425113,0.3902390599250793,0.2846006453037262,0.3447838723659515,-0.7184575200080872,-0.3535074293613434,-0.1424677819013595,-0.7829322814941406,0.4006941318511963,0.0192137602716684,0.524908721446991,-0.9151397943496704,0.1733862459659576,-0.1486841440200805,0.3275986909866333,0.1396800130605697,-0.0200174562633037,-0.0763090774416923,-1.4075360298156738,0.0534817576408386,-0.4918538331985473,-0.7902896404266357,0.5318777561187744,-0.2848229110240936,-0.6919559836387634,0.2178936302661895,0.1768209189176559,-0.0917976275086402,0.0921580791473388,-0.0385496318340301,-0.4900764226913452,-0.042287316173315,0.4481016993522644,-0.1261456757783889,-0.1064321026206016,0.4720658361911773,-0.3878652453422546,0.0398647002875804,0.603585422039032,0.5249636769294739,0.1717052012681961,0.1215288713574409,-0.0735646188259124,0.0501642189919948,-0.786901593208313,0.1556357145309448,0.0870108231902122,0.4399442374706268,-0.3945975601673126,0.2235125601291656,0.6525632739067078,-0.3681321144104004,-0.0519896671175956,0.8495214581489563,0.1558186113834381,0.6384768486022949,0.0111140543594956,-0.2351629585027694,-0.8818499445915222,0.4974597990512848,0.4136258959770202,0.2622667253017425,-0.3039504289627075,0.2893498837947845,-0.1052259653806686,-0.4882786571979522,0.2411974370479583,-0.0667811557650566,-0.064834177494049,0.4654918611049652,0.4328020513057709,0.1599184870719909,0.7770379185676575,0.6601337790489197,-0.3099386990070343,0.4009592533111572,0.1443146169185638,0.2567755579948425,0.9159109592437744,-0.0673000141978263,0.5176604986190796,-0.3365890383720398,-0.7841489911079407,0.2950450778007507,0.1969319880008697,0.3568305671215057,1.1737850904464722,0.1396821588277816,-0.3988161087036133,0.5462249517440796,0.8059064745903015,-0.0751746743917465,0.1154990270733833,-0.4927742481231689,-0.0536334104835987,-0.0812551900744438,-0.2035188674926757,-0.0750195607542991,-0.0683854147791862,0.0823175758123397,-0.1193918213248252,0.1936592906713485,-0.2463523298501968,0.4719513356685638,-0.4209035634994507,-0.3078163266181946,0.3759004473686218,-0.002961597405374,0.3020261228084564,-0.0533858947455883,0.4790732264518738,-0.3208807706832886,-0.2082509845495224,0.4283637106418609,-0.407904177904129,-0.4388944208621979,-0.0532719641923904,0.3547323942184448,-0.0368370115756988,-0.0052372380159795,0.0940156653523445,-0.3612267076969147,-0.211391806602478,0.2542731165885925,-0.5569307208061218,0.3658948242664337,-0.0642438754439354,0.2677868604660034,0.1883809864521026,0.0471253059804439,-0.4177459180355072,-0.2764428257942199,-0.5471877455711365,0.1430089622735977,-0.396871268749237,-0.6322588324546814,0.4642121195793152,-0.0183759145438671,-0.3485398292541504,-1.5665051937103271,0.6561968922615051,-0.1743222624063491,0.3859342932701111,-0.1879439949989318,0.1425675898790359,-0.0521857179701328,0.0290188640356063,0.1428416967391967,-0.44991534948349,-0.0334871858358383,-10.106772422790527,0.0311617329716682,-0.7103382349014282,-0.5038667917251587,-0.026438895612955,0.0103408712893724,0.8339167237281799,0.5296981930732727,-0.3991149663925171,0.017071871086955,-0.4222870469093323,0.2256660610437393,0.2735041081905365,0.5720398426055908,-0.0424214042723178,-0.3598330616950989,-0.3359643220901489,-0.5068827867507935,-0.0967234298586845,-0.3829208612442016,-0.0620862655341625,-0.0616059638559818,0.8082335591316223,0.175922617316246,-0.1417668014764785,-0.4456749558448791,-0.3426142036914825,0.3715060949325561,-0.1455613672733307,0.1725504249334335,-1.1235413551330566,0.902729630470276,-0.3657998740673065,-0.382174015045166,-0.4527009129524231,0.2521111965179443,-0.010334450751543,0.2842535078525543,-0.0591973848640918,0.601249098777771,0.2945119440555572,0.6637018918991089,-0.1598019748926162,-0.3018046021461487,0.1331110447645187,0.4781384766101837,-0.1138777434825897,0.2863802015781402,0.2445801645517349,-0.1813361495733261,0.1402642875909805,-0.3990349471569061,0.2809138000011444,-0.1469828486442566,-0.0133303431794047,-0.1942400634288787,0.7767208814620972,-0.7879253029823303,0.0311534497886896,0.1072991862893104,0.2392787486314773,-0.1930221021175384,0.4252275824546814,0.208171546459198,-0.3237896859645843,0.4729270040988922,0.1399933397769928,0.23618184030056,-0.7695155739784241,-0.2419710606336593,0.3645013272762298,0.1336968094110489,0.1556989699602127,0.1743565052747726,-0.024681793525815,0.5745055675506592,-0.1888916194438934,0.0466608963906765,0.0775435715913772,0.281894326210022,0.4171482026576996,-0.4694114327430725,-0.6455208659172058,0.1391593664884567,-0.1641565710306167,0.4069516956806183,-0.1344774216413498,0.3288237750530243,0.0753167793154716,-0.4625642895698547,0.3396262526512146,-0.455998957157135,-0.6298967599868774,-0.1371355205774307,-0.0455033481121063,-0.3143453001976013,0.2219788879156112,0.2289328575134277,0.3692764937877655,0.4943829774856567,-0.15787336,-0.7517305,0.8404584,1.3478562,-0.72436523,-0.710889,-1.4217074,-0.13935782,0.75607896,-0.42078313,0.6627658,-0.096657485,-1.1510184,2.0370407,-1.1325841,0.07703074,1.1333526,-0.5266021,0.59564126,-0.6267568,1.0794603,0.54316795,1.2737577,-0.400091,0.91098195,0.5789484,0.70486456,-0.54278105,-0.24627261,-0.20617843,-0.5203692,-0.18012829,-0.6060128,-0.37692848,-0.13464174,-1.1460268,-0.8576298,0.7522033,0.5737575,-0.85432756,-0.50272405,0.33930764,-0.5550215,0.037832916,-0.89869916,-0.025924444,2.040438,-0.041715287,0.41423455,-0.42898145,-0.41342145,-0.22874017,0.4892823,0.7330029,0.5701936,-0.16153637,1.2320802,0.5593336,-0.26702428,-0.10300891,0.7628568,1.2714379,-0.77255386,0.33944505,0.49680978,1.0493579,-0.58960164,-0.46582478,-0.09955444,-0.10818052,-2.3527102,-0.7125266,-0.16002189,1.0307443,-1.6073382,1.004023,0.48814136,-0.9213084,0.21492398,0.23717546,0.119733654,-0.27915597,-0.26141053,1.3689889,-0.7663427,-0.2997958,-0.5404646,0.14000323,-1.3199497,-0.13481268,0.26965886,-1.2172954,-1.5928856,-1.6339333,0.8570856,-0.14220147,-0.8735692,-0.8951786,-1.0459546,0.25499472,-0.018762413,1.0057428,0.32651487,-0.029575944,-1.3962888,-0.40529028,-0.73964703,-0.7911922,-0.6818055,0.91640747,-0.5145386,-0.12359419,0.72025275,1.4570427,0.86417675,0.97401696,-0.49123994,-0.74057674,-0.6267537,-0.11574288,1.4001353,-0.008096236,-0.6538637,0.8431736,0.8596622,1.000643,-0.008434147,-1.113053,0.7057513,-0.21567142,0.5634741,-0.009334135,1.833678,1.1782277,-0.95737994,0.050922297,-0.37947193,0.46850854,0.55572325,-0.5292198,-0.52596545,0.09993246,-0.1835775,-0.5701421,0.06991653,-1.5864508,0.684044,0.87288874,1.2970649,0.41825908,-0.50333256,-0.33679837,-1.0491692,0.638091,0.32141143,-0.27730107,-0.15430763,0.15798484,-1.1917737,1.8199631,0.16312139,1.457623,-0.9212472,-0.24768844,0.19332421,0.5159803,-0.9157508,0.5552763,-0.5063071,-2.5064106,-0.55784225,-0.38326135,0.032149095,0.059030026,0.47532296,0.05591016,0.71392936,-0.18595794,-0.8939875,0.36827797,0.36994618,0.6542216,-0.116621874,1.4792845,-0.008395578,0.084937476,0.46566907,0.61559457,0.73878783,0.19927695,0.82423466,-0.60950255,0.7050468,1.2174221,1.3750263,2.8807714,0.6715505,-1.393131,-0.99993676,1.1347624,-1.964144,-0.033941723,0.99510515,-0.42907494,1.7109092,-0.6610146,-1.3734672,1.5364033,0.8072831,-0.3838997,-1.4570707,-1.2109835,0.5380631,0.71104175,-0.9157578,-0.3411854,-0.61655545,0.66679096,-0.47538844,-0.19694832,0.052906,-0.1348559,0.7190736,1.5572811,-1.0471439,0.39956897,0.47615105,0.24698746,0.10290557,0.7573472,-1.1277969,0.35857803,0.4769091,-0.3423317,-0.712921,0.47070867,-0.64431083,0.43191615,-0.50649846,0.7379185,0.45389733,0.046060324,0.5545911,-0.21685779,0.47621322,0.5056792,1.7626038,0.3034502,-1.8058075,-0.42499676,0.10173987,1.3993835,0.14270611,0.015143871,0.794955,0.42321268,-0.46758127,0.26560852,-0.2422523,0.0758911,0.51921904,1.190633,-0.23305929,1.148762,0.3199302,-1.0810484,-0.6757463,-0.38720483,-0.028683871,-0.8918174,-0.78920233,-0.5098461,-1.2872595,0.51241064,-0.19294752,0.14574304,-1.2218593,-0.6534425,-0.7496187,0.07880995,1.0481069,-0.5417625,-0.6420604,0.1035306,-0.40500975,0.38453865,-0.32639742,0.016347647,0.33045924,0.1724778,-1.1282648,1.1355802,-0.33481497,0.71542203,0.69176453,0.22180986,1.2139808,-0.77079546,0.8750698,-1.2985125,0.51606107,1.2073047,-1.6216714,1.0458491,-0.33172232,-1.1614964,0.24874708,-1.2720798,-0.7248451,-0.45454064,0.62552565,-0.15088645,-1.3089288,1.9952234,-1.7371022,1.4525315,-1.4626708,-0.45399418,-0.5186565,-0.6456254,-1.5260799,1.1611011,0.52096975,-0.2743923,0.17367312,-0.14030163,0.32970357,0.42625302,0.5216653,0.82410467,-0.6434786,1.0205972,-0.87906134,-1.0840821,0.1522712,0.58632237,-1.1237947,-1.6738503,-2.0503411,-0.6412486,0.47177523,-0.7347752,-0.045232177,1.0311227,-0.043871846,0.8160164,-0.7940143,-0.23197027,0.32156745,-0.39376947,1.4758501,0.35344857,1.4118723,-1.0582683,-0.3231381,0.92295283,-2.6234937,-0.33734068,-0.84398174,2.0409267,0.4424387,0.3386554,0.60492826,0.4358973,-0.71770847,-0.44981256,0.8284686,-0.84322226,1.6723934,0.25534087,-0.49583855,1.4586734,0.6031876,1.0859052,-0.33691618,-0.7283701,2.171796,0.14378922,-0.38839328,-0.347102,-0.34849137,0.041829843,0.3306094,0.3121546,-0.011152184,0.05304221,0.64906156,0.814819,-1.0538323,-0.8664547,-0.43547893,0.47972775,0.8312044,1.3197654,1.733951,-0.6298344,-1.0289345,-2.141519,0.48439354,0.65381485,-0.14493695,0.10548027,-1.3698782,-0.05734091,-0.11070661,-0.5237483,-0.9917536,-1.973973,1.9019028,0.29147586,0.8481628,1.3511012,-1.0309566,-1.1578782,-0.77527034,0.50136673,0.38275367,-1.0188162,-0.65575105,0.799092,-1.1790504,1.2391051,0.45297235,0.2819789,-0.17345679,-0.4965003,1.1924448,0.3148763,-0.5306204,-0.7096478,-0.096683554,1.0161583,-1.0530889,-0.28268376,0.2720986,-1.5165819,0.054245435,-0.8657354,-0.771186,-0.15397525,-0.45977813,-0.8212622,-0.46383467,-0.08256464,-0.95458794,-0.75248784,0.584635,-0.79419756,-1.8176082,1.2094903,1.1621882,-1.2467697,0.62076175,-0.061224926,0.39852032,0.72195727,-0.11160588,0.056934856,0.43726498,-0.60343283,-0.5027511,-0.6030988,-1.1344519,-0.87970746,0.111735746,-1.2667334,-1.5664368,0.65328777,0.57473636,-1.7221184,-0.46837536,0.1273427,-0.5039196,0.707476,1.0445745,-0.18706027,-0.2987117,-0.6638404,-0.41494456,-0.17620513,1.0499384,0.050388288,-0.16161121,1.0370862,0.32429773,0.12631539,1.5375134,-0.15560389,0.60567737,1.2643802,0.36943775,-1.3125321,0.61749685,-0.5468062,-0.4417983,0.5154038,-1.3211652,-0.6488812,1.8251009,-0.7114849,-1.1128075,0.2448252,0.601965,-0.52153337,0.35177332,0.65945804,0.99330795,1.4665954,0.8818738,2.2045417,-0.9279291,-0.41130742,-0.24638514,0.5420108,-0.9824421,-1.1596495,0.2870501,0.7998594,2.6373334,-0.31946582,0.31203604,0.8672541,-0.7692829,-1.0419066,0.42455816,0.26435083,-0.41865167,-0.7562583,0.15378526,-1.2260134,-0.16236527,-1.5478287,-0.2881667,0.59750795,1.1857245,-0.41801518,-0.23393288,0.5835558,0.47855926,-0.88848364,0.3218507,1.4456253,1.6005008,-0.0876018,-1.1285355,-0.24293105,-0.7553029,-1.1274598,0.2924791,-0.39695054,-0.80000746,-0.00094879867,-0.5599052,-0.16762008,-0.8379389,-0.14389876,1.4857197,-0.26237288,-0.36124632,0.2575143,-0.810297,1.6031017,-0.99199164,0.22264215,1.1531457,0.76655006,-1.2944162,-0.0027498424,-0.42202586,0.2008959,-0.6501061,0.65955144,0.73774785,0.39846998,-0.5084348,1.459904,0.051393628,-0.08948595,0.12582017,0.8750415,-0.30143675,0.21771464,-2.2703247,0.8090352,-1.59463,-1.2537016,0.3431,1.0254859,-0.47146958,-0.8191738,0.0053552985,0.61642987,0.628959,-0.6043712,0.9318198,1.6611027,-0.36697653,-0.70829076,1.2688329,0.80688345,-0.69295865,-0.31749836,2.7272522,0.5513513,0.79356545,-0.9325821,-0.53303194,-0.10288985,-0.28034383,-0.7613586,-0.49103236,-0.36091334,-0.14936835,0.61243594,-0.4843912,0.897522,-0.9908964,0.0770529,0.8939683,-0.96243393,-0.49139875,0.5141641,-0.11667639,-1.3866659,-1.1481208,0.32834226,0.6912962,-0.14815974,0.2992005,-0.09551451,1.8663187,0.5830095,-0.81626433,-0.5144102,0.34546417,1.1875299,0.48391613,-0.71462864,-0.86924887,0.9618165,1.1685178,-1.0413961,0.5097529,-0.18618283,-0.16729136,-1.5086567,1.3920778,0.3861064,0.22042279,0.96445066,0.7957114,0.256771,0.6563651,-0.45770916,0.16314551,-0.5328378,0.13661002,-0.71640635,-0.63437194,-0.9344058,-0.24210708,-0.5388956,0.418883,-0.29578122,0.90151346,-1.3123461,0.4655037,0.22166619,0.8212469,0.22237542,0.18944266,-0.58336765,-0.06814216,-0.81496984,2.023692,1.0317215,-0.12653771,-1.3979244,0.25693908,0.63930076,0.29961643,-0.5118988,0.54712594,0.31644136,-1.1026797,-0.03578503,-1.3213999,-0.23326933,0.3027814,0.7574813,-1.0344999,0.636596,-1.6489633,1.1237385,-0.356911,-1.2722206,0.45395437,0.3067262,-0.6261457,1.6291021,1.0869054,-0.10351785,0.43118635,0.86991423,1.2511841,-0.23062202,-0.42282575,-1.4723217,0.92740047,1.3042381,0.31127226,-1.0934961,-0.012098337,0.08466999,-0.6953542,1.6129334,-0.5286612,-0.7871658,-0.807937,-0.29659694,-1.1845777,-0.33644307,-0.70563954,-0.49948353,-1.5059762,-0.13081184,-0.62698984,-0.5297761,0.3435768,-1.0465851,0.17631657,-0.2956593,1.7454071,0.94801843,0.57168573,0.24601388,-0.3808015,-0.30631974,-0.9620322,-0.07658663,0.7363891,-1.156162,0.18747726,-0.21489036,1.2401772,2.2849689,-0.013327849,0.00087776186,0.24313036,-0.0129786655,0.11925931,0.02335366,-0.9521181,-0.37398544,0.2672509,0.100070976,0.34636503,-1.5475215,-0.3220573,-0.23559873,0.6719476,0.3885269,-0.15820667,0.46102953,0.6881352,1.3881023,0.52425283,-0.8659452,-1.5736094,-0.97568244,0.9735489,0.84219205,-0.65914416,0.08429015,-1.3005215,0.19591233,0.8980198,-0.106245,0.389367,0.1652728,-1.0412452,2.0054066,-0.7101424,0.17598279,0.5373636,-0.6476219,0.96666276,-0.8191465,1.2560346,0.6722716,0.6426846,-0.9695877,0.93430567,0.56333566,0.33612555,-0.714205,-0.005614328,-0.22735544,-0.058136165,-0.43019223,-1.0802276,-1.4801526,-0.09879251,-0.8059393,-0.862323,0.8641386,-0.0154757025,-0.27255386,-0.6941575,0.62417793,-0.1469187,0.13113321,-1.1107591,-0.27462485,1.3652898,-0.3018077,0.9607252,-0.5327789,-0.15928572,-0.39667368,0.37071446,0.81011426,1.2638838,0.036021315,0.37910092,1.0970278,0.5967375,-0.6940381,0.9721802,0.8036561,-0.84673226,0.6530124,0.6941004,1.2352031,-0.5945767,0.21909544,-0.61423826,-0.6858162,-2.8672066,-0.5240222,0.26431653,1.1337255,-1.0867491,0.6618737,0.16870943,-0.13728102,0.05176145,-0.1245206,0.4591319,-0.03716163,-1.0985367,1.1410072,-1.0386809,-1.2961687,-0.032342494,-0.5840134,-1.0539055,-0.16609314,0.3409461,-1.5659006,-1.6896389,-1.08542,0.9567752,0.11141248,-0.8478406,-0.49015933,-0.95496005,0.1529514,-0.08968575,0.93237436,0.018874923,-0.0748286,-1.4748812,0.20314884,-0.80080193,-0.7505653,-0.71552765,1.4734881,-0.598512,1.0762075,0.39514756,1.6070541,0.719082,1.0675005,-0.6263864,-0.73510015,-0.6772479,-0.13694002,1.1657388,-0.3715917,-1.3546939,0.013500238,0.09302073,1.146462,0.43250665,-0.39973518,0.76254404,-0.40442485,0.521282,-0.29263443,1.93209,0.6132452,-1.0329865,-0.6384164,-0.72008777,0.3942655,0.40408674,-0.9797112,0.034546334,0.014240486,-0.26772588,-0.66810334,-0.28826264,-1.3507409,0.26976424,1.1098106,1.2461,0.19306138,-0.15482792,-0.11367373,-0.9725564,0.4752601,1.1342827,-0.12617142,0.24296007,0.21425727,-1.7297513,1.4082654,0.57804644,1.1844275,-1.2760167,0.35602283,0.33409163,0.4235238,-1.0783638,0.4826077,-0.8567344,-2.1483784,-0.4512906,-0.26714808,0.21223891,-0.64818925,0.52349246,-0.17576721,0.63623655,0.46743852,-1.1188762,-0.38580853,0.54688954,0.780293,-0.1421065,1.5483607,-0.6575073,0.4606846,0.6506659,0.4517603,-0.48823947,0.234097,0.7579113,-0.74115545,1.6271498,1.2041031,1.2160699,2.272388,0.60516155,-1.6024662,-1.3192253,0.121526405,-2.2247539,-0.7985857,0.34627756,-1.1095906,1.6500328,-1.204059,-0.81228554,1.358086,0.22665758,0.057763726,-1.2759559,-1.2862884,0.82768935,0.93140715,-0.84617984,-0.72401106,-0.67813003,0.059143342,-0.2800069,-0.9364883,0.64157665,0.83757764,0.41843873,2.2435768,-1.2968856,1.0183836,0.92207175,0.67765456,0.90938836,0.1459522,-0.70890474,-0.21125595,0.8525106,-0.55179626,-1.2321011,0.19686806,-0.6805226,0.6016274,-0.13589449,0.048047595,0.05782526,-0.66631836,0.21445456,-0.07549017,0.59430796,0.58612907,1.2674992,0.22384658,-0.9462919,-0.25565583,0.8772,0.785967,0.23448198,-0.093293265,1.2529274,0.73100215,-0.7504283,0.19527277,-0.26143542,0.071681455,-0.123655066,0.29345807,-0.61030835,0.9296423,0.54471785,-1.0035247,-0.6508146,0.3389859,-0.006458807,-0.5414435,-0.6102545,-0.95168704,-1.0197384,0.21568632,-0.15367238,0.24743915,-0.95556575,-0.8042401,-0.7515677,-0.109534904,0.21913147,-0.9179187,-1.0213338,0.14916602,-0.4326199,0.10354121,-0.5053028,0.11889689,0.59584814,0.8774746,-1.4614975,0.89960796,0.35238194,1.0460421,1.4755344,0.15340027,1.4415057,-0.664773,-0.034767278,-1.3148746,0.4279662,1.1560761,-1.674559,1.0819583,0.13239935,-0.67535913,1.1063417,-0.7270529,-0.96634835,-0.47867256,0.29601482,-0.48516935,-1.1394778,2.4357,-1.925945,1.283982,-1.3617208,-0.47231936,-0.96666205,-0.7645818,-1.2915941,0.9222191,0.1829237,0.6402737,0.47962648,0.028900718,-0.07654266,0.55510426,0.70161194,0.50161684,-0.6302128,1.336594,-0.9541955,-1.5974169,0.7353509,0.9119781,-0.730719,-1.461721,-1.1098931,-0.6515888,0.60923827,-0.007782805,0.16170149,0.90524197,0.35593113,0.98775846,-0.51533663,-0.41839972,0.063246444,-0.9666929,1.4092605,0.14370932,1.636947,-0.5932608,-0.5013999,0.8384684,-1.2828381,-0.087491795,-0.9681574,1.9093336,0.054606132,0.0030494542,0.3961447,0.27926576,-0.6015741,-0.25755215,0.610054,0.27628267,1.3496017,0.6039728,-0.6583322,1.5446947,0.16796745,0.33877537,0.034795176,-0.8171938,1.3965365,-0.30035704,-0.3060939,-0.15146986,-0.26317936,-0.073557734,0.2765752,-0.18750085,-0.023475384,0.13419393,1.3246315,1.33395,-1.465555,-0.87723,-0.51516306,0.6909801,1.347372,1.8671944,1.6554186,-0.004945159,-0.8371767,-2.2912333,0.1098633,0.85142374,-0.048246726,0.85683125,-1.0493541,-0.09251308,0.6880068,-0.09151292,-0.8711208,-1.842441,1.659955,0.47358426,0.13109162,1.8947201,-0.0032077967,-1.3555033,-0.39515305,0.9509489,-0.23225036,-0.8461834,-0.4906969,0.89266443,-0.87892306,0.7199141,0.65645105,0.0042060018,-0.06458326,-0.15156095,0.56378716,0.288773,-0.6366579,-0.08709368,-0.11143079,0.612654,-1.6364748,-0.7623676,0.19296181,-1.8084686,0.6154893,-0.18990937,-0.5698481,0.5501363,-0.69007516,-0.64580566,-0.94028676,-0.16792312,-1.0652184,-1.2591054,0.6499728,-0.9260246,-1.0801194,1.3922229,1.4146028,-1.3618858,0.72858214,0.20846197,-0.65321034,0.84299326,0.118597016,-0.62216765,0.5789815,-0.75906193,0.04597204,-0.1488416,-1.0112839,-0.89300793,0.21499494,-1.5346782,-1.33979,0.54674673,0.9230259,-1.7468666,-0.48002905,0.20799474,-0.42027798,0.86549586,0.31654343,-0.4009038,-0.13717094,-0.80207956,-0.31163198,-0.16964552,0.8774806,-0.26965514,0.34422594,0.67453974,0.15267348,0.089892425,1.7901516,-0.08575192,0.8772415,1.5409096,1.2857838,-0.68287325,0.91240835,0.30285734,-0.50147325,1.1143451,-1.6256578,-0.6273844,1.9890362,-0.4699501,-0.8079532,-0.96195257,0.388923,0.12920904,-0.3220381,-0.45297748,0.7922988,1.4534764,1.0674598,2.3663242,0.053041916,-0.6074573,-0.56633645,0.5371498,-0.73529035,-0.69620216,0.49975824,0.7716211,2.5733507,-0.2594161,0.2194231,0.73429364,-0.9481465,-0.9794903,0.33818847,0.3264386,-0.7146311,-0.62322766,0.7578331,-1.3507433,0.1670557,-1.9631279,-0.28401563,0.5990322,0.62603325,-0.76314104,-0.028603697,0.7972319,-0.07366018,-0.37821144,0.8434559,1.5028743,1.1620076,-0.8379469,-1.4317188,0.80825293,-0.52086556,-1.4000164,0.43570465,-0.63031113,-0.59402025,0.19495979,-0.7972703,0.25776297,-0.15742569,-0.33698973,1.5159795,0.46812296,-0.5052594,-0.29551294,-0.8146105,1.8935896,-0.5796113,-0.36794075,1.2086749,0.62188053,-1.1539555,0.80729103,-0.98635846,0.21496546,-0.6627799,0.6089774,0.6619184,0.637039,-0.40432954,1.3616897,-0.8043068,-0.30913383,0.34600902,0.86846465,-0.38498777,0.23364139,-2.0149884,0.7973064,-0.8229453,-1.1761124,-0.4064936,0.008141679,-0.5921731,0.16310373,-0.29102874,0.5090676,0.2120069,-0.927137,0.20177391,2.4162254,-0.93931735,-0.78926826,0.6044671,0.47321233,-0.8067483,0.086977765,1.8241031,0.5515379,1.2791331,-0.9874765,-0.57431996,-0.46780497,-0.23823735,-0.5791086,-0.1582394,-1.0368298,-0.43377146,0.839112,-0.04701662,0.46051878,-0.87566966,0.20714548,0.71051013,-1.1618732,-0.30769166,0.24685721,-0.40261525,-1.2494041,-1.4506186,0.6568107,1.2128738,-0.6697947,0.22354881,0.5392776,1.2889122,0.9079393,0.07777025,-0.7734376,0.35220698,1.0204842,0.5978683,-0.9450321,-1.1938789,0.6401011,1.3096992,-1.1980895,0.35026953,-0.27846193,-0.36534482,-1.5068214,1.0659263,0.5029892,-0.068072334,1.244011,0.2551033,0.24596289,0.3753676,-0.5082177,-0.13660964,-0.18233617,-0.39944273,-0.33963883,-0.33713058,-0.8484701,0.28063232,-1.1770756,0.4085943,-0.0226582,0.8299446,-1.2017386,0.236057,-0.49257773,0.3308,0.27808368,-0.2112569,-0.8918632,-0.50838965,-1.0318317,1.268844,0.5426642,-0.3487177,-1.3630674,0.5868279,1.1831509,0.24405117,-0.40856665,0.29058832,0.6680459,-0.9218036,-0.12583205,-1.6173872,-0.51168156,0.18910296,1.3507519,-0.6532322,0.71075743,-1.3884009,0.9459607,-0.04586668,-0.8971712,0.35624072,-0.32635802,-0.43046054,1.9666197,0.9479235,0.31183726,0.51724964,0.5141284,0.9397165,0.026537651,-0.2058374,-1.3655188,0.49918175,1.556286,0.36589754,-0.5479642,0.024026703,0.60336715,-0.48971215,1.3974737,-0.2536891,-0.4027875,-0.9624936,-0.15283158,-0.15559138,-0.0037285448,-0.41480106,0.2011979,-1.1029274,0.26405203,-0.8800082,-0.609998,0.2474242,-0.84581107,0.15744296,0.38058883,1.3160187,0.4628665,0.55678874,0.78374636,-0.74800736,-0.1547012,-1.1551399,-0.45538944,0.56530756,-1.048661,0.3218232,0.8330647,0.7744292,1.5198742,0.29297113,-0.5852811,-0.011060178,0.09916183,0.06714941,0.17532961,-0.3475837,-0.36734805,0.39328068,0.091078095,-0.3030921,-1.1815056,-0.151785,-0.16017048,0.77123106,0.19956693,0.6613836,-0.54046166,0.038670152,1.8463554,0.47597066,-0.23597941,0.0
ノ,0.1231138110160827,0.4492609798908233,0.3884042799472809,0.0412229038774967,0.0758494585752487,0.5558128356933594,0.2306105643510818,0.1551999896764755,-0.4046125411987304,-0.4644301831722259,0.0374848321080207,-0.1543157696723938,-0.2079087793827057,0.6230141520500183,0.0749955996870994,-0.0330402813851833,-0.2268550395965576,-0.1624379307031631,-0.3136763870716095,-0.2009812891483307,-0.4487609565258026,-0.3970475792884826,-0.4971101582050323,0.4764551222324371,-0.2808994054794311,-0.0796614587306976,-0.0104049891233444,0.1680516749620437,0.2500545084476471,-0.1148869171738624,-0.0953003466129303,-0.4020711779594421,-0.5611262321472168,0.0101643595844507,-0.6131436824798584,-0.0841822996735572,-0.4243415892124176,-0.1154774501919746,0.2670247554779053,0.0216015093028545,-0.0181246995925903,-0.1735791265964508,-0.3490122854709625,-0.333618551492691,-0.0702253431081771,0.4099800288677215,0.2204208374023437,0.3000068664550781,0.2423617392778396,0.0448936149477958,-0.0321125537157058,0.3012973070144653,0.192337691783905,0.0826527848839759,0.4473689198493957,-0.5930591821670532,0.8809794783592224,-0.8074719309806824,0.2130884379148483,0.5514248013496399,-0.6567736268043518,-0.3907581865787506,0.1432421207427978,0.2119351327419281,-0.093148149549961,-0.2198729664087295,0.3205922842025757,-0.022681538015604,0.1360212862491607,-0.7621728181838989,0.2123498320579528,-0.1271419823169708,-0.0643603503704071,-0.1578206121921539,0.2649607956409454,-0.7738043665885925,0.3087517917156219,-0.1347953975200653,-0.0922530516982078,0.4323457479476928,-0.6077329516410828,0.8605305552482605,0.1024291589856147,-0.4221510291099548,-0.0294526703655719,-0.123188279569149,-0.6463356018066406,-0.8160682916641235,0.4599822163581848,-0.2753682434558868,0.2812662720680237,0.3788725137710571,0.1458035409450531,0.7601058483123779,0.0165413618087768,0.0440185964107513,0.3510110378265381,0.387873113155365,0.0899581685662269,0.3239330947399139,-0.462004005908966,-0.0534325987100601,0.5842787623405457,-0.8378627896308899,-0.1350140571594238,0.0442395322024822,-0.4432619512081146,0.4669585824012756,0.1385521590709686,0.0495200753211975,-0.2713117301464081,-0.2956724762916565,-0.3439642786979675,0.2891451716423034,0.2782316505908966,0.3838802874088287,-0.0002128552878275,0.3526578843593597,-0.2968418300151825,0.4204418957233429,0.1402692347764969,0.6628037691116333,0.0109529132023453,-0.2493162453174591,-0.7611669898033142,-0.1784507483243942,0.2513410449028015,0.2485608905553817,0.0415656119585037,-0.8785262107849121,0.1427153050899505,-0.036750178784132,-0.5656404495239258,-0.1953497976064682,-0.3722878396511078,0.6866252422332764,-0.0380434580147266,0.1799145638942718,-0.1077672466635704,-0.458080381155014,-0.6979972124099731,0.2590562403202057,-0.1680516898632049,-0.0491655878722667,-0.2135801017284393,-0.0960002318024635,-0.0139121320098638,0.1986266672611236,0.6022095680236816,0.5109342336654663,-0.1990288496017456,1.0830914974212646,-0.4651145339012146,0.0338232852518558,0.3894877731800079,0.1737095117568969,-0.5139617919921875,-0.0087816445156931,0.2318317294120788,0.5932332277297974,0.5720173120498657,-0.4909519255161285,0.355887770652771,0.9361818432807922,0.0049250083975493,0.2354423254728317,0.4689258635044098,-0.1164900213479995,0.3047364354133606,0.5328068137168884,0.5977091193199158,0.5410733819007874,0.0592143833637237,-0.2418918311595916,0.010082459077239,0.5177382826805115,0.7239014506340027,0.0804607421159744,0.1661899983882904,-0.5361214876174927,0.0783840641379356,-0.0655987709760665,-0.0093996971845626,-0.8041617274284363,0.2197591960430145,-0.3057252764701843,0.1525004506111145,-0.0831784009933471,-0.2190597802400589,0.0048233796842396,-0.2455145269632339,-0.142656996846199,0.1653960347175598,-0.1805367618799209,0.0226214379072189,0.252815306186676,0.1008603945374488,-0.0736695155501365,-0.3125497698783874,0.0027908934280276,-0.2689207196235657,0.0918744355440139,-0.0830516815185546,-1.101097583770752,-0.9538522958755492,0.1038811057806015,0.5318265557289124,0.4946764707565307,0.3651838898658752,-0.0952106788754463,-0.2399941682815551,0.2045545428991317,0.7216549515724182,0.1952834278345108,0.4752112329006195,0.4693156778812408,-0.5757101774215698,-0.1049781814217567,0.1779050976037979,0.3130639493465423,-0.0979202687740325,0.082808680832386,0.0422740578651428,-0.0802398845553398,-0.0945495218038559,0.8080146312713623,0.1936263293027877,-0.1150619089603424,0.0054282308556139,0.7240721583366394,-0.7917774319648743,-0.2525116801261902,-0.5103409886360168,-0.2524421513080597,0.0004336121783126,-0.1393671780824661,-0.5123047828674316,0.512993574142456,-0.0856382101774215,-0.0278315190225839,-0.4146546721458435,-0.2266345173120498,0.5573171377182007,-0.5894581079483032,0.2186111509799957,0.2767102420330047,-0.1298295557498932,0.034149307757616,-0.5827338099479675,-0.1074302047491073,-0.4650209546089172,-0.5124746561050415,0.095265544950962,-0.2727013528347015,0.877055287361145,0.0307052470743656,0.7117515802383423,-0.1736073940992355,0.1399305462837219,-0.2337078005075454,-0.1700103282928466,-0.4660062491893768,-0.3893087208271026,-0.3200649917125702,0.36192587018013,0.2422608286142349,0.5455904603004456,-0.2525476515293121,-1.6800079345703125,-0.0829514935612678,0.0901246294379234,-0.590021550655365,-0.1166232600808143,-0.134414792060852,-0.1570027023553848,-0.3502565920352936,-0.0730955302715301,0.7539610862731934,-0.6830848455429077,-0.1346728652715683,-0.2110080420970916,0.4071735441684723,-0.4598382413387298,0.0623786784708499,0.1153885349631309,0.4106982946395874,-0.1908294707536697,-0.6963496804237366,-0.3930406868457794,0.0179575663059949,0.1430064439773559,0.0185511503368616,-0.4818713068962097,-0.014843457378447,-0.4170853197574615,0.2829124331474304,0.1637875735759735,-0.4432901740074157,0.3415219485759735,0.3085688650608063,0.6146608591079712,0.5549052357673645,0.5430335402488708,-0.1672431081533432,-0.6714587807655334,0.2201706171035766,0.1896889805793762,-0.3027598261833191,0.559830367565155,-0.5565181374549866,0.3516184091567993,0.342310756444931,-0.3357832729816437,0.2908375561237335,0.6458819508552551,-0.0310758836567401,-1.572529911994934,-0.2528011500835418,0.3623014986515045,0.2087958753108978,-0.3817519247531891,0.1319604963064193,0.1576255410909652,0.3442347347736358,-0.5063840746879578,-0.2880071401596069,0.5498164296150208,0.1964365392923355,0.2621631324291229,-0.1872194111347198,0.5826170444488525,-0.5048829913139343,0.0397969894111156,-0.6787499785423279,-0.0171617232263088,0.4861078262329101,-0.2345322966575622,-0.1444097906351089,0.265208750963211,-0.3782488405704498,-0.2671854197978973,0.4098029434680938,-0.1968329399824142,0.0528481900691986,-0.2974405884742737,-0.0400130189955234,0.2802795171737671,1.4972728490829468,0.5008471608161926,0.6121992468833923,-0.323981761932373,-0.3650017976760864,0.2641220986843109,0.1231701672077179,0.3433264493942261,-0.3920523524284363,-0.1274280995130539,-0.3564356565475464,0.0299845319241285,-0.0609694756567478,0.0171967726200819,-0.0190320536494255,-0.2858986556529999,0.1662586331367492,-0.461461454629898,0.2694081962108612,0.4638465940952301,0.0398641116917133,0.2293373197317123,0.6746375560760498,0.5301793813705444,0.2003440409898758,-0.2477969080209732,-0.5393532514572144,-0.0063035571947693,-0.5178176164627075,0.377795934677124,0.0354310274124145,-0.0208152793347835,0.3716359138488769,-0.301368772983551,0.1769916862249374,0.0036387762520462,-0.2827593982219696,0.0379030369222164,-0.5908679366111755,-0.3027498126029968,-0.1490825861692428,0.0798156931996345,-0.3840076625347137,0.2991436719894409,0.4653516709804535,0.5443713665008545,-0.3986534774303436,-0.392270028591156,0.0972675308585167,-0.0983534157276153,0.1271000504493713,0.0717663019895553,0.2141284644603729,-0.0405843406915664,-0.1314437687397003,-0.5324204564094543,-0.4545006453990936,-0.6074473857879639,-0.0998709499835968,-0.4864875674247741,-0.2520653307437897,0.2662206590175628,0.6392948627471924,-0.0061220834031701,-0.0002625654451549,0.2046940177679062,0.2406426519155502,-0.427702397108078,-0.5291266441345215,-0.0238432958722114,0.3131350576877594,0.5644910335540771,0.3777675032615661,0.5966751575469971,0.1175851374864578,0.3224056363105774,-0.0339446403086185,0.1585583239793777,0.3659508824348449,-0.3815783858299255,-0.299306184053421,1.030006766319275,-0.4189485609531402,-0.0196306072175502,-0.1873382329940796,0.1946061700582504,0.7992408275604248,-0.2151150107383728,-0.7935209274291992,0.418662279844284,0.0426677353680133,0.2311915755271911,0.6340779662132263,0.4241951704025268,1.04574716091156,0.288774311542511,0.4176480174064636,0.3807947933673858,-0.2010767459869384,0.1479807496070861,-0.3861715495586395,-0.0557927750051021,-0.1404449790716171,0.3929578959941864,0.7641176581382751,0.3738381564617157,0.2858656346797943,0.0353921093046665,0.4459830820560455,-0.5208247900009155,0.1525947600603103,0.383240669965744,-0.202982485294342,-0.5346816182136536,0.218737781047821,-0.972753882408142,-0.8207621574401855,-0.1421180963516235,-0.0154181104153394,0.4628665149211883,0.0081729851663112,0.3942067325115204,-0.5851307511329651,-0.7573434114456177,-0.478797048330307,-0.9843683242797852,-0.0697788372635841,0.0517299473285675,-0.19020776450634,0.5906980037689209,0.300529271364212,-0.9819388389587402,0.461364597082138,0.3210695385932922,0.48450767993927,0.1785139143466949,-0.3847949206829071,-0.321662425994873,0.8443519473075867,-0.5014409422874451,-0.4166518449783325,0.750177800655365,-0.0743482336401939,-0.0699120983481407,-0.3655387163162231,-0.2019563913345337,0.1565447747707367,0.4733108282089233,-0.1820834279060363,0.2548277080059051,-0.0231193322688341,-0.4221740365028381,-0.2792053520679474,-0.2625077366828918,-0.3165677189826965,0.2979778945446014,-0.8846938014030457,-0.2044506818056106,-0.2526279389858246,-0.1218877434730529,0.6885345578193665,0.6429525017738342,-0.2151956707239151,0.0918591320514679,0.7153148055076599,0.1788139045238495,-0.2660667896270752,-0.0331308916211128,0.0755949541926384,-0.3624329268932342,-0.2606484889984131,0.0119486786425113,0.3902390599250793,0.2846006453037262,0.3447838723659515,-0.7184575200080872,-0.3535074293613434,-0.1424677819013595,-0.7829322814941406,0.4006941318511963,0.0192137602716684,0.524908721446991,-0.9151397943496704,0.1733862459659576,-0.1486841440200805,0.3275986909866333,0.1396800130605697,-0.0200174562633037,-0.0763090774416923,-1.4075360298156738,0.0534817576408386,-0.4918538331985473,-0.7902896404266357,0.5318777561187744,-0.2848229110240936,-0.6919559836387634,0.2178936302661895,0.1768209189176559,-0.0917976275086402,0.0921580791473388,-0.0385496318340301,-0.4900764226913452,-0.042287316173315,0.4481016993522644,-0.1261456757783889,-0.1064321026206016,0.4720658361911773,-0.3878652453422546,0.0398647002875804,0.603585422039032,0.5249636769294739,0.1717052012681961,0.1215288713574409,-0.0735646188259124,0.0501642189919948,-0.786901593208313,0.1556357145309448,0.0870108231902122,0.4399442374706268,-0.3945975601673126,0.2235125601291656,0.6525632739067078,-0.3681321144104004,-0.0519896671175956,0.8495214581489563,0.1558186113834381,0.6384768486022949,0.0111140543594956,-0.2351629585027694,-0.8818499445915222,0.4974597990512848,0.4136258959770202,0.2622667253017425,-0.3039504289627075,0.2893498837947845,-0.1052259653806686,-0.4882786571979522,0.2411974370479583,-0.0667811557650566,-0.064834177494049,0.4654918611049652,0.4328020513057709,0.1599184870719909,0.7770379185676575,0.6601337790489197,-0.3099386990070343,0.4009592533111572,0.1443146169185638,0.2567755579948425,0.9159109592437744,-0.0673000141978263,0.5176604986190796,-0.3365890383720398,-0.7841489911079407,0.2950450778007507,0.1969319880008697,0.3568305671215057,1.1737850904464722,0.1396821588277816,-0.3988161087036133,0.5462249517440796,0.8059064745903015,-0.0751746743917465,0.1154990270733833,-0.4927742481231689,-0.0536334104835987,-0.0812551900744438,-0.2035188674926757,-0.0750195607542991,-0.0683854147791862,0.0823175758123397,-0.1193918213248252,0.1936592906713485,-0.2463523298501968,0.4719513356685638,-0.4209035634994507,-0.3078163266181946,0.3759004473686218,-0.002961597405374,0.3020261228084564,-0.0533858947455883,0.4790732264518738,-0.3208807706832886,-0.2082509845495224,0.4283637106418609,-0.407904177904129,-0.4388944208621979,-0.0532719641923904,0.3547323942184448,-0.0368370115756988,-0.0052372380159795,0.0940156653523445,-0.3612267076969147,-0.211391806602478,0.2542731165885925,-0.5569307208061218,0.3658948242664337,-0.0642438754439354,0.2677868604660034,0.1883809864521026,0.0471253059804439,-0.4177459180355072,-0.2764428257942199,-0.5471877455711365,0.1430089622735977,-0.396871268749237,-0.6322588324546814,0.4642121195793152,-0.0183759145438671,-0.3485398292541504,-1.5665051937103271,0.6561968922615051,-0.1743222624063491,0.3859342932701111,-0.1879439949989318,0.1425675898790359,-0.0521857179701328,0.0290188640356063,0.1428416967391967,-0.44991534948349,-0.0334871858358383,-10.106772422790527,0.0311617329716682,-0.7103382349014282,-0.5038667917251587,-0.026438895612955,0.0103408712893724,0.8339167237281799,0.5296981930732727,-0.3991149663925171,0.017071871086955,-0.4222870469093323,0.2256660610437393,0.2735041081905365,0.5720398426055908,-0.0424214042723178,-0.3598330616950989,-0.3359643220901489,-0.5068827867507935,-0.0967234298586845,-0.3829208612442016,-0.0620862655341625,-0.0616059638559818,0.8082335591316223,0.175922617316246,-0.1417668014764785,-0.4456749558448791,-0.3426142036914825,0.3715060949325561,-0.1455613672733307,0.1725504249334335,-1.1235413551330566,0.902729630470276,-0.3657998740673065,-0.382174015045166,-0.4527009129524231,0.2521111965179443,-0.010334450751543,0.2842535078525543,-0.0591973848640918,0.601249098777771,0.2945119440555572,0.6637018918991089,-0.1598019748926162,-0.3018046021461487,0.1331110447645187,0.4781384766101837,-0.1138777434825897,0.2863802015781402,0.2445801645517349,-0.1813361495733261,0.1402642875909805,-0.3990349471569061,0.2809138000011444,-0.1469828486442566,-0.0133303431794047,-0.1942400634288787,0.7767208814620972,-0.7879253029823303,0.0311534497886896,0.1072991862893104,0.2392787486314773,-0.1930221021175384,0.4252275824546814,0.208171546459198,-0.3237896859645843,0.4729270040988922,0.1399933397769928,0.23618184030056,-0.7695155739784241,-0.2419710606336593,0.3645013272762298,0.1336968094110489,0.1556989699602127,0.1743565052747726,-0.024681793525815,0.5745055675506592,-0.1888916194438934,0.0466608963906765,0.0775435715913772,0.281894326210022,0.4171482026576996,-0.4694114327430725,-0.6455208659172058,0.1391593664884567,-0.1641565710306167,0.4069516956806183,-0.1344774216413498,0.3288237750530243,0.0753167793154716,-0.4625642895698547,0.3396262526512146,-0.455998957157135,-0.6298967599868774,-0.1371355205774307,-0.0455033481121063,-0.3143453001976013,0.2219788879156112,0.2289328575134277,0.3692764937877655,0.4943829774856567,-0.8657785,-0.74307865,0.61369705,1.6714123,-0.67624074,-0.38947728,-1.4471916,-0.049567323,0.9545571,-0.5241733,0.33142695,0.1679163,-1.4043425,2.0624986,-0.9238523,0.11703515,1.0492189,-0.5957495,0.032940157,-0.49109763,0.52444863,0.40308413,0.8539035,-0.72322035,0.9399939,1.052269,0.5479923,-0.57720274,-0.72757155,-0.3358117,0.32939187,-0.1809458,-0.4751568,-1.0266339,0.16703555,-1.4250029,-0.84157044,0.8190689,0.3639936,-0.4385609,-0.9040809,0.687111,-0.3094122,0.02516287,-0.66599244,-0.39300638,1.5459257,-0.4064564,0.45135647,-0.51008886,-0.4364069,-0.12045731,0.61361635,0.8986772,0.52823836,-0.0025453526,0.76308745,0.7156684,-0.046485353,-0.4746917,0.63701355,1.1501623,-0.7709659,0.5054322,0.7469581,1.0857501,0.34445003,-0.4500856,-0.37572268,-0.45066628,-2.2813997,-0.70296246,0.17015961,0.93707323,-1.2362419,1.0494236,-0.04794762,-0.28911948,0.43861774,0.19008963,0.3768449,0.37551194,-1.1367241,1.5525188,-0.5073932,-0.15336396,-0.42623085,0.008815655,-1.5077153,-0.049703587,0.022859568,-1.3958429,-1.3449447,-1.5326303,1.1566037,-0.4456366,-0.9088531,-0.53448856,-1.1115686,-0.03707695,-0.23758946,1.1583316,-0.6438293,0.08965523,-0.94274724,-0.49650043,-1.0524038,-0.64192855,-0.9203891,0.81112427,-0.2820595,0.3287583,0.6975301,1.5373806,1.055249,0.96117455,-0.6898361,-1.1819086,-0.51315504,0.3267699,1.1432476,-0.24749842,-0.9419336,0.36999783,0.28012714,0.984574,0.23927042,-0.50538814,0.7820083,-0.62549746,0.70285517,-0.2994087,1.6679882,0.76738614,-1.1574873,-0.25638744,-0.6595784,0.32857028,0.6557919,-0.66419756,-0.7961959,-0.35587338,-0.22592305,-0.4084762,0.17380802,-1.5077225,0.43051836,0.95298153,1.313814,0.12844783,-0.15758552,-0.36961725,-0.6344462,0.5759426,0.6764039,0.054967098,-0.07575398,0.11576385,-1.3852252,1.2736759,0.4795625,1.3451111,-1.0057222,0.14650616,-0.033655934,0.5128739,-0.74105453,0.7696801,-0.7686829,-2.2693548,-0.37566453,0.10862698,0.33204204,-0.24569538,0.47756067,-0.13467027,0.69037247,0.21907203,-0.7630685,0.083303876,0.36633664,1.110546,-0.049583774,1.4667883,-0.07101,0.44052315,0.6029821,0.7869199,0.35782593,-0.087734506,0.71615165,-0.44397286,0.7830706,1.3071455,1.2386872,2.7130706,0.62003297,-1.69713,-1.3230566,0.70003253,-2.1262345,-0.09261391,0.62830514,-0.47254577,1.4097162,-0.39786795,-1.1601444,2.3008025,0.5405145,-0.28784984,-1.5031586,-1.0974059,0.66585964,0.7282915,-0.5585207,-0.33062404,-0.7701554,0.47280264,-0.5181383,0.12731025,0.62097234,-0.049215436,0.49776754,1.8187892,-0.8764717,0.561709,0.44437185,0.72834885,0.10867708,0.60072917,-1.2214851,0.28478983,0.64790195,-0.42360035,-0.4011397,0.32369322,-1.0084318,0.58188236,-0.24879669,0.4949412,0.075379826,-0.43419224,0.12827918,0.14669506,0.43096685,0.9487812,1.779657,0.31122786,-1.307867,-0.07236069,0.20570247,0.6003049,0.17725568,-0.19474392,1.093227,0.8865572,-0.5207656,-0.15702648,-0.16809118,0.061849326,0.059508946,0.66813886,-0.26651973,0.7765778,0.56958807,-0.85170066,-0.5617811,0.17657195,-0.025418056,-1.1319767,-0.69319874,-0.62194353,-1.3072056,0.32409593,-0.4521726,0.50831276,-1.2666734,-0.7152399,-0.81324995,-0.03906173,0.30531707,-0.9064451,-0.71062887,0.0856152,-0.020717813,0.53552175,-0.23170681,-0.33072734,0.5569975,0.87125856,-1.7142069,1.2780455,0.17259277,0.7228475,1.0854384,0.0012493517,1.2099724,-0.6014708,0.6669146,-1.5608456,0.5894575,1.0076617,-1.5622107,0.97097915,0.12956905,-0.6070644,0.3522064,-1.0770987,-0.21028903,-0.33861366,0.47882295,-0.25361913,-1.7595516,1.8133011,-2.1174338,1.2066983,-1.6086458,-0.30828002,-0.41033602,-0.5987805,-1.6799918,1.0244198,0.6784086,0.040713727,0.23863348,-0.023642404,-0.030658733,0.37245336,0.64393383,0.50543153,-0.47007728,0.7834016,-0.51764476,-1.4530754,0.24712808,0.75412244,-1.0756154,-1.7576808,-1.6279352,-0.7084668,0.9185743,-0.7542997,0.20411466,0.95222855,0.041062135,0.87073624,-1.0078262,0.17309609,0.12700185,-0.5551383,1.2392485,-0.077674136,1.4426242,-1.0129173,-0.1845522,0.6869727,-2.09175,-0.50411165,-0.786722,1.8268665,0.55268675,0.4297052,0.5753664,0.33146217,-0.82118976,-0.628055,0.9376358,-0.16973558,1.6667882,0.44384256,-0.43386224,1.6776288,0.44499287,0.48455924,-0.50617,-0.521452,1.2940072,-0.13011758,-0.20548186,-0.15190974,-0.123430885,-0.28688738,0.20680407,0.286982,0.1387902,0.014397232,0.69841033,0.8589515,-1.194747,-0.5697675,-0.93157095,0.5792545,1.0889741,1.7992113,1.6297551,-0.26203367,-1.0143223,-1.9520025,0.5097641,0.99732167,0.111304246,0.79659307,-1.4770482,0.17513098,0.1752646,-0.12067531,-0.9182026,-2.0055249,1.6634914,0.47891346,0.32778123,1.6569232,-0.9975624,-1.2265247,-0.53540736,0.68766356,0.11380725,-0.9854823,-0.3087276,0.7731486,-0.95195657,1.2620655,0.3471472,0.13535176,0.131749,0.18952738,0.7869368,0.5134444,-0.7985391,-0.79023737,-0.117431216,0.47778493,-1.4439484,-0.74111646,0.35855842,-1.6075052,0.55355614,-0.46035925,-0.42120355,0.027694685,-0.9415651,-0.8151952,-0.7414909,0.03641654,-1.0580747,-1.1032466,0.47083166,-1.3475293,-1.6521876,0.5862835,1.5357552,-1.1219515,0.42572477,0.4108383,0.41235164,0.696487,0.025908867,-0.011127489,0.71328646,-0.40346155,-0.3172252,-0.50004786,-1.1033412,-0.816258,0.21472691,-1.2217255,-1.1385096,0.8983235,0.7712694,-1.8700502,-0.35546535,0.23477724,-0.7622879,0.59149224,0.59943503,0.25010422,-0.07203523,-0.56875217,-0.15795697,0.54675144,0.9757915,0.06687468,-0.068512715,0.8687236,0.07619459,-0.35516432,1.4743369,-0.1599143,0.20857404,1.0220138,0.44523022,-0.9648114,0.78336716,-0.24300644,0.06683967,0.72268164,-1.3972014,-1.1002991,1.607469,-0.80895007,-0.8552411,0.02663118,0.31058094,-0.5301113,0.4665122,0.50080305,1.3214637,1.7273657,0.9873953,1.7067277,-0.631187,-0.6836062,-0.4555667,0.586091,-1.1494845,-1.1447973,0.49320203,0.88733584,2.2739074,-0.5382837,-0.014328642,0.8442254,-0.57221,-1.1027533,0.7732935,0.44097924,-0.57813394,-0.8360739,0.18591295,-1.1270878,-0.14275362,-1.859208,-0.35397288,0.7288512,1.0825661,-0.60320693,-0.49261189,0.57732743,0.48059884,-0.88018006,0.49461842,1.0636034,0.98946625,-0.2904077,-1.2802212,0.32778034,-0.7589039,-1.5837394,0.1896336,-0.703186,-0.84148926,0.43504593,-0.41384026,-0.13204691,-0.8306919,-0.3813405,1.6055814,-0.16887544,-0.5147896,0.2754237,-0.78875124,1.8959169,-0.7456218,-0.1559931,1.3417567,0.5034808,-1.2182053,0.2996773,-1.3006662,0.114919424,-0.84918684,0.459549,0.7485179,0.5993203,-0.3174058,1.5460538,-0.07397976,-0.4302447,0.1796782,0.44296387,-0.053966075,0.44659212,-2.336762,1.2706919,-1.2919248,-1.5220518,0.09700408,0.7389961,-0.17907664,-0.45782432,-0.3574447,0.4115035,0.26275942,-1.072939,1.1270684,1.6555434,-0.6621987,-0.58292407,0.9409943,0.47805235,-0.2599653,-0.11675954,2.5018227,0.40515256,1.0848713,-1.1418934,-0.80555964,0.24895188,-0.48404434,-0.9779844,-0.051837318,-0.22798564,0.28748962,0.39256597,0.07427029,0.8714017,-1.3210613,0.16500674,1.1887027,-0.97862273,-0.1974868,0.53235334,-0.54406995,-1.4405099,-1.2070544,0.63095194,0.5993463,0.22048466,-0.049930137,0.22803965,1.7635072,0.7811537,-0.2982873,-0.4563388,0.5311983,1.0292426,0.863316,-0.59259766,-1.0947319,0.414474,1.2628987,-0.67915374,0.6025662,-0.6584533,-0.52676356,-1.5121171,1.0233754,0.6785428,0.16821311,1.2429603,0.5316893,0.24300341,0.6738382,-0.40287933,-0.07649982,-0.27152655,-0.48521778,-0.047500126,0.058581803,-0.9711061,-0.44315168,-0.7790355,0.07567598,-0.1783621,0.74756765,-0.93235743,0.38499168,0.17127618,0.7460893,0.45693642,-0.35820884,-0.43969423,-0.21806969,-1.2077101,1.4770585,1.0407201,-0.118063174,-1.6414403,-0.077993505,1.0007514,0.07921829,-0.59559757,0.3358694,-0.09001086,-1.168951,-0.39646935,-1.4909736,-0.4639411,0.6006735,0.7797877,-0.9064984,0.6736134,-1.6612389,0.88627464,-0.027080834,-1.0224667,0.31826618,0.31812716,-0.8535282,1.7882941,1.118171,0.22303866,0.26658937,0.8196634,1.0365212,0.11626846,-0.78342545,-1.647134,1.1129304,0.97308224,0.5260647,-1.117333,-0.2930932,0.38941282,-0.53848237,1.6001627,-0.55499613,-0.49513248,-0.78883517,-0.48367217,-0.72110444,-0.14753492,-0.97747123,-0.1796805,-1.3115426,0.07162769,-0.568116,-0.14561197,0.4946033,-1.2712198,0.2756901,0.12355043,1.3075978,1.0308158,0.51030934,0.37821013,-0.66007656,-0.25672296,-0.8338598,-0.67727035,0.8670474,-0.92659557,-0.13525398,0.0764978,0.68149745,2.1007535,0.31606507,-0.1365768,0.2870938,-0.019865533,0.0420207,0.41188717,-0.9226769,-0.28769964,0.24322282,0.123112164,0.3931674,-1.0288892,-0.31210667,-0.118499935,0.98603773,0.24968648,0.72771454,-0.010983969,0.82620144,1.6496828,0.65412956,-0.68663466,-0.76596403,-0.73028547,0.7095662,0.76688457,-1.2768594,-0.8813167,-1.4235961,0.9435861,1.1039691,0.35779065,0.85136956,-0.24339709,-0.94916224,2.1126964,-0.84863186,-0.14295298,0.7403567,-1.4869852,0.44136077,-0.123417795,0.32304087,0.29032415,0.4072948,-0.9353629,0.57449675,0.40327913,0.75901,-0.49596685,-0.6907426,-1.4697137,0.15743342,-0.400379,-0.9508295,-0.3211434,0.18258181,-1.1723818,-1.3880708,1.387701,-0.20393363,-0.78244454,-0.9055924,1.2137135,0.29166597,0.053950373,-0.6913488,0.06067086,1.7549919,-0.37550694,1.3353282,-0.26261604,-0.8405253,-0.6551249,0.32972234,0.9835283,0.48283625,-0.4544825,1.0749855,1.0056045,0.38003084,-0.4238196,0.11297872,0.5629741,-0.5741358,-0.53021634,0.26603305,0.37446997,0.03501817,0.17292663,0.054100405,0.17781624,-2.4407246,-1.6293314,-0.5215415,1.1791182,-1.7857906,0.50558764,0.10697582,-1.1969298,0.19829148,-0.25437298,0.22449134,-0.5624713,-0.94196564,1.8304297,-1.1991669,-1.729563,-0.18866837,-0.15088803,-1.0624636,0.27917677,-0.66965556,-1.9511063,-1.5049286,-1.3605052,1.3136257,0.31876862,-1.1397531,-1.0968271,-1.5383775,0.110478155,-0.09446245,1.089516,0.61457336,-0.8586428,-0.99232686,-0.48022687,-0.5777704,-0.4680472,-0.5866574,0.51765835,-0.33851516,0.6833081,0.5053244,1.5305324,0.65047777,0.94052505,-1.4619929,-0.67995846,-0.5040626,0.29313082,1.4749949,0.7274214,-0.24580911,0.40860242,0.148344,1.4107919,0.42167717,-0.7837953,0.25474796,0.03512095,1.1085227,0.03305973,2.6769001,0.5450667,-0.49128157,-0.15489472,-0.15122196,0.47217858,0.80051917,-1.0113328,-0.5405269,0.13387673,-0.62036884,-0.13224073,0.35718518,-0.66927636,0.47325295,1.1436206,1.4450188,0.5077207,-0.2611848,0.16935647,-1.3034949,0.0867467,1.5587882,-0.31774676,0.01592276,0.5279715,-1.457404,1.4927984,-0.39915517,0.67669874,-1.1160892,0.8932411,0.016026504,0.1478852,-0.9263232,0.7630643,-0.5715331,-2.4484975,-0.47711876,-0.53213286,0.968036,-0.2227835,0.17743556,-0.20560095,0.23273908,0.15506214,-1.2807064,-0.15687807,1.637397,0.9177283,-0.10612873,1.1360883,-0.32227585,0.69734204,0.75812286,0.7020571,1.129488,0.19551177,1.3440429,-0.631662,1.1296226,1.0365524,0.8747538,2.7510848,0.64338636,-1.4852777,-1.3162482,0.77322733,-2.5359485,-0.5703713,0.5020718,-1.6714759,1.0936767,-1.6141396,-0.927137,1.6727252,0.553394,0.27379838,-1.4203303,-1.6918709,0.7663616,1.1279955,-0.36137834,-0.1719187,-0.97061944,0.63688856,-0.76515853,-1.1161191,0.9279802,1.3282828,0.38713667,1.4871428,-0.63709027,0.46075487,0.25498524,0.49844515,0.68871903,0.94105446,-0.9785923,0.7661886,0.7351989,-0.10264126,0.042329594,0.41932237,-0.64109904,0.49244744,-0.19011118,0.68799865,0.5171987,-0.003296055,0.120590925,-0.5017067,0.43798232,0.544076,1.2080784,-0.30988294,-1.4568443,-0.18454532,0.36067432,1.2184194,0.20230578,0.60954666,0.14492404,1.2304848,-0.63413936,0.18513605,-0.326442,-0.94696444,-0.5268718,0.61978585,0.2884035,0.34348157,0.32406238,-0.7796212,-1.147969,-0.07188484,0.33561775,-0.731775,-1.2394205,-0.82065475,-0.6570136,0.08203267,0.49629003,0.4600653,-0.98952055,-0.65218633,-0.120728016,0.6984234,0.79467,-1.3962659,-0.19760543,-0.095032215,-0.9660976,0.3652434,0.19380437,0.17090808,0.113650754,0.56338817,-1.09689,0.6757469,0.09478194,0.77823085,1.795464,-0.08494179,0.9890382,-0.59407645,-0.39625314,-0.5363008,0.32370743,0.33325586,-1.571769,0.80014026,-0.5839591,-0.62460965,1.2257475,-1.1077735,-0.2153113,-1.3805765,0.30966857,-0.70651394,-0.54892516,2.0886374,-2.5944185,1.8336859,-1.8510876,-0.49375832,-0.7732716,-0.92348987,-1.2277788,0.48791465,0.27604505,0.1734042,0.3621336,0.2103841,0.2552476,0.32260975,-0.16257924,1.636655,-0.25472277,0.30202982,-0.8624573,-1.6253358,0.03502445,0.65480524,-1.1465933,-1.0902836,-0.78685164,-0.65605384,0.00052534044,-0.060863167,-0.4098752,0.73876595,0.14131692,0.4705593,-0.69325924,-0.26058528,-0.26572472,-0.40261972,1.7105832,-0.09489958,1.6782861,-1.2703992,-0.363459,0.3411779,-1.4027175,-0.03495329,-0.41274378,1.7333221,0.4630453,0.39323434,0.304448,0.6482335,-0.060662106,-0.2263316,0.87657475,0.6148677,1.7980924,0.49933225,-0.1002872,1.4153177,-0.3815629,0.7953259,-0.357952,-0.39013356,1.6386158,-0.105937555,-0.46133018,0.16294517,-0.28123277,-0.9615869,0.09722969,0.65649116,-0.07239595,0.23896383,0.66128564,0.372747,-0.47483167,-1.1977994,-0.38971034,0.90376604,1.2315688,1.1437299,1.4134488,-0.5434759,-0.616139,-2.1101782,0.20037425,0.78024566,0.7594608,0.54763323,-1.73488,1.1094748,0.75196296,0.41853288,-1.6403157,-1.6716257,1.6721795,0.10444402,-0.010194051,1.8751354,-0.49868408,-1.2426891,-0.5459771,-0.19535792,-0.15737289,-1.2088139,-0.55495584,0.12251577,-0.27257758,1.2872804,0.90585864,0.5761051,-0.30869782,-0.6601446,0.5360595,-0.15226094,-0.9845566,-0.12800667,-0.10076577,0.17478245,-1.5839318,-0.8781801,0.64566946,-2.0035267,1.2683446,-0.05426114,0.0022538006,0.34974906,-0.2919054,-1.0501953,-0.07374607,-0.17458193,-1.2020746,-0.5261626,0.754572,-1.316639,-1.0549576,1.1009998,1.1232753,-0.5628014,0.8972777,0.53835106,-0.34288397,1.0672797,-0.1118488,-0.52825296,0.26781437,-0.23941739,0.07862508,-0.49924237,-1.4177037,-0.37725645,0.5530933,-1.1034918,-1.3422772,0.4778258,0.482233,-1.0910517,-0.89588875,-0.0309294,-0.51201975,0.51601297,0.73968214,-0.4681177,-0.47825432,-0.7943086,0.043750793,0.113170184,0.2420453,-0.62203956,0.35385928,0.20479803,-0.4608496,0.33831194,1.3080779,0.030792281,1.805641,1.492959,0.5180633,-0.35656685,1.1068008,-0.28283745,-0.49481666,0.7941787,-1.1570917,-0.6156191,1.227707,0.036413144,-1.0182135,-0.31199032,0.50017893,-0.47491795,-0.4840203,-0.24189988,0.63924533,1.5701678,1.292457,1.8056241,-0.126337,0.10268654,-0.45306385,0.71914333,-1.2736322,-0.5577016,-0.50999856,0.7468454,2.582086,-0.62419915,0.064899236,0.6524995,-0.9319941,-1.2758123,0.16888379,0.25606596,-0.035931613,-0.54556936,0.5655228,-1.4211203,-0.052703165,-1.5607417,-0.16747873,0.9862268,1.3246928,-0.81958973,0.35055825,0.9047962,0.053315774,-1.2486724,-0.429844,0.67757416,1.8185362,-0.09925396,-0.88967496,0.7489855,-0.18274473,-1.6359825,0.13842675,-1.2815045,-0.72590065,0.4276982,-0.5156469,-0.29956824,-0.06478329,-0.47836462,1.1239897,0.15499543,-0.13213226,0.7802092,-0.39798042,1.2291663,-0.013655543,-0.6868779,0.998666,0.6070274,-1.4949774,0.47808254,-1.4794943,0.8629911,-0.46617872,0.7390682,1.0735391,0.2879579,-1.0042015,1.4532337,-1.1292664,-0.0024649203,-0.38995534,0.38397956,-0.19668458,0.40973848,-1.6107297,0.7799434,-1.5518777,-0.9761793,-0.25337794,0.6067857,-0.30893248,0.24009404,-0.59884775,0.81051534,0.304626,-0.89339477,0.20005009,1.7411256,-0.2865408,-1.2924111,0.31189162,0.40237367,-0.76402813,-0.28891578,2.4349225,0.15137205,0.5463409,-1.3992255,-0.9865804,0.55133456,-0.2301471,-0.772023,-0.38315022,-0.3488838,0.016864337,-0.119311854,-0.22630839,0.88574433,-0.62435573,0.24610847,0.7230531,-0.67811894,-0.5400075,0.32183957,-0.9062376,-0.85766816,-1.3634847,0.53916395,0.75188726,-0.7183534,0.9618079,0.76793784,1.6265832,0.8636593,-0.20577344,-0.90064025,0.46210486,1.3867915,0.6763836,-1.2074213,-1.2375965,0.40444636,0.66520464,-0.72861755,-0.1818882,0.1121973,-0.51504284,-1.488683,1.1401592,0.62174714,0.0056551546,1.2689726,0.5968984,0.1268298,0.64820576,0.18553546,0.25241444,-0.13313499,-0.7834415,0.1637667,-0.09508477,-0.9037012,0.3836873,-0.41248155,0.4655155,-0.7168188,0.4461343,-1.5982357,0.45992887,0.033306606,0.38068897,0.7757309,-0.017159611,-0.9650253,-0.63593405,-0.052837323,1.5116183,1.0303628,-0.41406304,-0.4766165,0.06465313,1.2715918,0.9143335,0.37193403,0.46321654,0.10503015,-0.25266185,-0.51299036,-1.2219372,-0.68717635,0.22333694,0.17977855,-0.6083027,1.3127106,-1.5590743,0.9578109,-0.30674812,-1.2362942,0.12798458,0.0756552,-0.93656325,2.2446737,1.3580205,-0.48192278,-0.15052018,1.0606428,0.90592444,-0.79785866,-0.09479215,-1.5908685,0.8092233,1.5757053,0.60077125,-1.3033904,0.18270628,0.1604239,-0.6591443,1.3209969,0.1594995,-0.6776986,-1.417434,-0.2499935,-0.8482034,0.20962569,-0.30469885,0.45245048,-1.2087562,0.6362748,-0.2003635,-1.0201173,0.44099802,-0.5975754,-0.24004796,-0.8433686,1.3937085,0.71169776,0.6071396,0.736041,-0.2184663,-0.16149412,-1.2373896,-0.7057443,0.44408423,-0.95326996,1.1084344,0.47535026,1.0113038,1.6187508,0.256258,-1.1382008,0.4353947,-0.3833858,0.6018625,-0.51418173,-1.0961318,0.19184475,0.4009328,0.63212436,0.7559371,-1.3122451,-0.4743651,-0.11860773,-0.13959874,-0.18388532,0.8662954,-0.24577773,-0.05053957,2.2169874,1.2113779,0.28327134,0.0
ケ,0.2429837435483932,0.6616470813751221,0.4144341945648193,-0.5313122272491455,0.1043398976325988,0.1102759465575218,0.1062611937522888,-0.2478341162204742,-0.2821229696273803,-0.1260201185941696,0.3784200251102447,0.1037749797105789,-0.10788494348526,-0.294757604598999,0.5367764234542847,-0.928157925605774,0.1167352274060249,0.0656434595584869,-0.1832303702831268,-0.2120799869298935,-0.4948760271072387,-0.4055013060569763,-0.4894960820674896,0.4153940379619598,0.2371083348989486,0.0990686863660812,0.3000172078609466,0.2303175777196884,-0.1508395671844482,-0.4304077327251434,0.1607287675142288,-0.3669348955154419,-0.0078871855512261,-0.2883332073688507,-0.2220017313957214,0.4118724763393402,0.0157045312225818,-0.3442846238613128,0.6697462797164917,0.3244195282459259,0.492513507604599,-0.0104946829378604,-0.1454022377729416,-0.4759864807128906,-0.1838628053665161,-0.025675805285573,0.026679765433073,-0.2451867908239364,-0.145347774028778,0.2870108783245086,-0.0690131187438964,0.1475712805986404,0.2691896855831146,-0.0975613892078399,-0.1410095989704132,-0.2098197638988495,0.4573187530040741,-0.1174774765968322,0.0793971195816993,0.1471655964851379,-0.6074702143669128,-0.0248136818408966,-0.2856194376945495,0.2636463046073913,-0.1505414545536041,0.2051240503787994,0.1775323301553726,-0.1433065384626388,-0.0035859446506947,0.1596288084983825,-0.0907938554883003,0.2541209459304809,-0.4107077419757843,0.0826245546340942,0.4377497136592865,0.1316197663545608,0.1347358673810959,-0.6244744658470154,0.205821231007576,0.193708449602127,-0.1448723077774047,0.6121870279312134,-0.1083380207419395,-0.923694670200348,-0.3283492922782898,0.4229500889778137,-0.855821430683136,-0.6492044925689697,0.7465376257896423,0.1914977729320526,0.3263177573680877,-0.1214522197842598,0.1692380011081695,0.051663763821125,0.4650666713714599,0.0560071654617786,0.1095112487673759,0.000639735138975,0.0553719326853752,0.4078894555568695,-0.5672503709793091,-0.1987964212894439,0.2265511900186538,0.0204362273216247,-0.2532869279384613,0.102281630039215,-0.1485786437988281,0.2984353899955749,0.5234402418136597,0.1864424645900726,0.0229677036404609,-0.5233455300331116,-1.037511110305786,-0.0380867198109626,-0.5107100009918213,-0.0620136447250843,-0.146765798330307,0.2129094898700714,-0.0059054959565401,0.958530604839325,0.1520959734916687,0.6953815221786499,-0.2734029293060303,-0.4183167219161987,-0.6107425689697266,-0.0333437174558639,0.2114969491958618,-0.0050072912126779,0.2974022030830383,-0.5956506133079529,-0.1555178463459015,-0.3459401130676269,-0.4776040613651275,0.1496871560811996,-0.2893439829349518,1.3273342847824097,-0.2777860164642334,-0.3315542042255401,-0.1166881397366523,-0.7165441513061523,-0.3890847563743591,0.2689749002456665,0.4938358068466186,-0.3202112317085266,-0.355864554643631,0.2386700063943863,0.2283650189638137,-0.1370262056589126,0.3486682474613189,0.2297505736351013,0.070768654346466,0.7893009781837463,-0.4187586605548858,0.2134864628314972,-0.0380802862346172,-0.2275033444166183,-0.4241217076778412,0.8129070401191711,-0.0552768632769584,0.1299701780080795,0.4829398691654205,-0.3331312537193298,0.0883076786994934,0.6621437072753906,0.192182183265686,0.3532751500606537,0.5633125305175781,0.0806767791509628,0.5191296339035034,0.84903883934021,0.1574263125658035,0.1920378357172012,0.2674828171730041,-0.0119606144726276,-0.0179694071412086,0.3758255541324615,0.1096233204007148,-0.1509265750646591,0.0598473697900772,-0.6680653095245361,0.0179712958633899,-0.4222248792648315,0.2690566480159759,-0.6090359687805176,0.4296282827854156,0.1820018142461776,0.2575974762439728,-0.0080163571983575,0.2309181541204452,0.2193805873394012,0.0711452215909957,-0.1978735029697418,0.3086549341678619,-0.305957019329071,-0.2482561767101287,-0.040400955826044,-0.1866161823272705,-0.1047106832265853,-0.3690989017486572,0.6217343211174011,-0.0149576058611273,0.0208998396992683,0.1553537398576736,-1.0083690881729126,-0.6598727703094482,-0.0307220090180635,0.0740824490785598,0.2435399740934372,0.2011950463056564,0.4041383564472198,-0.3810803890228271,0.3071947991847992,0.2138439565896988,0.2134152352809906,0.7393538355827332,0.124230146408081,-0.4999823570251465,-0.6200705170631409,0.6957839727401733,-0.4209252595901489,0.2966658174991607,0.287886381149292,0.1154162883758544,-0.3496742844581604,-0.5425217747688293,0.3033263981342315,0.6870912313461304,-0.1928041577339172,0.2805252969264984,0.786598801612854,-0.2743557393550873,-0.7091795206069946,-0.755965530872345,0.4028015732765198,-0.5773530602455139,-0.0032976644579321,-0.1895332485437393,0.3897786438465118,0.103490449488163,0.4466934204101562,-0.2233365625143051,0.0843053236603736,0.1237956285476684,0.0208829268813133,-0.295165866613388,0.1247735247015953,-0.2412090301513672,-0.6967189311981201,-0.2191511392593383,-0.5633196234703064,-0.7809281349182129,0.2351743131875991,-0.0793177708983421,-0.6614803075790405,0.7603803873062134,-0.1348340362310409,0.1946591436862945,0.3506882488727569,0.6989926099777222,-0.2840446829795837,-0.9344939589500428,-0.6188869476318359,-0.109934501349926,-0.2047150284051895,-0.2345944344997406,0.2682673633098602,0.1313077062368393,-0.2012358456850052,-0.9308447241783142,-0.3641413450241089,0.5580544471740723,-0.4756347835063934,-0.2437719404697418,-0.0948891788721084,-0.5024368166923523,-0.1324057281017303,0.0524689331650733,0.6777330636978149,-0.5296950340270996,0.4793498516082763,-0.6652148962020874,0.2199455201625824,-0.9174380898475648,-0.3692097067832947,0.2431943714618683,-0.2337118685245514,-0.2766892313957214,-0.6346429586410522,-0.2657560408115387,0.0116315418854355,0.1325128227472305,-1.0660030841827393,-0.1120108589529991,-0.0864522457122802,-0.2063036113977432,0.5902285575866699,0.2407087236642837,0.3161251246929168,-0.2273279726505279,0.0248950850218534,0.1730425208806991,0.0993838012218475,0.4278195202350616,-0.1964274644851684,-0.2368857413530349,0.0010892205173149,-0.0591033622622489,-0.3960906863212585,0.5078621506690979,-0.163101851940155,0.2188931852579116,0.4486396014690399,-0.5537123680114746,-0.0463178567588329,1.2444818019866943,0.3487429320812225,-1.5020153522491455,0.5995408296585083,0.2303229719400406,0.4922672510147095,-0.0242355950176715,0.8289330005645752,0.1658795326948166,0.2400076240301132,-0.1751780658960342,-0.4951502084732055,0.8983199000358582,0.5475347638130188,-0.3157324492931366,0.4954361021518707,0.7171089053153992,-0.2827208042144775,0.3410134017467499,-0.6121780872344971,0.0275671202689409,0.3620475828647613,-0.1288771480321884,0.0586671493947505,-0.3593015968799591,-0.4158864617347717,-0.3234583139419555,0.2186788320541381,-0.054381426423788,0.3666248917579651,-0.6259625554084778,-0.3300541043281555,0.0359206236898899,0.905072808265686,0.7259753346443176,0.6455700397491455,-0.8034408688545227,-0.3687601089477539,0.3280030786991119,0.3391102850437164,-0.1116150394082069,-0.0498237125575542,0.3112061023712158,-0.6004527807235718,0.7444670796394348,0.004943897947669,-0.2737416625022888,0.4370934069156647,0.2138765752315521,-0.1150262430310249,-0.1550572216510772,0.3714747726917267,0.5801296234130859,0.0133970277383923,0.3824444711208343,0.1665427237749099,0.5571229457855225,0.0155771458521485,-0.3926637768745422,-0.2148728370666504,0.5078781247138977,-0.6612591743469238,-0.1466124355792999,-0.0399776212871074,-0.4440430402755737,0.3932904601097107,0.0550920702517032,0.1107166036963462,-0.4616883993148803,-0.0968769788742065,-0.3807919919490814,-0.3492355346679687,-0.7859245538711548,0.1585797220468521,-0.102816417813301,0.1691825091838836,0.0684942007064819,0.0590056367218494,0.6421015858650208,-0.3890002369880676,-0.694823145866394,0.49764084815979,-0.2100668847560882,0.616585910320282,0.1529806107282638,0.3491581380367279,-0.0853445529937744,0.5202713012695312,0.0830933153629303,-0.3337989449501037,-0.9165831804275512,-0.016295026987791,-0.7332712411880493,0.042853370308876,-0.1878782957792282,0.6519651412963867,-0.1901039034128189,0.1041358187794685,-0.2169331759214401,-0.1172236055135726,-0.6708835959434509,-0.4083777666091919,-0.0215285513550043,0.4125701189041137,0.1186963841319084,0.2391372174024582,0.0760342478752136,0.2227817773818969,-0.1969287544488906,-0.1205940619111061,0.2048063576221466,-0.2838293313980102,-0.2153407633304596,-0.3133227825164795,0.3032082021236419,0.2229405045509338,0.1993780732154846,0.1405640542507171,0.1348936557769775,0.9171162843704224,-0.0040773986838757,-0.5683957934379578,-0.202481135725975,0.0748540014028549,-0.5582358837127686,0.6207622289657593,0.603394627571106,0.3168795704841614,-0.2125132828950882,-0.0288510210812091,0.3115122616291046,0.2210391759872436,0.2493517100811004,-0.2543894052505493,-0.0992610976099968,-0.1656071990728378,0.6284988522529602,1.0713316202163696,0.2836301922798157,-0.1074520945549011,0.0900056660175323,0.4166778028011322,-0.3198823630809784,0.2921349704265594,-0.0971302092075347,-0.2276584059000015,-0.1310792714357376,0.1182970181107521,-0.0538550391793251,-0.6497675776481628,-0.0252242423593997,-0.2644214630126953,0.0595304928719997,0.1227905079722404,-0.0516981892287731,0.1294545233249664,-0.2900190353393554,-0.094262309372425,-0.1633104383945465,-0.1553844809532165,-0.4451681971549988,-0.0710231885313987,0.4448330998420715,0.2612958550453186,-0.5230633616447449,-0.1095476970076561,-0.5029499530792236,0.2451343834400177,0.2199645638465881,-0.973588764667511,-0.0070733963511884,0.4774846136569977,-0.4497261941432953,0.3073701560497284,0.7928303480148315,0.0182920433580875,-0.1018890142440795,-0.6858155727386475,-0.1857819855213165,0.0109096784144639,0.1317808181047439,-0.6567697525024414,0.8301150798797607,0.1016561090946197,-0.5717026591300964,-0.1149327009916305,-0.2627092003822326,0.034024178981781,0.0031094052828848,-0.3713329434394836,-0.3024531900882721,0.1304530352354049,-0.0712276026606559,0.3358756899833679,0.3019727170467376,-0.3836082518100738,0.5502412915229797,0.476828396320343,-0.1813965141773224,-0.2056408822536468,0.1381787955760955,0.1300579309463501,-0.2510866522789001,-0.490662008523941,0.5847228169441223,0.0990990921854972,0.4542977511882782,-0.5019312500953674,-0.4525839984416961,-0.9553918242454528,-0.3081034123897552,-0.4120027124881744,1.0101089477539062,0.106171153485775,0.5920789241790771,-0.5466233491897583,0.0369764156639575,-0.2334018349647522,-0.4807859659194946,0.0340243764221668,-0.00066391605651,0.1705408543348312,-0.5426018834114075,0.0597610399127006,-0.0566765144467353,-0.5716797709465027,0.5897325873374939,0.2156503498554229,-0.5519767999649048,0.214102029800415,0.3325624465942383,0.4883544743061065,-0.3271539509296417,-0.004443631041795,0.028824022039771,-0.4150506258010864,0.4931075572967529,0.598717451095581,-0.0168216433376073,0.0082954056560993,-0.4523566663265228,0.1862673312425613,0.4561715424060821,0.0995494574308395,0.5674883723258972,-0.1299070566892624,0.3055258095264435,-0.393447607755661,-0.5910243988037109,-0.1656953394412994,0.5245293974876404,-0.0361129119992256,-0.2305850982666015,0.520514965057373,0.812446653842926,-0.4471359252929687,-0.2025977224111557,0.5878554582595825,0.5430659055709839,0.5173218250274658,-0.1239184811711311,-0.0395412445068359,-0.1178594082593917,0.3187896609306335,0.1799277663230896,0.0406401194632053,0.0795059874653816,-0.3792600333690643,0.1649370342493057,0.0250375401228666,-0.0221073124557733,0.0572055093944072,-0.1905837059020996,-0.2511022388935089,-0.0188268590718507,-0.090795986354351,0.9667328000068665,-0.0944556295871734,-0.0823743417859077,-0.1619880199432373,0.0251872967928648,0.7463778853416443,0.3581504225730896,0.5912224054336548,-0.2392962276935577,-0.158086210489273,-1.1010819673538208,0.1275637000799179,0.313126653432846,0.2486414015293121,0.4778515994548797,-0.5838837027549744,-0.4259118437767029,0.1567355543375015,-0.0280694551765918,0.2171958833932876,-0.3518778383731842,-0.3050165474414825,-0.0396391414105892,-0.1147433742880821,-0.6355258226394653,0.1865203827619552,0.0695757940411567,0.2216122150421142,-0.2658445537090301,-0.1083803921937942,0.0552495196461677,0.7241560816764832,0.0491474531590938,-0.1668150871992111,0.4289432168006897,-0.5209513902664185,-0.3094995319843292,-0.2502380311489105,0.4035990536212921,-0.1378433555364608,-0.2864646017551422,-0.1820030808448791,-0.2839915752410888,-0.1860846579074859,0.1142166927456855,0.7544969916343689,0.3308906853199005,-0.4474155604839325,-0.2436137497425079,-0.6800034046173096,0.1107430011034011,-0.0449113100767135,-0.2781331539154053,-0.1667873561382293,0.0878268927335739,0.1511742919683456,-0.0381850898265838,-0.4347122609615326,-0.9467491507530212,0.2705251574516296,0.0103676039725542,-0.0074499985203146,-0.5324368476867676,-0.2000237107276916,0.1846408545970916,-0.1127865463495254,-0.0611799508333206,-1.416852951049805,0.2163655906915664,0.2854018211364746,0.474258691072464,-0.5205056667327881,-0.1401354521512985,-0.3134582340717315,0.079124741256237,-0.0675518810749054,-0.3643983602523803,0.2236636132001876,-10.126229286193848,-0.5954090356826782,-0.2013663649559021,0.1831450760364532,-0.6076692938804626,-0.0956417769193649,0.7921034097671509,0.413495659828186,-0.7086025476455688,0.2050848752260208,0.0776176750659942,-0.0283153001219034,0.3393615484237671,0.749784529209137,-0.4074761271476745,0.0213155783712863,-0.1998467445373535,0.0702861994504928,0.0554596148431301,0.2280466705560684,-0.0689334645867347,-0.4802581667900085,0.7317725419998169,0.0283301267772912,-0.0139087084680795,-0.2485344260931015,-0.0482468679547309,-0.0003126022929791,-0.2205953449010849,0.558956503868103,-0.9520581364631652,0.6147222518920898,0.0145301884040236,0.0522126071155071,-0.5024722814559937,-0.1647526025772094,0.0200219843536615,0.3842663764953613,-0.5653843879699707,0.1704603135585785,-0.1715089976787567,0.7515622973442078,-0.0378189496695995,0.3845742642879486,0.2855170965194702,0.2306790500879287,0.3776623606681824,0.3391391634941101,0.4178454279899597,-0.1351577639579773,0.1267131716012954,-0.8318745493888855,0.7936612963676453,-0.3537940979003906,0.0752086713910102,0.0817460492253303,0.5929507613182068,-0.4896476566791534,0.2425201833248138,0.0449772663414478,0.5130683183670044,0.2265548110008239,0.5212042927742004,0.771906316280365,-0.0512834563851356,0.0863157957792282,0.1183015257120132,0.1627729535102844,-0.6374534368515015,-0.1275700479745865,0.4738827049732208,0.3821472823619842,-0.1575829535722732,0.3601088225841522,-0.1020923852920532,0.0407757274806499,0.1951898038387298,0.284396082162857,0.6152212619781494,-0.1505789905786514,0.5937989950180054,-0.6158877611160278,0.3322451710700989,0.316054105758667,-0.8139500021934509,0.3925434052944183,-0.1298147588968277,0.0886130779981613,0.3968512415885925,-0.6393334865570068,0.7390257716178894,0.8232161402702332,-0.4749906957149505,0.1071046143770217,0.4608772695064544,-0.3346630036830902,0.1829065084457397,-0.0594441927969455,0.5927159786224365,-0.0158273372799158,-0.7400484,-0.70497787,0.614463,1.0486969,-0.7205862,-0.82165444,-1.4397011,0.5194303,1.5372698,0.23810962,0.36608776,0.0734948,-1.7468842,2.2382324,-0.45540094,0.0062896227,0.9272176,-1.0562878,0.3999907,-0.6016994,0.49685833,0.2908438,0.47886044,-0.89544326,0.7690619,0.988882,0.31831864,-0.68806,-0.8871012,-0.9806593,0.3217264,-0.6493799,-1.1386169,-0.24795565,-0.10519798,-0.9763728,-0.86617106,1.0485021,0.07983773,-0.3560712,-1.0525631,0.5220013,0.12108469,-0.13556361,-1.0452014,-0.17971931,1.9281224,-0.533229,0.8331222,-0.6432063,-0.64697546,-0.24923362,0.7138857,1.3792695,0.55417454,0.0012074539,0.7856204,0.60831386,-0.22690377,-0.2822823,0.77671057,0.64316624,-0.8272043,-0.34887248,0.12053936,0.7234811,0.15492402,0.17344907,-0.0032246113,-0.0049561155,-2.327724,-1.0518174,-0.03844932,1.2741635,-1.7306273,0.498813,-0.00281924,-0.49854448,0.26326293,-0.7933246,0.08248342,0.30788365,-0.9318382,1.2687024,-0.8017457,-1.305112,-0.62534565,-0.39588833,-1.1582851,-0.3658239,-0.43426982,-1.7599943,-1.4284867,-1.5213934,1.5612915,-0.12495092,-0.7807952,-1.02418,-1.2162012,0.19521812,0.014019496,1.661082,-0.07863898,-0.33389798,-0.8529776,0.04038208,-0.4079208,0.10521896,-0.25356027,0.87210137,-0.013522676,0.21694215,0.69598514,1.7701368,1.2087936,0.81479156,-1.4520577,-0.58992535,-0.8441353,0.20634897,0.99868006,0.69672537,-1.0093892,0.40060693,0.11703445,0.9925825,0.35840663,-0.59793854,0.32222065,0.1953301,1.0409664,-0.12514086,2.2748947,1.0320841,-1.0290306,-0.6520794,-0.23878519,0.3725989,0.51976395,-1.2612349,-0.8091636,-0.07203404,-0.47644138,-0.21447103,0.5799673,-1.3359299,0.51931494,0.63589543,1.1894747,0.2709896,-0.44913867,-0.24028572,-1.3838414,0.7510767,1.1141027,0.16894738,-0.13948233,0.13829431,-1.451565,0.71790874,-0.11662928,0.8907932,-0.58063155,0.63696855,-0.114832364,0.4895296,-0.65023816,0.4935047,-1.0697746,-2.306568,-0.3833473,0.41149113,0.32526535,0.17819807,0.5229816,-0.08491521,0.14905748,0.40675673,-1.1685431,-0.23094212,0.9510194,0.98923266,0.005728696,1.3961419,-0.19835658,0.43378693,0.6327306,0.6153235,0.82883275,0.036552936,0.92906904,-0.7920607,0.6597176,1.3752664,0.2776248,2.8060772,0.695892,-1.3145493,-0.9390426,0.9671713,-2.445696,-0.42892936,1.0098515,-1.2809852,0.7867031,-1.0051129,-0.79009265,1.9828645,0.38134083,0.1953733,-1.337988,-1.3969282,0.90841275,0.76194054,-0.7031679,-0.36046863,-0.9702286,0.48984903,-0.2780868,-0.09638344,0.82264155,0.23280005,0.17137694,1.1559323,-1.2773552,0.5593298,0.060333703,0.44981137,0.3285473,0.98222476,-1.2347012,0.4330798,0.37786123,-0.10157402,-0.70379174,0.30004248,-0.26796028,0.6592416,-0.37196168,0.41244474,0.59209096,-0.065893635,-0.057089213,0.10481577,0.83727753,0.58416086,1.3997489,0.027479742,-1.9773066,-0.53508955,0.1379423,0.670548,0.18006815,0.21234407,0.7386587,1.2805692,-0.7137869,0.0246361,-0.888001,-0.6158008,-0.04609594,0.4398024,0.2883204,0.18940602,0.1897388,-0.74145573,-0.6732188,0.42053208,0.28105882,-1.0561883,-1.2403811,-0.6076535,-0.5906729,0.37049872,0.5450709,0.48592386,-1.084562,-0.48331377,-1.0038286,0.24598658,0.72151375,-1.4567612,-0.40095276,-0.17246832,-0.7388102,0.97959274,0.35056892,-0.08510458,-0.097853474,0.45708498,-1.6180159,0.8970393,0.39341995,0.46052912,1.7561728,0.24318726,1.0925268,-1.188584,0.33483866,-0.72821873,0.43379134,0.854593,-1.420262,1.0357798,-0.16297972,-0.013245912,1.1963768,-0.7909889,-0.20732196,-0.47199726,0.08864313,-0.35797763,-0.96583146,1.8752592,-2.4448166,1.008612,-1.7870258,-0.54698807,-0.6602208,-0.6784533,-1.0163299,0.1578158,0.2657947,-0.004392787,0.62427086,0.1386232,0.0761175,0.4654313,-0.11329145,0.9500724,-0.21701835,0.36576295,-0.8308993,-1.250088,-0.15729854,0.19318028,-1.5775921,-1.455251,-1.5166963,-0.6204639,0.25357866,-0.22476721,-0.048372526,0.65991163,0.06984776,0.50595194,-1.006808,-0.40391177,0.09006458,-0.63669,1.5227093,-0.14977574,1.8797591,-0.7961903,-0.31845263,0.57567155,-1.1768911,-0.2660938,-0.32342666,1.8806925,0.40129218,0.66819674,0.8023856,0.53346914,-0.3177146,-0.7240419,1.3754274,0.46064138,2.1326232,0.40738842,-0.37988427,1.466181,0.43167636,0.6640981,-0.32179418,-0.14669704,1.6003275,-0.16913345,-0.22812097,-0.2920224,0.018063469,0.13770784,-0.21638097,0.6030373,0.11590035,-0.044583697,0.96280897,0.7102047,-0.91754377,-1.0481205,-0.66155976,1.1219118,1.1309088,1.5010365,1.6975181,-0.41519612,-0.6883379,-1.7604237,0.24338557,1.0755273,0.40448448,0.68672353,-1.2174222,0.31806007,0.74225223,0.4492526,-1.2775306,-1.5151144,1.8020732,0.0065673506,0.57360786,1.6141447,-0.9865061,-1.306528,-0.7917422,0.49772665,0.18635552,-1.2546688,-0.84362745,0.62083906,-0.2340596,1.0699728,0.9143859,0.35123077,0.17197786,-0.5453521,0.6305353,0.43052882,-0.79214,-0.16183126,0.0231554,0.23571552,-1.3210536,-0.9059623,0.3915689,-1.3779489,0.60188663,-0.52957296,-0.08944171,-0.351543,-0.69698894,-0.941641,-0.9370831,-0.18731275,-1.156449,-0.19611076,1.3901436,-1.2497908,-1.2018471,0.59148115,1.2201912,-0.4809335,0.54725707,0.1482933,-0.0033406275,0.62553394,-0.3155379,-0.15178509,-0.06472682,-0.28074637,-0.42595574,-0.43263364,-1.1908337,-0.3816986,0.32094756,-1.0595437,-1.5510314,1.005049,1.1362072,-1.552641,-0.49803686,0.13198702,-0.62749416,0.26348618,0.8372635,0.27981406,-0.1309589,-0.64891994,0.03157502,0.21763226,0.75176936,-0.5754251,-0.25108305,0.40182886,-0.106472254,0.32732096,1.6666791,0.28744283,1.0407633,1.1120099,0.52245045,0.25561434,0.9449882,-0.29619437,0.18407467,0.94535846,-1.3228416,-0.81041247,1.6728909,-0.37916034,-0.74006176,0.07892471,0.8334798,-0.5423252,-0.30318096,-0.12520908,0.94538707,1.1742811,1.1346713,1.8753394,-0.2182168,-0.09159783,-0.6415831,0.53615314,-1.642722,-0.18384168,0.06762124,0.19729045,2.0709574,-0.7090228,0.16479738,0.8536617,-0.70937264,-1.2698017,0.3358999,0.38426042,-0.76655275,-0.91113186,0.50591,-1.338005,0.23039226,-1.5509884,-0.5734997,0.5793112,0.94456583,-0.5469878,-0.36454576,0.7402329,0.21937153,-1.204758,0.06144757,1.0853481,1.873588,-0.4186429,-0.9795168,0.51286185,-0.11443225,-1.2833155,-0.265636,-1.105306,-0.6303132,0.7672333,-0.49623653,-0.064283825,-0.41897583,-0.7202931,1.6272707,-0.112562,-0.4107698,0.6751326,-0.66459095,1.3802319,-0.25539526,-0.31937003,1.1152102,0.77091134,-1.6779358,0.041876554,-1.5323821,0.91062325,-0.67186916,1.005663,1.1972516,1.0316962,-0.52741975,1.0984758,-0.48591968,-0.2913887,-0.40189376,0.2576523,-0.5191099,0.38948506,-1.7656933,1.3243303,-0.7928763,-1.0012354,0.035417672,0.5905895,-0.2486559,-0.1755135,-0.7321919,0.25999692,0.6337325,-1.3573581,0.9229604,2.104758,-0.47036773,-0.930354,0.2636653,0.57141584,-0.6194318,-0.15573968,2.5006077,0.23521419,0.4585168,-1.4016441,-0.8899795,0.5281853,-0.45242172,-1.1084806,-0.14978676,-0.37264952,-0.13945983,-0.08085091,-0.115878545,0.5848748,-1.0663687,0.45756218,0.62000465,-1.0910889,0.055507895,-0.065719284,-0.4072636,-1.095564,-1.4480878,0.49910212,0.38289008,-0.69117135,0.539252,0.6794639,1.6893103,0.7682986,-0.5171402,-0.852479,1.0813787,1.0121578,0.7400506,-0.83449775,-1.5228584,0.5401789,1.2098703,-0.47550544,0.39538118,-0.11233827,-0.23904984,-2.02375,1.55819,0.323918,0.49636957,1.3740623,0.41195843,-0.10562984,0.6458228,-0.06300976,-0.03914303,-0.1588697,-0.802904,0.12261134,0.25026464,-0.87958586,-0.22176027,-0.81560695,-0.20914078,-0.33534625,0.2628254,-0.9933371,0.6169535,-0.04613402,0.6301235,0.5166076,0.16173673,-1.2558106,-0.49399737,-0.9787565,1.5692427,1.0611527,-0.18733661,-1.0067883,-0.172412,1.7910789,0.8770417,-0.45072946,0.065466784,0.24292867,-0.608157,-0.14805003,-1.5647948,-0.59905905,0.54426605,1.0053192,-0.9014879,1.3068054,-1.9725583,0.80436105,0.08920369,-1.2931026,-0.09920343,0.0067882026,-0.26983795,1.8653448,1.4030931,-0.27336845,-0.11684007,0.6211365,1.1352564,-0.098830886,-0.5865235,-1.8700505,0.7638032,0.94164735,0.5026238,-1.0621742,-0.15436257,0.5157626,-0.27080762,1.1928355,-0.65133137,-0.37499455,-0.3999531,-0.32463455,-0.9547978,-0.573743,-0.60091966,-0.056994643,-1.2410709,0.29167968,-0.52370846,-0.7035945,0.2070718,-0.8542219,0.2583042,0.041407116,1.3360413,0.5765857,0.5331634,0.4614375,-0.3728655,-0.61688745,-0.7182787,-0.9196321,1.0083622,-0.6051617,0.45654288,0.32673666,0.9657253,1.2433965,0.7072085,-1.5925783,0.6302376,0.05132378,0.4821541,-0.258615,-1.0526284,-0.42193076,0.238742,0.24846236,0.7325201,-1.767329,-0.37274155,-0.15396394,0.680521,0.043561894,1.2811869,0.33453128,0.26353934,1.4120864,1.0907981,0.018299846,-1.0563344,-0.8475241,0.78120106,2.002421,-0.8166577,-0.43496087,-1.6754335,0.16982801,1.0689508,-0.502115,0.026958883,0.31106207,-1.2595618,1.9142272,-0.8025424,-0.2223843,1.0601342,-0.6404684,0.71477705,-0.30762294,0.72916967,0.5228552,1.1611198,-0.6896057,0.4605475,0.8011551,0.5644866,-0.519229,-0.34366754,-0.6622749,0.10243229,-1.0181206,-0.70220757,-1.076905,0.17547418,-0.82921356,-1.2299904,1.129161,0.3334519,-0.51280725,-0.94559944,0.57564205,-0.57772654,0.05851823,-0.4887155,0.014464557,1.2657166,-0.30908248,0.52133167,-0.60217285,-0.8207607,-0.37636575,0.44496486,0.645616,0.8036997,-0.011197416,0.7984081,0.7052746,0.23330215,-0.5694436,0.49549058,1.0764892,-0.8131889,0.37423387,0.7882401,1.380778,0.18314569,-0.26740485,-0.63364166,-0.83350235,-2.5805,-0.15337412,0.4477984,0.8443982,-1.2317542,0.5505344,0.39495358,-0.015108481,0.0327918,0.5615598,-0.07421039,0.1403821,-0.92047447,1.4290265,-0.5919141,-0.73876363,-0.52097523,0.31968912,-1.5140785,0.33475015,0.3528799,-1.4677263,-2.0755074,-1.0381769,0.340539,0.019844452,-0.628357,-0.43538588,-1.1235468,-0.3108193,0.23095348,1.0951004,0.12926523,-0.42695412,-1.3225428,-0.0914673,-0.7902463,-0.5888054,-0.7246499,0.68081415,-0.13917497,0.89809036,0.40216097,1.3287381,0.60589164,0.8098298,-0.44288322,-0.70572317,-0.45190448,-0.16628161,1.3879699,-0.29356688,-1.0877752,0.23220655,0.694194,1.1802117,0.14457914,-0.72111356,0.53803295,-0.5322296,0.75849515,-0.7982894,2.1395566,1.1684818,-0.6952458,-0.55429894,-0.7350481,0.15467222,0.18296573,-0.7170809,-0.70748836,-0.025110569,-0.44480988,0.05962308,0.4201383,-1.4168876,0.05107937,1.0556915,1.0858357,0.38202634,0.20259336,-0.46561432,-0.94125944,0.6346096,1.1122833,-0.060336318,0.044597823,-0.064778216,-1.7566675,1.3839514,0.42284414,0.987292,-0.9656514,0.037414074,-0.000837226,0.5869822,-0.34553036,0.8507137,-0.43771002,-2.3114612,-0.46787328,0.19517662,0.67815834,0.071913734,0.06958385,-0.20440602,0.56653976,-0.16215618,-0.82186323,0.47374246,0.37208074,0.8507256,0.51213247,0.96617496,-0.5321701,1.0995094,0.75023115,0.4647045,-0.17927276,0.41652966,1.0448109,-0.81781,1.3268929,0.9326181,1.3885202,2.7063286,0.579268,-1.4551489,-1.3949178,1.02236,-1.8338387,-0.33055043,0.35649967,-0.79580194,1.7739521,-0.67476845,-0.71409595,1.8878194,0.058806565,0.08255712,-1.5746237,-1.3518455,0.7981016,0.34219244,-0.63343674,-0.32525656,-0.93940747,0.2683266,-0.42476696,-0.90660465,0.36914754,0.14736949,1.03845,1.7977724,-1.2261341,0.5194489,0.5878871,0.39664707,0.52881795,0.43458202,-1.2738339,0.4320858,0.6676216,-0.58126605,-0.6630338,0.3791926,-0.5876574,0.8923005,-0.33462432,-0.046571366,0.08724161,-0.8269596,0.18263224,-0.5749735,0.74732536,0.88025916,1.9170548,0.3778844,-1.1530321,0.07566458,0.71315485,0.80685866,0.7360806,-0.08371829,1.2713367,0.23148979,-0.7172052,-0.06923735,-0.33731624,-0.2594855,-0.4649422,0.878251,-0.31107092,1.0811337,0.44578865,-1.0777557,-0.7011156,-0.28607824,0.00026684575,-1.3473264,-0.70778894,-0.60594404,-1.2148554,-0.08537944,0.1251411,0.18054768,-0.94582313,-0.12750413,-0.9239562,-0.36755154,1.0388478,-1.170463,-0.6144602,0.47525233,-0.41909954,0.7058788,-0.80986065,0.19084942,0.26093096,0.5259871,-1.5959432,1.0621827,0.30227974,0.8547755,0.87389666,0.43913075,1.0443976,-0.23490116,0.33430976,-1.3137411,0.54073447,0.7969119,-1.6290941,0.19412735,-0.22258438,-0.50053304,0.42204046,-1.657692,-0.21552633,0.06417961,0.6820845,0.0368852,-1.3253795,1.5407016,-1.462634,1.3253392,-1.7676458,0.11460147,-0.38657206,-0.41634175,-1.4923388,1.1623663,0.35276827,0.70720863,0.49378347,0.36461332,-0.03683337,0.42756316,0.5050378,0.99053395,-0.38635084,1.1923386,-0.6556678,-1.5726767,0.64024395,0.8011384,-1.0934178,-1.6251906,-1.5194454,-0.47901616,0.8397222,0.122225024,0.1947471,0.9405099,-0.21405296,0.67515457,-0.8604828,0.28742525,-0.01526595,-0.5739309,1.572159,-0.034352686,1.5350206,-0.84239006,-0.66654634,0.92492807,-2.0457585,-0.45196766,-0.8087372,1.5483539,0.8800854,-0.18418409,0.021876505,0.43578622,-0.86598474,0.0072666877,0.63094294,-0.05865729,1.5310402,0.98880774,-0.12888727,1.7626235,0.14069526,0.84019774,-0.9955236,-0.68576306,1.8473598,-0.16415896,-0.2516267,-0.5696277,-0.3640654,-0.37150407,0.5051834,0.57904214,-0.15329969,-0.10424832,1.1509525,0.7467025,-1.5108044,-1.0758765,-0.7673668,0.18813078,0.9581356,1.5430266,1.4379224,-0.100129195,-0.676939,-2.1464932,-0.11349251,0.51259416,-0.17921805,0.47940865,-1.5278318,0.17150834,0.073866114,-0.37399116,-1.1879711,-1.933206,1.4925278,0.25888008,-0.21439965,1.5250505,-0.32760733,-1.2688787,-0.18988721,1.3036216,0.23792079,-1.356309,-0.81327295,0.90719354,-0.56158406,0.9716897,0.36671147,0.6185723,0.024768727,-0.020780457,0.8146831,0.35876575,-1.0475335,-0.7862697,-0.23000287,0.5528378,-1.4267409,-0.600072,0.5949421,-2.4087033,0.78909653,-0.5444771,-0.65083164,-0.026462516,-0.4811085,-0.58293265,-0.86812454,-0.16771118,-1.0684007,-1.4723593,-0.058996655,-1.0413474,-1.7036775,1.389269,1.652239,-1.1441544,0.29031315,0.6191236,0.3714292,0.56312597,-0.48178124,-0.52020967,0.42912826,-0.68945915,0.0070984727,-0.33685985,-1.3939122,-0.901813,-0.1444139,-1.3617877,-1.3245361,1.009001,1.6266448,-1.840988,-0.715115,0.30376706,-0.7712898,0.6461726,0.5047805,-0.15221135,-0.008964335,-0.5765077,-0.20473883,-0.026007997,0.90544266,0.22541544,-0.325229,0.7315308,0.4221873,0.09563457,1.5405095,0.53698057,0.6152105,0.8954506,0.44833398,-0.26900798,0.707912,0.05415458,-0.24909635,0.85473883,-2.0233562,-0.4640739,1.5451611,-0.7330326,-1.2370577,-0.23590922,0.062134903,-0.18511836,0.096022,0.47986454,1.5122995,1.4537886,0.73139435,1.8650948,-0.7335586,-0.6091997,-0.15241234,-0.08382338,-0.8426105,-0.8836869,0.4963402,1.0468167,2.8012927,-0.5421642,-0.19536684,0.8809051,-0.7272256,-1.0651513,0.7561883,0.39127213,-0.5437962,-0.24143781,0.29737487,-0.9740759,0.45961124,-1.9769324,-0.12651813,0.68096846,0.6782605,-0.808072,0.41362053,-0.02367374,0.40491298,-1.0442545,0.8758171,1.8374472,1.3698896,-0.4994844,-1.2882081,0.74238867,-0.36804006,-1.4795324,0.36357197,-0.4461085,-0.45513386,0.1441864,-0.72347313,-0.008037099,-0.8422375,0.08825863,1.2482382,-0.0890099,-0.21986817,0.15870103,-0.77066904,1.7737113,-1.0186837,-0.31949037,0.90203583,0.92015034,-1.6371267,0.30425456,-1.2107198,-0.29266855,-0.79204834,0.18083072,0.97977793,0.51785034,-0.683401,1.4203707,-0.14327121,-0.7821992,0.32884094,0.6301158,0.18605486,0.52051646,-2.2713637,0.7924954,-1.1606312,-1.5739869,0.0047967606,1.0727594,-0.38336274,-0.17067325,-0.12881744,0.6596512,0.417875,-0.8088743,1.1920372,1.8920797,-1.035819,-0.56484956,1.1882441,0.5883016,-0.3446857,-0.23229839,2.4216962,0.4803656,1.2543558,-1.0152644,-0.50336903,-0.37597606,-0.023340791,-0.5437509,-0.38092533,-1.2410604,-0.11587913,0.82468826,-0.47032788,0.3571197,-1.3170136,-0.22108679,0.82507855,-1.0411671,0.062794216,0.85095745,-0.5594132,-1.6213969,-1.475392,0.5500058,0.8221346,-0.22581784,-0.23073433,0.8795654,1.3921216,1.1916076,-0.62003887,-0.6303147,0.3677914,0.6769336,1.0824181,-0.915079,-0.9180028,1.1559218,1.0190845,-1.3919765,0.9067516,-0.7289342,-0.60180855,-1.5073534,1.4519904,0.62455606,-0.26629934,0.98785913,0.52539515,-0.12752055,0.66290146,-0.4244523,0.0029413847,-0.3299465,-0.5575647,0.11966809,-0.28680563,-0.865032,0.09371494,-1.0837772,0.2566067,-0.4457409,1.1818724,-1.4301487,-0.06073371,0.31320015,0.40807635,0.4151902,-0.39033487,0.19902284,-0.30062702,-0.82295763,1.8753873,0.67430913,-0.68984187,-1.36114,0.30517468,0.5191801,0.52032214,-0.3690269,0.12054896,0.40253264,-1.0274074,-0.08731513,-1.1446644,-0.72365767,0.12910298,1.283289,-0.812875,1.1617472,-0.98062915,0.91189235,0.03590778,-1.2283775,0.12064,-0.058627535,-0.766117,1.754377,1.0520533,0.27959746,-0.2014519,1.1835606,0.79756343,-0.25246003,-0.59141153,-1.7177254,0.5354381,1.2762955,0.28040925,-1.1557611,-0.07327501,0.6939479,0.10265744,1.5853299,-0.6184297,-0.47101384,-0.6315796,-0.41616374,-0.50212604,-0.09674015,-0.83379644,0.17382567,-0.9743341,0.054051578,-0.29495743,-0.28712505,0.53739053,-0.8752012,0.09813074,0.23433603,1.1623801,0.98758096,0.9435573,0.6943034,-0.8575544,0.29090697,-0.8150054,-0.86052245,0.7802744,-0.6879233,0.6308795,0.1821543,0.66466826,1.7373246,0.72632086,-0.39134064,0.2408612,0.069352455,-0.08140313,0.29867724,-0.81446,-0.13648513,0.5147476,0.23602568,0.022462947,-1.2863659,-0.43822953,-0.20463948,0.3442264,0.49640507,0.543391,-0.13027667,0.26973137,1.5664394,0.3161916,-0.79879093,1.0
ン,0.0031761368736624,-0.0607978403568267,0.0868006199598312,-0.661807656288147,0.0111189065501093,0.3265124261379242,0.1916644126176834,-0.4045667350292206,-0.4292081892490387,-0.4083045125007629,0.5463610291481018,0.2070582807064056,-0.3826923966407776,0.0625517517328262,0.7951143980026245,-0.442884236574173,0.3125962615013122,0.3438512980937958,-0.0523972958326339,0.0517843142151832,0.0978624746203422,-0.5571790337562561,-0.2747199833393097,0.0472691729664802,-0.0459600277245044,-0.3686332702636719,0.2244462519884109,-0.082312487065792,0.0983265489339828,-0.2376643419265747,0.1591430008411407,-0.4425821006298065,-0.0801399499177932,-0.2665002346038818,-0.0309830289334058,0.0108848055824637,-0.0690804943442344,0.2679064273834228,0.2063704431056976,0.1932753026485443,0.1479707956314087,0.0076370746828615,0.1948626637458801,-0.1712042689323425,-0.0528566688299179,0.1627152562141418,-0.0894470736384391,0.1004108041524887,0.591101348400116,-0.2889629006385803,0.1374229490756988,0.5501917600631714,0.4750784933567047,0.1716260015964508,-0.0601437613368034,0.3185002207756042,0.8224498629570007,-0.557417631149292,-0.1149771809577941,0.1276140511035919,-0.5706307291984558,0.2014473527669906,-0.3595708608627319,0.2332155704498291,-0.2315685451030731,0.1064353063702583,0.0359065234661102,-0.1417602002620697,-0.3781137466430664,-0.3540096879005432,-0.0274864323437213,0.402396023273468,-0.6046552658081055,-0.3359215855598449,0.5048612952232361,-0.1393412053585052,0.3976526856422424,-0.1794541180133819,0.0227434691041708,0.1814790219068527,-0.1187740936875343,0.2268717288970947,-0.0903581604361534,-0.6762161254882812,0.0569993667304515,0.0246051810681819,-0.2300129532814026,-0.5120596289634705,0.1248785406351089,-0.4493535459041595,-0.1133277118206024,-0.2073936313390731,0.3074301481246948,0.0145306037738919,-0.1841437220573425,0.1837277859449386,-0.0620439946651458,-0.2285856008529663,-0.0833185613155365,-0.0128377340734004,-0.4649055302143097,0.2861506342887878,0.1150683984160423,0.1076434478163719,0.0551507472991943,0.1075687184929847,-0.1809568107128143,0.3812497854232788,-0.139119878411293,0.4462940990924835,0.2862721383571625,-0.2635545432567596,-0.2679628133773803,0.0520831122994422,-0.1249072924256324,0.0026477477513253,0.0267717316746711,0.2469020783901214,0.0302001107484102,0.3710814416408539,-0.1098586171865463,0.4699374139308929,0.0058718807995319,-0.0616717003285884,-0.2280991375446319,-0.1406721770763397,0.0704468786716461,-0.3091879487037658,-0.0072021726518869,-0.3812822103500366,0.1617260724306106,-0.0414503291249275,-0.5856931209564209,0.2547442615032196,-0.1138062626123428,0.4811491072177887,0.130574569106102,0.0783994868397712,-0.391741931438446,-0.5688015818595886,-0.0319120548665523,-0.2438270598649978,0.3643069565296173,0.0948860645294189,-0.1718646436929702,0.2716177403926849,0.3198012709617615,0.1311369985342025,0.7376388907432556,0.5044369697570801,-0.2001553475856781,0.7393048405647278,-0.4966245889663696,-0.0050921100191771,0.2593344748020172,-0.1624211370944976,-0.4992667436599731,0.4151813089847564,-0.1086982414126396,0.6080097556114197,0.1552628129720688,-0.3181414604187011,0.2967957556247711,0.8420257568359375,0.1295166760683059,0.7175630331039429,0.3213450014591217,0.4221847653388977,0.605125904083252,0.5966471433639526,-0.1656567007303238,0.5463995337486267,0.3133746683597564,-0.3287399113178253,0.2963298261165619,0.005749715026468,0.0374555811285972,0.5076952576637268,0.1681631803512573,-0.9266054034233092,-0.1957228630781173,0.1941849142313003,0.052257839590311,-0.4191427528858185,0.7755953073501587,0.0066946446895599,0.5302921533584595,0.2605101466178894,-0.0696816518902778,-0.184170588850975,-0.0372766554355621,-0.0098567195236682,0.2622301578521728,-0.4053263068199157,-0.5704964995384216,-0.1914510577917099,0.0944606438279151,0.0508277006447315,-0.4833554029464721,0.4180681705474853,0.3133998513221741,-0.036971129477024,-0.2730249464511871,-0.8953977227210999,-0.8142644166946411,-0.2519980072975158,-0.1531452983617782,0.2973617613315582,0.0147576453164219,0.0984799936413765,-0.2799798250198364,-0.3443861305713653,0.3409165143966675,0.0603276640176773,0.2964895069599151,-0.0570669658482074,-0.9990729689598083,0.0238197539001703,0.0489080734550952,-0.0346764251589775,0.1864619255065918,0.0158124044537544,0.2862429022789001,-0.5115312337875366,-0.2338037192821502,0.1353099048137664,0.1608468294143676,-0.2106554061174392,0.1547987461090088,0.5374172329902649,-0.066332496702671,-0.1900498867034912,-0.8293370604515076,0.2218030542135238,-0.0450445711612701,0.4054462313652038,-0.6599977016448975,0.6992177963256836,0.018104126676917,-0.002429557731375,0.5482659935951233,0.3278791010379791,0.1139019280672073,0.2349071204662323,-0.3641423285007477,0.3448559641838074,0.1526006162166595,-0.4325889348983764,-0.6531708836555481,-0.5379634499549866,-0.927617609500885,-0.3598898649215698,-0.0856102630496025,0.1103380993008613,0.4773735404014587,0.0974730402231216,0.2282249182462692,-0.4778967201709747,0.1223301813006401,-0.3653758764266968,-0.3753630220890045,-0.4723738431930542,-0.2525172531604767,0.0311940945684909,-0.1930955797433853,-0.2202931046485901,0.0085229333490133,-0.555094838142395,-0.7384956479072571,0.1608379185199737,0.0788786187767982,-0.3683903217315674,-0.4114533364772796,0.0641935840249061,-0.1213461458683013,-0.3295978009700775,-0.011258372105658,0.254391461610794,-0.3797242045402527,-0.0208807196468114,-0.6492891907691956,0.6138627529144287,-0.6307557225227356,-0.3399337232112884,-0.1044942960143089,0.0166841223835945,-0.1446605622768402,-0.4678792357444763,-0.1896993815898895,0.7635605931282043,0.2990688681602478,-0.138578861951828,-0.3641351163387298,-0.4979437291622162,-0.5783031582832336,0.4369446933269501,0.4176512956619262,0.1074473783373832,0.0878961756825447,0.402312695980072,0.5334050059318542,0.1978185474872589,0.2844682931900024,-0.1847484111785888,-0.2366843223571777,-0.2725338637828827,-0.1306344270706176,0.0627033412456512,0.4482207596302032,-0.305838406085968,-0.122567318379879,0.9938422441482544,-0.4593415260314941,-0.3654066920280456,0.7318883538246155,-0.0670155808329582,-1.3997195959091189,0.2089877426624298,0.4641358256340027,0.339649885892868,-0.481524795293808,0.7123547792434692,0.1878018230199813,0.5769309997558594,-0.2344101518392563,-0.4898486137390136,0.5672318339347839,-0.1247627809643745,-0.4136821627616882,0.4254004061222076,0.1543496400117874,-0.5032008290290833,-0.0087127489969134,-0.4590893089771271,-0.2126435190439224,0.4482419192790985,-0.1862764656543731,-0.0274078119546175,0.0112516330555081,-0.4013431370258331,-0.24400494992733,0.3090179860591888,-0.0148792658001184,-0.5374107956886292,-0.5534104108810425,-0.2894331514835357,0.3393507897853851,1.0581037998199463,0.144974336028099,0.6220086216926575,-0.4687284231185913,0.4528188407421112,0.3884975910186767,0.1073685884475708,0.5571797490119934,0.2764184772968292,-0.2424703538417816,-0.2158079594373703,0.5627112984657288,0.415305495262146,0.106074534356594,-0.0443860217928886,0.1336534172296524,0.0635653510689735,0.1826259046792984,-0.1055840924382209,0.6502776145935059,-0.141808420419693,0.3536523282527923,0.5146189332008362,0.2330994606018066,-0.0900570750236511,0.0781622529029846,-0.4576899111270904,0.1094290018081665,-0.8406364917755127,0.5045748353004456,-0.0283449869602918,-0.0218085329979658,-0.0520893447101116,-0.1031492948532104,-0.4371600151062011,-0.017949478700757,-0.1399894803762436,0.2675392627716064,-0.5081573128700256,-0.5338950753211975,0.1077740564942359,-0.0689213573932647,-0.283149242401123,0.171120136976242,0.3129028677940368,0.4287918210029602,-0.5326884388923645,-0.4094868898391723,0.7733538150787354,0.0162159632891416,-0.0072541129775345,0.5614296197891235,0.1175485625863075,-0.0760221034288406,-0.211329385638237,-0.4428883790969848,-0.2046450078487396,-0.7780249118804932,-0.3564236462116241,-0.4528417289257049,0.2160809636116027,0.2362763434648513,0.3225845992565155,-0.1116638481616973,-0.0470034219324588,0.0703728720545768,0.1373246610164642,-0.0632245987653732,-0.65218186378479,0.2310350388288498,-0.1592269390821457,0.5896809101104736,0.8067646026611328,0.1587326377630233,-0.2732491493225097,-0.1715768128633499,0.2116468995809555,0.2313543707132339,0.1230284571647644,-0.6485904455184937,0.0193797163665294,0.5927419066429138,-0.0951088666915893,-0.2243158966302871,0.1123715043067932,0.3114649355411529,0.461230456829071,-0.276660680770874,-0.382485032081604,-0.0353952907025814,0.3318245410919189,-0.0521954633295536,0.3872840106487274,0.0941041409969329,1.028633952140808,0.2518595159053802,-0.0752753987908363,0.2339671552181244,-0.3081791698932647,-0.0724743828177452,-0.2201147973537445,0.2931573987007141,0.1904922127723693,0.0927618965506553,0.5092480778694153,0.1100455299019813,-0.3637725114822387,-0.2760427296161651,-0.0828023701906204,0.3296189904212951,0.1685519069433212,0.0973466262221336,0.2866364419460296,-0.5149614810943604,-0.0037491263356059,-0.3459472954273224,-0.4577270150184631,-0.1330947428941726,0.1084762662649154,0.6005651950836182,0.1605362296104431,0.5439375638961792,-0.5331707000732422,-0.3257345259189605,-0.3711455166339874,-0.4540835320949554,-0.1340912729501724,-0.2620345950126648,0.2089841961860656,0.1866414099931717,0.1436269432306289,-0.4567202031612396,-0.3661319315433502,-0.0883623957633972,0.3650775253772735,0.0215740874409675,-1.0030871629714966,-0.4105854034423828,0.6311589479446411,-0.1848551332950592,-0.3698974549770355,0.1036599949002265,0.236632689833641,0.1726095229387283,-0.2160039544105529,-0.0213409829884767,-0.168961226940155,0.3041289746761322,-0.0161232110112905,0.4921342730522156,-0.09644266217947,-0.2044597864151001,-0.332964688539505,0.0566480383276939,-0.2578245103359222,-0.3340344727039337,-0.572498619556427,-0.3068805336952209,-0.0457549095153808,0.1794564574956894,0.1167832538485527,0.4510316550731659,-0.2446545511484146,0.4985246956348419,0.031571552157402,0.1467853039503097,-0.0906953960657119,0.2868809998035431,-0.2875887453556061,-0.1965115219354629,-0.1932107657194137,0.5326632857322693,0.2681797444820404,0.3176998496055603,-0.2003336399793625,-0.5330439209938049,-0.1281498223543167,-0.2392009794712066,-0.519485592842102,0.5827149152755737,0.0900339633226394,0.5456182360649109,-0.1836076378822326,0.2240788340568542,-0.1907528638839721,-0.0015128852101042,-0.3930225670337677,-0.1054306253790855,-0.1078258082270622,-0.8340499997138977,-0.186623215675354,-0.3212255537509918,-0.4420482516288757,0.5200933218002319,0.2669086158275604,-0.6013787388801575,-0.3170128464698791,0.1425212919712066,-0.034273512661457,-0.4507310092449188,-0.0893237888813018,-0.5125720500946045,0.1827784180641174,0.487899512052536,0.4282651841640472,0.4144729077816009,-0.2689167261123657,-0.6819618940353394,0.1487437039613723,0.7066802978515625,0.1276256442070007,0.2586115002632141,0.1338995993137359,-0.0630201920866966,0.0068775373511016,-0.3611669242382049,0.5995979905128479,0.3284713923931122,0.6112343668937683,-0.1593673080205917,0.5796571373939514,0.5704997777938843,-0.2039690464735031,0.27096688747406,0.9044501185417176,0.39722540974617,0.6367554068565369,-0.0577708259224891,0.036823458969593,-0.5470572113990784,0.2953176200389862,-0.2784082591533661,0.2505327463150024,0.2955975830554962,-0.3873145580291748,-0.0106711722910404,-0.4470608234405517,0.0582158118486404,0.3540639281272888,-0.2572919130325317,0.0640492439270019,-0.1530279666185379,-0.5277718901634216,0.3817476332187652,-0.158414676785469,-0.0710591152310371,0.1840384602546692,-0.0350280739367008,0.4537293612957001,0.528607189655304,0.2899109721183777,-0.0413019880652427,0.2188134342432022,-0.6566449999809265,0.0871488004922866,-0.4678245782852173,0.2556524276733398,0.8074514269828796,0.1066321358084678,-0.7058013081550598,0.1147244274616241,0.7123931646347046,-0.3560422956943512,0.0612720251083374,-1.0915507078170776,-0.1837315112352371,-0.1110924184322357,0.1160295903682708,0.1151471585035324,-0.1754621565341949,0.4969201385974884,-0.3079700171947479,-0.1208853498101234,-0.2617020308971405,0.7547056078910828,0.0675808936357498,-0.2036011964082718,-0.0834806710481643,0.0529114045202732,-0.0520556680858135,0.2553771734237671,0.0519331432878971,-0.4064322412014007,0.1175331100821495,-0.0400002636015415,-0.2948659062385559,-0.0202174540609121,0.4066607654094696,0.1878072172403335,0.0256806910037994,0.2268457561731338,-0.0400772243738174,-0.8691291809082031,-0.2082367241382599,0.3324902355670929,-0.942822277545929,-0.0735208243131637,-0.1429763734340667,-0.1136432737112045,0.3548907041549682,-0.1476150751113891,-0.3494469225406647,0.015733528882265,-0.295113205909729,-0.0524454191327095,-0.1219716221094131,-0.5856705904006958,-0.0685122907161712,0.2011014968156814,-0.0997806042432785,-1.0749133825302124,0.1433800905942917,0.1807161569595337,0.3349646627902984,0.0505462624132633,0.51595139503479,0.2372927665710449,0.0397394374012947,0.4213206768035888,-0.229931965470314,0.179247185587883,-10.382081985473633,-0.4448930025100708,-0.3652932643890381,-0.183305487036705,-0.3692849576473236,0.4921149015426636,0.6921905279159546,0.3035148084163666,-0.2524159848690033,0.4128586649894714,-0.3018664121627807,0.2482895404100418,0.1434746235609054,0.9373087286949158,-0.4286087155342102,-0.1827657520771026,0.3007826209068298,0.082112118601799,0.0640494301915168,0.3107931613922119,-0.2130162268877029,-0.4070342779159546,0.6020965576171875,0.0759041309356689,-0.0683071687817573,-0.3665779531002044,-0.2489219903945922,0.2341049611568451,-0.1814572066068649,0.1103604510426521,-0.6091642379760742,0.5347440242767334,0.1003084331750869,0.3639244735240936,-0.7448790669441223,-0.2301767915487289,-0.0891357064247131,0.2333881556987762,0.3847591280937195,0.5595882534980774,-0.0836476907134056,0.6774351000785828,0.2649302184581756,-0.4228098094463348,0.853337287902832,-0.2344857007265091,0.3338377773761749,0.5192164182662964,0.2750162482261657,0.1354071348905563,-0.1363216787576675,-0.6438022255897522,0.0042162416502833,-0.4347541332244873,-0.1330995559692382,-0.1422829777002334,0.3304428160190582,-0.6977059245109558,0.0330822952091693,-0.1127327904105186,0.4786390364170074,-0.273013710975647,0.6636946201324463,-0.0587224513292312,-0.3250734508037567,-0.1605715006589889,0.0656867250800132,0.6946278810501099,-0.5975626111030579,-0.2920809686183929,0.5590290427207947,-0.2730327248573303,0.2166372835636139,0.4055890440940857,-0.4609197080135345,0.2656212449073791,-0.1926836967468261,-0.177279993891716,1.1196138858795166,0.0746123492717742,0.4504166543483734,-0.0480197295546531,-0.4257279634475708,0.1747554093599319,-1.0736651420593262,0.4939015209674835,-0.1731966435909271,0.1242589876055717,0.3955589532852173,-0.4195772707462311,0.582466721534729,0.0015246457187458,-0.3316822946071625,0.1182079017162323,0.481196790933609,0.0666705295443534,0.4595232307910919,0.0795234888792038,0.923289954662323,0.1367945075035095,-0.50701064,-0.6767096,1.0511042,1.5566221,-0.9360031,-0.13567807,-1.266084,0.021910327,0.9044436,-0.7177407,0.50115585,0.14841399,-1.2408845,2.2313352,-0.4018774,0.09355785,1.2625549,-0.48021537,0.13206086,-0.24036896,0.93501824,-0.07353477,0.8438581,-0.59440327,0.91107905,0.5808446,0.58462447,-0.6778695,-0.44000265,-0.625372,-0.122001484,-0.4459207,-0.7180853,-0.7217104,-0.034060486,-1.3384523,-1.0127541,1.2750653,0.09511973,-0.3123866,-0.88843834,0.40944102,-0.31136987,0.17318651,-0.8774644,-0.1707916,1.6419516,-0.34365433,0.62335813,-0.45677024,-0.58553416,-0.17294979,0.36400133,0.827721,0.66125274,-0.07751822,1.085753,0.88220626,-0.14756025,-0.13676137,0.5035722,1.0921496,-0.7153268,0.10462874,0.4601886,1.1460247,0.18792634,-0.16577768,-0.45517156,-0.3343622,-2.3422077,-0.5208246,0.17668791,1.0663555,-1.2123549,0.60599136,-0.02324514,-0.49325362,0.18061441,0.46126938,0.49806705,-0.22558218,-0.45802575,1.3131874,-0.6108882,-0.7997072,-0.48258707,-0.2498191,-1.3501636,0.078977846,0.32257602,-1.2614901,-1.0240242,-1.7073731,0.9909562,-0.31566742,-1.0783178,-0.50433874,-0.88501436,-0.13921896,0.0021916404,1.6972978,-0.33806974,-0.2784564,-0.8799288,-0.56275415,-0.7999519,-0.96954197,-0.75350267,0.66223687,-0.21226718,0.6471132,0.64019024,1.3517902,0.8495546,1.0221429,-1.0615823,-0.9592378,-0.51505005,0.15937346,1.5255523,-0.08957421,-0.9317921,0.48810607,0.3462127,1.3003759,0.020219587,-0.80076367,0.58199257,-0.5485808,0.96543837,-0.31746575,1.8030356,1.2789284,-1.478054,-0.34147167,-0.31923878,-0.0038828552,0.6507131,-0.9710194,-0.4750227,-0.28339908,-0.3102345,-0.25618958,0.22868297,-1.7416258,0.223578,0.94519717,1.2896364,0.2400554,-0.17944545,-0.30771336,-1.0083814,0.5445503,0.7346452,-0.3077612,-0.4100787,-0.22850347,-1.5553703,1.1882064,0.0013290569,1.3976953,-0.8299717,0.13928403,0.21288021,0.44703218,-0.39094064,0.41150907,-0.72971237,-2.2277977,-0.54714465,0.10479806,0.52355325,0.05133467,0.6560166,0.08809469,0.751216,0.30947408,-0.8205737,0.26380816,0.8544519,1.0587555,0.44703978,1.0649378,-0.45355704,0.78846204,0.39661717,0.70142657,0.7507125,0.26695865,0.76303446,-0.5491801,0.85616344,0.99604654,1.1505238,2.5466094,0.6354381,-1.5361445,-1.2173902,0.9010908,-2.2090147,0.14297232,1.0035622,-0.37151122,1.5810156,-0.60904896,-1.3483976,1.9181852,0.29729962,-0.17238718,-1.4408852,-1.2412584,0.56858504,0.7791225,-0.46043476,-0.3008939,-0.8979419,0.45367712,-0.33012894,-0.34882483,0.54395556,0.15054223,0.36111113,1.5937068,-1.019991,0.28260276,0.44416273,0.67847306,0.34779948,0.97187173,-1.2305634,0.49433947,0.56506354,-0.43618044,-0.6025706,0.6956578,-0.5785738,0.36496818,-0.42825532,0.68385196,0.45747206,-0.58385825,0.29939625,-0.20539042,0.55218077,0.49629247,1.9919493,0.13270919,-1.346777,-0.05714467,-0.044078648,0.44189093,0.27207583,0.34117228,0.7970502,0.77880555,-0.50880945,0.21154216,-0.5881598,-0.10928397,-0.120435,0.41532207,-0.16982853,0.75492686,0.28962135,-0.6616366,-0.5451541,-0.12641093,-0.112157434,-0.97624314,-0.681061,-0.9529146,-1.1100026,-0.046721786,0.08279839,0.43176737,-0.79186255,-1.1894691,-0.9277777,0.15190196,0.5194698,-1.0957686,-0.3664949,0.2689939,-0.44873273,0.51895255,-0.32469276,-0.32167894,0.63669467,0.6153681,-1.6227257,1.1407361,0.32881212,0.3659228,1.3913558,0.063299745,1.1381633,-0.7127419,0.29786882,-1.1001786,0.4171232,0.9181416,-1.3941727,0.8718772,-0.100319706,-0.42804468,0.32176387,-0.9100891,-0.10080065,-0.34556752,0.16823106,-0.16817327,-1.2120986,2.2811508,-1.7585204,1.2113788,-1.7912107,-0.5533198,-0.43863267,-0.43794292,-1.2477239,1.053388,0.6868736,0.23186193,0.30178887,-0.12078428,-0.08793177,0.61225116,0.53325456,0.9247296,-0.4879706,0.7495583,-0.7727735,-1.2610534,0.32324556,0.6799376,-1.2519971,-1.6740623,-1.5125692,-0.18540132,0.51767856,-0.57357794,0.14647754,1.2226399,-0.3539883,0.74477327,-1.3156053,-0.24326952,0.12791458,-0.6594549,1.2117512,-0.051879972,1.7317908,-0.81593704,-0.14286461,0.63957447,-1.7806003,-0.5209201,-0.61594033,1.8843231,0.81988573,0.5916188,0.14507753,0.6558499,-0.32813877,-0.5524435,0.8643173,-0.48672375,1.6672473,0.2448332,-0.48049808,1.437827,-0.030841589,0.6874285,-0.42404208,-0.008809075,1.8794498,-0.09341495,-0.17862941,0.059289604,-0.30068797,-0.381321,0.22557133,0.58509696,0.34438288,0.1792424,0.80784273,1.036658,-0.99024713,-0.6591167,-0.7024491,0.5215444,0.92073834,1.8844899,1.1622624,-0.55648875,-0.75074536,-2.2599964,0.65965044,1.1744201,0.20636728,0.5612137,-1.7333192,0.11222969,0.3971759,-0.0929088,-1.1790493,-2.0333462,1.456336,0.67435557,0.43816543,1.7961578,-0.5267289,-1.1800827,-0.81306475,0.45151135,0.27135336,-1.1230236,-0.7800636,0.9308003,-0.8782427,0.9622138,0.4872135,0.6462956,-0.08606672,0.012314007,0.98783505,0.56298524,-0.7735232,-0.7907243,0.18608025,0.832251,-1.3922305,-0.65044224,0.4961148,-1.8255544,0.6940909,-0.4139322,-0.25082275,0.19168855,-0.60826224,-0.8175277,-0.61167324,-0.21561366,-1.2516147,-1.1498156,0.28580934,-1.0327893,-1.9592619,1.0078228,1.4638304,-1.0028188,0.2975858,0.16481996,0.6542329,0.5586269,-0.07185064,-0.26829118,0.545498,-0.42798102,-0.5770503,-0.57533664,-1.3848754,-0.74959135,0.20370203,-0.9692004,-1.1470046,0.6105774,1.1454571,-1.6061876,-0.70762485,0.56338364,-0.6162393,0.5598745,0.97854996,0.05117879,0.25908864,-0.9357871,-0.15441747,0.22148393,1.0789903,-0.5030378,-0.48439866,0.4948051,-0.00938299,-0.18883485,1.2641389,0.33452207,0.40167874,0.92828166,0.7747486,-1.0327832,0.40452105,-0.23253028,0.01570972,0.93461263,-1.6068233,-0.7892366,1.4753826,-0.437723,-1.0245272,-0.071923725,0.5055821,-0.26236773,0.35583568,0.50443304,1.3537228,1.7160581,0.883894,1.6264744,-0.9270974,-0.37525383,-0.31426036,0.29518422,-0.9739024,-1.1657423,0.24532712,0.6460207,2.5475543,-0.26052886,0.059042692,0.60226625,-0.75221485,-1.1949766,0.26867095,0.08129065,-0.50262135,-0.73394763,0.1901308,-1.1985741,-0.17117557,-1.8008909,-0.20721582,0.38349465,0.85824955,-0.7404289,0.01008451,0.4984461,0.22398004,-0.89208883,0.25758493,1.1397749,1.3882921,-0.06688109,-1.123006,0.23653437,-0.2699175,-1.4917892,0.54420644,-0.7944491,-0.46426865,-0.02756586,-0.25280714,-0.48681182,-0.61644185,-0.45106676,1.633207,-0.3678573,-0.35912612,0.18319917,-0.49979705,1.7873043,-0.7622342,-0.14041746,1.1306282,0.6064319,-1.1307601,0.19629247,-1.1762784,0.2591575,-0.5956936,0.5058851,0.74482346,0.672204,-0.38283852,1.6975302,-0.31431612,-0.3099413,0.056705385,0.5306205,-0.3666147,0.14735605,-2.2824616,0.84921443,-1.3733491,-1.5222366,-0.029577065,0.6531841,-0.69024587,0.0758726,-0.25311783,0.5233315,0.36166584,-0.83214176,1.0906608,1.7166164,-0.64151967,-0.46413457,0.85706866,0.5788746,-0.64216626,-0.15423867,2.8999362,0.37250635,1.1946036,-1.5728594,-0.5950247,0.141567,-0.23971507,-1.1612623,-0.2932327,-0.21079987,0.12648645,0.60379076,0.08171963,0.980944,-1.0350502,0.3108627,0.94946975,-0.8140852,-0.23720825,0.7276913,-0.33799124,-1.4494879,-1.2405128,0.4864921,0.80096054,-0.08399785,0.24681139,0.1555952,1.5662777,0.6333978,-0.74658996,-0.5993938,0.50999343,1.3033521,0.8360981,-1.0005541,-1.4240193,0.48032436,1.0921967,-0.6333708,0.60564137,-0.39322788,-0.41195875,-1.6798908,0.8826245,0.3649183,0.17810428,1.1623929,0.37789738,-0.13609177,0.4078164,-0.5099322,0.060763102,-0.23146343,-0.4393929,0.09996538,-0.26220185,-1.0299783,-0.012283452,-1.0784601,-0.05942428,-0.27457565,0.96885073,-1.2053998,0.38146082,0.33095568,0.6991811,0.3949972,-0.08566277,-1.0025105,-0.6839005,-1.2084384,1.6902813,0.97635436,0.058855414,-1.3851796,0.11165163,1.0447855,0.30375347,-0.34464982,0.4370186,0.24761313,-1.3495302,-0.12989117,-1.120119,-0.3134514,0.6258669,0.68070257,-0.79296386,0.61765337,-1.6231693,1.2025286,0.049133863,-1.272529,0.29986477,0.28977898,-0.27536044,1.6483912,1.1411148,0.11147106,0.24295479,0.5204166,0.91454095,-0.4106626,-0.44497794,-1.7731386,0.9306598,1.2392846,0.8053811,-1.5718255,-0.15158917,0.46099514,-0.28507563,1.2803576,-0.4717099,-0.61353576,-0.82454556,-0.6462373,-0.94038886,-0.1528867,-0.88714683,-0.44153997,-1.0029984,0.17632338,-0.69353616,-0.3598497,0.2974285,-1.3899823,-0.21766365,-0.20738503,1.0028617,0.68732005,0.837006,0.6241128,-0.60984135,-0.31832853,-0.6381431,-0.618008,0.3895998,-1.3496746,0.17952412,0.03607744,0.7594065,1.9033442,0.21444848,-0.18414727,0.71445704,0.02458626,0.3202145,0.42332587,-0.7388828,-0.45044076,0.5970976,0.17247322,0.68577933,-1.1825815,-0.3467724,-0.21823806,0.6326568,0.20161116,0.13138373,-0.10490302,0.5030934,1.5019804,0.6863166,-0.54569894,-0.70950913,-0.69086,0.62996215,1.1186119,-0.9569411,-0.7077208,-1.5635382,0.121200524,1.1211234,-0.44167128,0.3618872,-0.030733988,-1.1183466,2.1074185,-0.48208192,-0.06233673,1.3623234,-0.69502306,0.7086417,-0.73223853,0.039210256,0.5758665,0.44331944,-0.7010743,1.2179908,0.99803203,0.67738336,-0.4454882,-0.5422427,-0.7381119,0.38411108,-0.39123082,-0.8966424,-0.46805248,0.56039834,-0.96663815,-1.7260365,1.1276041,-0.35326204,-0.42633262,-1.0229108,0.6435079,-0.30986628,-0.13225132,-0.27183452,-0.3859613,1.2293459,-0.17733805,0.6517024,-0.3460423,-0.5570783,-0.04400141,0.5615804,1.0019891,0.4547961,-0.014840673,1.434553,1.3327044,0.1709166,-0.82119817,0.5320701,1.2488128,-0.86889213,0.3319554,0.9614225,1.0411247,-0.12596244,-0.3610637,-0.3284265,-0.3726758,-2.0242808,-1.3671962,-0.6015374,1.6146169,-1.5342335,0.9863692,-0.012536447,-0.33458373,0.55233186,0.13575031,0.076184295,0.152025,-1.1610409,1.644997,-0.41228917,-0.7648738,-0.6145104,-0.5666066,-1.4736948,-0.089187086,0.008768548,-1.64876,-1.8193568,-1.3990827,0.7535069,0.35608795,-0.7318435,-0.46114266,-1.5147591,-0.06101464,0.2659684,0.8484814,-0.33106264,0.027285894,-1.2992148,-0.059183944,-0.68290097,-0.42730114,-0.8258436,0.92081255,-0.078043096,0.26139548,0.64065725,1.2845868,1.1607926,1.3293555,-1.2589382,-0.80782145,-0.88137656,-0.11560934,1.2892193,0.24657749,-0.67808604,0.65793186,0.0658327,0.47047806,0.4634491,-0.74988073,0.39308393,-0.40194383,0.9534107,-0.5938285,1.6239918,0.56049955,-0.7920751,-0.5263571,0.088635884,-0.092127025,0.65949464,-0.47174326,-0.6355149,-0.0732438,-0.22966217,0.12568806,0.11723877,-1.5990953,0.5254167,0.2526215,1.4329481,0.19068658,-0.28674048,0.20371811,-1.1176047,0.7720912,0.9323297,0.06443599,0.5517221,0.33869886,-1.6027886,1.7602682,0.4167969,1.1167543,-0.8710623,0.030303637,-0.007883806,0.69722605,-0.79827267,0.44215533,-1.1280594,-2.1859572,-0.2767206,0.56426376,0.2613633,-0.41254982,0.5640153,-0.076263644,0.36415133,0.23123986,-1.1219915,-0.36589423,0.67295855,0.8991802,-0.10511544,1.0419072,-0.03518625,0.20079394,0.7503154,0.6857679,0.36004722,-0.24425757,0.82858855,-1.0648412,1.2974921,1.406977,1.1930207,2.4439793,0.52234715,-1.3549048,-1.4499289,0.9750473,-2.1610143,-0.13706972,0.48941255,-0.7169216,1.0833442,-1.0363415,-0.77692527,1.8554331,0.48821107,-0.16526742,-1.5911671,-1.2511202,0.6843407,0.2903196,-0.6932679,-0.29243973,-0.33567372,0.13657482,-0.55687696,-0.5043941,0.58743733,0.46705565,0.73384756,1.0820643,-1.2451988,1.0731199,0.6166863,0.6804803,0.026090577,0.8328612,-1.4549365,0.22939324,0.80163795,0.23579054,-0.2796413,0.0058395765,-0.7452524,0.86138153,-0.34783486,0.47925544,0.27526256,-0.65525466,0.2652168,0.16462989,0.23406537,0.9393764,1.5450805,0.8309229,-2.1860466,-0.36922932,0.075487845,0.8720053,0.7768851,-0.099905975,0.97400165,0.7056837,-0.58346194,0.4288837,-0.3711137,-0.030772114,-0.020809658,0.5543553,-0.012642781,1.0585002,0.14093976,-0.77196234,-0.7652983,0.46234867,0.7880357,-0.73944706,-0.6860297,-0.42131975,-1.3200314,0.39925537,0.059699252,0.30123544,-1.2752517,-1.1193824,-1.1646014,-0.42536235,0.695059,-1.8609762,-1.0648415,0.021510601,-0.2735799,0.31069013,-0.3683897,-0.020258473,0.4587946,0.5253353,-1.3294966,0.7850966,0.041920006,0.662631,0.9207955,0.09222126,1.1125244,-0.38414463,0.76444745,-0.91466767,0.62544364,0.6817865,-1.4455184,1.004797,-0.03739503,-0.107182026,0.53695923,-1.3426647,0.06749317,-0.8696539,0.28651085,0.34916508,-1.3085835,2.0455868,-1.531187,1.2564038,-1.6116344,-0.71991616,-0.7225053,-0.27842557,-1.5964555,0.9349994,0.63158524,0.42521915,0.5430265,-0.27343354,-0.049287006,0.6122169,0.12131391,0.62208885,-0.089687735,0.8339796,-1.1142199,-1.5192693,0.2518165,0.72686934,-1.1882023,-1.1392603,-1.966705,-0.63551027,0.61442775,-0.47187063,0.6037725,0.64621454,-0.21523148,0.35147262,-1.1045638,-0.4884608,0.41146556,-0.6012032,1.4046683,-0.22393613,1.6852027,-1.0196121,-1.1801553,0.8204387,-1.4731275,-0.44961467,-0.55175155,1.8522359,0.73632574,0.22471826,0.42243698,0.87467057,-0.98973894,-0.30243585,1.0630344,-0.038728163,1.463469,0.6396133,-0.36171994,1.907395,0.40908456,0.8238717,-0.47686586,-0.5895507,1.4421841,-0.108421244,-0.02808001,-0.30290046,-0.50643235,0.0147144,0.35921314,0.5061652,0.46433067,-0.089012384,0.76026636,0.9028174,-0.68066716,-0.65628105,-0.6702902,0.98525244,0.9204319,1.2564913,1.8342716,-0.12645169,-0.6223801,-1.6037441,-0.096663415,0.8051109,-0.08210037,0.90992063,-1.1119226,0.02727761,0.39386347,-0.034107346,-1.11145,-1.7653221,1.7191287,0.297797,0.3664316,1.1983966,-0.8620321,-1.3807336,-0.6468684,0.35213038,0.15784143,-1.1804682,-0.5081155,0.8429598,-0.40753293,1.0940735,0.26090047,0.62391824,-0.16494684,0.11419239,0.7223263,0.34090337,-1.0534381,-0.6658485,0.09065852,0.44466457,-1.771543,-0.84564877,0.13987033,-2.0915773,0.5884797,-0.31633887,-0.6238958,-0.25933883,-0.2899288,-0.7593072,-0.46816865,-0.1204963,-0.5938546,-0.98687047,0.86082643,-1.2296499,-1.1123562,1.0590084,1.2511581,-0.6420503,0.1574793,0.85211474,0.123278,0.72289205,-0.24576528,-0.33478427,1.0229303,-0.58229333,-0.4868096,-0.26510596,-1.0432023,-0.39374033,0.12806232,-0.6849405,-1.2043167,1.2891651,1.1049365,-1.7152814,-0.66754603,-0.41103664,-0.65054417,1.3985823,0.5439055,0.54109144,0.10731932,-0.43136835,-0.5000009,0.16808875,0.7403572,-0.5534285,-0.41471362,0.8649955,-0.79549193,0.42436266,2.1308796,0.280234,0.7359933,1.1521841,0.5945844,-0.5764378,0.49079683,0.2360205,-0.29524693,0.61656743,-1.5490333,-1.0752736,1.4619765,-0.54179126,-1.2464153,-0.32496464,0.5275933,-0.5613376,0.022680292,0.64168,1.0272355,1.0070175,1.0545818,2.075863,0.071657225,-0.47300056,-0.747216,0.3027015,-0.6186543,-1.0258633,0.36402872,1.0363811,2.057855,-0.2502075,0.17297809,0.6879158,-1.043527,-1.2466756,0.616295,0.61006904,0.13930263,-0.556895,0.27340317,-1.401123,0.26396036,-1.5684937,-0.48663488,0.41426766,0.5225821,-0.34238374,0.14485355,0.7667044,0.34955493,-1.0983585,0.70959157,0.8979127,1.3710594,-0.43367442,-0.7615164,0.11288217,-0.7665437,-1.5506034,0.13481487,-0.8219302,-0.45156994,0.20066957,-0.54497176,-0.32489863,-1.0897826,-0.8129754,1.4029471,0.21710353,-0.7302204,0.6310551,-0.90258545,1.5771974,-0.5472924,-0.21882872,1.6403035,0.23245603,-1.3768415,0.10950386,-1.2928735,0.57118136,-0.6323299,0.39697143,0.5268886,0.33035788,-0.56514245,1.1954952,-0.13169959,-0.48435426,-0.45695505,0.53528696,-0.14278513,0.5889309,-1.7855412,1.2587276,-0.9857523,-1.1449348,-0.13961886,0.69701153,-0.39634728,-0.16941446,0.040799413,0.47594652,0.8219483,-1.2570928,0.66870356,2.1265914,-0.49451044,-0.8436225,0.9474559,0.3274034,-0.49043563,-0.04083055,2.488519,0.61960834,1.115455,-1.0526923,-0.7156608,-0.2505987,-0.46871158,-1.0988581,-0.33246604,-0.22541453,0.10733981,0.6975089,-0.5441484,0.72441,-1.2484674,-0.13849276,1.1009926,-0.60030496,0.09792624,-0.014432405,-0.32800865,-1.3191911,-1.5614228,0.2996591,0.92145324,-0.9192148,0.5565865,0.6429052,1.4181539,0.6348709,0.105248295,-0.41601086,0.56815785,0.93503547,0.89254785,-1.1511098,-0.7921357,0.89301556,1.4385504,-0.8329837,0.3462644,-0.3135706,-0.26886687,-1.2489177,1.3726177,0.40796903,-0.14602692,1.082695,0.4625044,0.35967278,0.57856244,0.015086855,0.36931428,-0.34993485,-0.89419025,0.30153626,0.027643168,-0.9564139,-0.3455898,-1.0371497,-0.10278794,0.047451776,0.43851462,-1.195835,-0.14962493,-0.48285604,0.74111503,0.21325974,-0.33333012,-1.0918522,-0.30062643,-0.8772902,1.8484534,0.9606621,0.11313319,-1.586538,0.7870249,0.7972701,0.3904362,-0.897896,0.6409399,0.3845015,-1.033284,-0.6032904,-1.1580249,-0.4170526,0.2695693,0.74880725,-1.030087,1.2284564,-1.7089847,0.42065617,-0.44294134,-1.1704551,-0.18766093,0.13264464,-0.6410223,2.0508575,1.1117219,0.352463,0.19761138,0.8809831,1.0572361,0.13150124,0.04397141,-1.5331941,0.75509626,1.2847399,0.5394227,-0.86405855,-0.66747975,0.2821466,-0.7395796,1.2801014,-0.20177113,-0.44377282,-0.84334993,-0.27168527,-0.5794787,-0.4012312,-0.46152446,0.053331133,-1.437065,0.103896946,-0.6447684,-1.0087961,0.9067903,-0.7886591,0.17358877,-0.17035758,1.1877955,0.6252361,0.9091771,0.80669594,-0.6121125,-0.30653906,-1.1020366,-0.5278762,0.8669224,-0.75473624,-0.2384773,-0.16557227,0.9665738,1.9272002,0.6592925,-0.5655907,0.41226998,-0.20381917,-0.27267978,-0.09744865,-0.7332836,-0.33333275,0.3172044,-0.20529096,-0.116514236,-1.4911875,-0.50182235,-0.48075595,0.5471888,0.57714766,0.69733167,0.5477247,0.24127038,1.8470184,0.6951975,-0.21986568,1.0
コ,-0.0340031236410141,0.8183595538139343,0.2433686256408691,-0.5561447143554688,0.2802871465682983,0.6069374680519104,0.6057878136634827,-0.6498515009880066,-0.5274603366851807,-0.087485633790493,0.5277066826820374,-0.1518214493989944,-0.3976146578788757,0.0472632050514221,0.2966916859149933,-0.4141279458999634,0.2939834594726562,-0.0302294623106718,0.0346110872924327,-0.2148605436086654,-0.4736972749233246,-0.9393248558044434,0.1819484978914261,-0.0629787817597389,0.1376109272241592,-0.5495492219924927,0.0773554146289825,0.3990333676338196,0.2394121438264846,-0.1204172298312187,-0.0343516841530799,-0.6025769710540771,-0.1766440719366073,-0.5221533179283142,-0.0869409441947937,-0.2001602947711944,-0.1847722381353378,0.1021099090576171,-0.2839568257331848,-0.4356396198272705,0.0691074132919311,-0.1340977698564529,-0.4789541661739349,-0.0677442923188209,-0.0704328864812851,0.5955693125724792,-0.1120096072554588,0.5034266710281372,0.4221847057342529,0.2600983679294586,-0.282476395368576,0.2817046046257019,0.487569510936737,0.3008280992507934,0.0540202818810939,-0.1705782115459442,-0.0220259428024292,-0.1351057589054107,-0.2677259445190429,0.0610149316489696,-0.6938619613647461,-0.1240047886967659,-0.0449293702840805,0.2433164864778518,-0.3293831646442413,0.2824154198169708,-0.2802900969982147,-0.050543013960123,-0.0480194613337516,-0.6974805593490601,0.3621856570243835,-0.186056300997734,-0.3159201443195343,0.0936432480812072,1.1232609748840332,-0.3044705390930176,0.3986206948757171,-0.6243464946746826,0.4297222197055816,-0.0946053937077522,-0.4320188760757446,0.4253063797950744,-0.2564952373504638,-0.5731629729270935,-0.1995331346988678,0.5594104528427124,-0.8605560064315796,-0.8517721891403198,0.7521985173225403,0.0316954106092453,0.1146657839417457,0.1722393482923507,0.2203297615051269,0.3439126908779144,0.1820033937692642,-0.3973152339458465,0.2981396913528442,0.0717239156365394,-0.0453803241252899,0.6213529109954834,-0.547691822052002,-0.3270001113414764,0.1197584271430969,0.1090586930513382,0.2521000504493713,0.060041069984436,-0.5943869352340698,0.5301752686500549,0.1436663419008255,0.356762558221817,-0.1056319326162338,-0.5691098570823669,-0.5391380190849304,0.1870022118091583,0.2958047986030578,-0.1872135549783706,0.0966304689645767,0.3558715283870697,0.1035567373037338,0.6967304348945618,-0.1131389886140823,0.5107061862945557,-0.0445971302688121,-0.2875761985778808,-0.1721107810735702,-0.1586776822805404,0.6383427977561951,-0.5430346727371216,-0.2401546984910965,-0.6306242942810059,-0.1484814137220382,0.3846207559108734,-0.8772335052490234,0.1549317687749862,-0.3266439139842987,0.6349375247955322,-0.2287134975194931,0.5758288502693176,-0.507465660572052,-0.6152151823043823,-0.1733145117759704,0.1262280941009521,0.7106241583824158,-0.8495229482650757,0.0233728121966123,0.1522354930639267,0.0007958691567182,-0.1546593308448791,0.7762715220451355,0.4533135890960693,-0.0208476968109607,0.6053337454795837,-0.7553942203521729,0.1840923428535461,-0.1235842183232307,-0.0977719277143478,-0.4354102313518524,0.6226243376731873,0.0795721709728241,0.9358035922050476,0.179002583026886,-0.3639645874500274,0.2905438840389251,0.8882123231887817,0.1021220088005065,0.3869930505752563,0.6231674551963806,0.2506987750530243,0.5901870727539062,0.8353998064994812,-0.0245349071919918,0.6254921555519104,0.3349493741989136,-0.4877169132232666,0.1490896791219711,0.5924546122550964,0.5168889760971069,-0.0316922403872013,0.1873729079961776,-0.3480761051177978,-0.300012856721878,-0.1274639964103698,-0.3677489459514618,-0.5244307518005371,0.5279595851898193,-0.6383877396583557,0.0331762693822383,0.2402998059988021,0.0682033598423004,-0.0742740109562873,-0.1411427557468414,-0.3529611527919769,0.2400992959737777,-0.6403679251670837,-0.444272518157959,0.2436493933200836,-0.4155641198158264,0.1550244241952896,0.2128624022006988,0.2951393127441406,-0.1171310693025589,-0.1791588515043258,-0.4974051117897033,-1.40239155292511,-1.1121594905853271,0.201140746474266,0.2422089576721191,0.0974566042423248,0.1299090832471847,0.1414601802825927,-0.2572685778141022,0.0215118564665317,-0.0061117275618016,-0.0877538472414016,0.3592338562011719,-0.0725206136703491,-0.8138288259506226,-0.0657663121819496,0.4472335278987884,-0.0912438035011291,0.3201605081558227,-0.3822491466999054,0.2720367312431335,0.0585039779543876,-0.4547987580299377,0.3145098686218261,0.2304123640060424,-0.4066919684410095,-0.0803591907024383,0.4826646745204925,-0.2941773235797882,-0.5430424213409424,-0.927678406238556,0.1456206887960434,-0.3890388607978821,0.2608943581581116,-0.3139927685260772,0.3506138324737549,-0.2995033860206604,0.4876782894134521,-0.1009906381368637,-0.5688871145248413,-0.0237294547259807,-0.2468496859073639,-0.016034360975027,0.4771899878978729,0.0960796624422073,-0.2209601998329162,-0.721571147441864,0.1237160265445709,-0.8587709665298462,-0.3702521622180938,0.2084938287734985,-0.125054270029068,0.8561576008796692,0.3545325398445129,0.098218947649002,-0.1303649991750717,-0.0967959985136985,0.035430796444416,-0.485871285200119,-0.5665261745452881,0.0779870674014091,-0.2448350489139557,0.2387376874685287,-0.1702984273433685,-0.0843780785799026,-0.7326935529708862,-0.7162457704544067,-0.3566745221614837,-0.0507580563426017,-0.1114444211125373,-0.3715841174125671,-0.3268958330154419,-0.395800918340683,0.3832271993160248,-0.1375539153814315,0.6400394439697266,-0.3324882686138153,0.4136174321174621,0.0378613770008087,0.5311905741691589,-1.2227998971939087,0.2423387318849563,0.2643733024597168,-0.090776652097702,-0.2555358707904815,-1.0790878534317017,-0.3856020867824554,0.4622474610805511,0.1391490399837494,-0.3347684144973755,-0.1343449801206588,-0.0755908712744712,-0.3671323657035827,-0.1547251641750335,-0.1537169814109802,0.1455210745334625,-0.0318582169711589,0.4836118817329407,0.2976148128509521,0.1736702173948288,0.2587470710277557,-0.4899360239505768,-0.5400435328483582,0.0129702212288975,0.132869467139244,-0.1389400362968444,0.6009823679924011,0.0774345844984054,-0.0049581113271415,1.1982955932617188,-0.753678023815155,-0.1699552088975906,1.047492265701294,0.021575316786766,-1.3781263828277588,0.2430467307567596,0.5067936778068542,0.1910175383090973,-0.1753830164670944,0.8416633009910583,0.1722878515720367,0.2553046941757202,-0.4198486804962158,-0.4210230112075805,1.1585345268249512,0.2639740407466888,-0.5317935943603516,-0.2449529320001602,0.7173960208892822,-0.1825700849294662,0.460462361574173,-0.2998168766498565,-0.4181250631809234,0.3802643716335296,-0.3565736413002014,-0.097490444779396,0.0203913953155279,-0.3031749427318573,-0.7905824184417725,0.4337897896766662,-0.1926117241382599,0.5280560255050659,-0.7425007224082947,-0.2979576289653778,0.4027956426143646,1.205311298370361,0.6395196318626404,0.6795264482498169,-0.2822528779506683,0.0215375516563653,0.7731603980064392,0.0630646646022796,0.4176326096057892,0.1847046464681625,0.1459806710481643,-0.4251129627227783,0.9144890308380128,-0.1272546201944351,-0.4637171030044555,0.3191159069538116,0.5118274092674255,0.6511702537536621,0.0109212165698409,-0.2184841930866241,0.4718876779079437,0.0835557430982589,0.7722237706184387,0.9567552208900452,0.6269862651824951,0.0676405504345893,0.2783718705177307,-0.2525599300861358,0.7704999446868896,-0.5130504965782166,0.0404873602092266,0.1691445857286453,-0.0506784245371818,-0.4096050262451172,-0.7896668910980225,-0.0951197668910026,-0.190251737833023,-0.4232967793941498,-0.4163311719894409,-0.904510736465454,-0.8187723755836487,0.2476653605699539,0.4802009463310241,-0.7863510847091675,0.1253589242696762,0.2823011577129364,0.3999513387680053,-0.5533230900764465,-0.2056994438171386,0.2420236021280288,-0.4316062927246094,0.1183766797184944,0.1866742670536041,0.4331836402416229,-0.4527700841426849,0.0833026096224784,-0.4700226187705993,-0.2195780426263809,-0.930724024772644,-0.6145902276039124,-0.48273366689682,0.0883011817932128,0.2604240775108337,0.4405651688575744,0.1609053760766983,0.4128524363040924,-0.2534724175930023,0.0670503824949264,-0.1848768293857574,-0.4453849494457245,-0.1389960646629333,0.467279851436615,0.2476060837507248,0.631031334400177,0.1701588481664657,0.5189031958580017,0.0359810627996921,0.0001593940833117,0.0637744069099426,-0.0433488115668296,-0.3509524762630462,-0.3590390086174011,0.6874834299087524,-0.1527695059776306,-0.1093897968530654,-0.032236274331808,-0.0438390485942363,0.7215205430984497,-0.0634018927812576,-1.1009061336517334,-0.1578927338123321,0.3412964046001434,0.086253210902214,0.3658733069896698,0.3955022394657135,1.095646858215332,-0.2067486047744751,0.2040024846792221,0.5863773226737976,-0.0785374492406845,0.7585672736167908,-0.0316875278949737,-0.2848192453384399,-0.3171622157096863,0.1475665122270584,0.6658414602279663,0.0679170861840248,-0.1075601354241371,0.2487683594226837,0.4160451889038086,-0.2993917167186737,-0.1975582689046859,0.3300756514072418,-0.0990340039134025,-0.6717370748519897,-0.3461562693119049,-0.5350250005722046,-0.6363522410392761,-0.1347622871398925,0.3775000274181366,0.2809948623180389,-0.0043147327378392,0.4331027269363403,-0.6108114719390869,-0.6757115721702576,-0.4988411366939544,-0.949790060520172,0.3834239244461059,-0.204540878534317,0.566437304019928,0.56732177734375,0.051968615502119,-0.5260674357414246,0.2733159363269806,-0.1199569478631019,0.437942624092102,0.8928155899047852,-0.3022160828113556,-0.1618416905403137,0.4910007119178772,-0.1365165412425995,0.6803961396217346,-0.2313521206378936,0.173795685172081,-0.3022543787956238,-0.0317599214613437,-0.0861420556902885,0.1398086249828338,0.0332722030580043,-0.5364129543304443,0.8430767059326172,0.1158542856574058,-0.3748884499073028,-0.4092483222484588,-0.6426430344581604,-0.1108079925179481,0.4495895206928253,-0.7456057667732239,0.0217578317970037,-0.6096863150596619,0.1936643421649933,0.6532236933708191,0.8423157334327698,-0.693938136100769,0.4560171663761139,0.1893327087163925,0.0764791220426559,-0.1876739710569381,0.2293040305376052,-0.3870456516742706,-0.3213069140911102,0.0400711372494697,0.5270309448242188,0.1770189553499221,0.6846286058425903,-0.5615328550338745,-0.8350558280944824,-0.0550360083580017,-0.2283198535442352,-0.6278354525566101,0.3529067635536194,0.0703449323773384,0.2998480200767517,-0.5315501093864441,0.21905018389225,-0.7149791717529297,0.5290278196334839,0.3577248752117157,0.1506180614233017,0.0988623574376106,-0.747942328453064,-0.1628214567899704,-0.4417280256748199,-0.9568366408348083,0.463358998298645,0.4129658639431,-0.8096800446510315,0.0292298663407564,0.4387030601501465,0.5181941986083984,-0.6921684741973877,-0.5763434171676636,-0.3937412798404693,0.0918499454855918,0.4852310121059418,0.2012185007333755,-0.0292095225304365,0.0014059082604944,-0.3015966713428497,0.1659068763256073,0.5815778374671936,0.6984782814979553,0.6661532521247864,0.093969352543354,-0.0294664017856121,0.1551216542720794,-0.7050092220306396,0.0515378005802631,-0.2038450837135315,-0.1349681764841079,-0.0561633892357349,0.9253513216972352,0.5316236019134521,-0.4030947983264923,-0.1510088890790939,0.9344865679740906,0.4135709404945373,0.8285344243049622,-0.4161840379238128,-0.179562360048294,-0.4568018615245819,0.4439434111118316,0.1185143068432807,-0.2827330231666565,-0.0111502949148416,-0.1118798106908798,-0.3399610817432403,-0.2813072800636291,-0.3189838528633117,0.275723248720169,0.0629651471972465,0.2881417572498321,0.1762231439352035,-0.262073814868927,0.4365310370922088,-0.249325543642044,-0.4775751829147339,-0.189346969127655,0.4378216862678528,0.1738985180854797,0.7869111895561218,0.2153527587652206,0.2706262767314911,-0.3228563368320465,-0.9982818961143494,-0.3618471026420593,0.3107124865055084,0.3703764379024505,0.7742481827735901,-0.7681684494018555,-0.5580154061317444,0.1159905046224594,0.2893818616867065,-0.0541180036962032,0.0931880623102188,-0.9020599722862244,-0.3801321387290954,0.1893595606088638,-0.6947675943374634,0.3493660092353821,0.2778467833995819,0.1849676221609115,-0.2186990082263946,-0.4491661489009857,0.0659638345241546,0.5699921250343323,-0.1784543246030807,-0.5488167405128479,0.3589185774326324,-0.0475102439522743,-0.0517831854522228,0.153852641582489,0.1201682537794113,-0.0557288192212581,-0.0342426635324955,0.1678056418895721,-0.4462345242500305,0.0553899183869361,-0.2601107358932495,0.395022451877594,0.0024176747538149,0.2881033718585968,-0.1590177863836288,-1.040870189666748,0.0851010456681251,-0.0117336260154843,-0.4974397718906402,-0.3010345697402954,-0.2175718694925308,-0.3181649446487427,-0.0154365450143814,-0.1197224855422973,-0.2467281967401504,0.3238625824451446,-0.317559152841568,0.5852050185203552,-0.12265095859766,-0.6328884363174438,0.3056196570396423,0.3998624980449676,-0.3827398121356964,-0.8353005051612854,0.3577028810977936,0.4121659100055694,0.4390000700950622,-0.0357071831822395,0.0517107285559177,0.1340836137533188,0.3389334678649902,0.4900949597358703,-0.6081032156944275,0.5324382781982422,-9.796019554138184,-0.3710661232471466,-0.6012843251228333,-0.3195273876190185,-0.3207091391086578,-0.058256696909666,1.07630455493927,0.0674293786287307,-0.1247841790318489,-0.1629563421010971,-0.0872951075434684,-0.0150995729491114,0.490367978811264,0.8817635178565979,-0.6942055225372314,-0.5374621152877808,-0.071591280400753,-0.3044888377189636,-0.4261961579322815,-0.1006945148110389,0.0400756448507308,-0.2514041364192962,1.0619125366210938,-0.0617653802037239,-0.338840126991272,-0.3505962789058685,0.1020156890153884,-0.0128545742481946,-0.2467370778322219,0.8902862668037415,-0.7341428995132446,1.4908009767532349,0.1811008304357528,-0.095840536057949,-0.2637326717376709,0.078388825058937,-0.0842657387256622,0.383993536233902,-0.6185378432273865,0.5441694855690002,0.1768823564052581,1.0294491052627563,-0.2234426140785217,-0.123551994562149,0.535986065864563,-0.0185154695063829,0.4372779726982116,0.1871225237846374,0.2563006579875946,-0.169576495885849,-0.1905618011951446,-0.4083457291126251,0.147109717130661,-0.1906646192073822,0.1804751604795456,-0.1623864918947219,0.6506508588790894,-0.6856341361999512,0.0207714401185512,0.0801436305046081,0.5251412391662598,-0.1489992588758468,0.5699613690376282,0.6552631258964539,-0.4029736816883087,0.0719710811972618,0.2270816564559936,0.0152651006355881,-0.5923919677734375,-0.2474207729101181,0.2751559019088745,0.0559971444308757,0.0935863703489303,0.3795277774333954,-0.3104695081710815,0.5262947082519531,-0.1554690450429916,-0.3090550303459167,0.7421126365661621,0.3248776197433471,1.0074902772903442,-0.1159013956785202,-0.0603499189019203,0.1926866769790649,-0.8887192606925964,0.4231337010860443,-0.1655093878507614,0.3203942477703094,0.579544723033905,-0.6267620921134949,1.0005608797073364,0.0516397580504417,-0.056191861629486,0.2780204117298126,-0.0257949437946081,-0.1430043429136276,0.6821844577789307,0.556321382522583,0.535772442817688,0.1373044699430465,-0.39354035,-0.5588413,0.74791145,0.67855275,-0.9381012,-1.1018778,-1.4337654,0.7292432,1.1769688,0.5813812,0.25699928,-0.27779052,-1.3174212,2.4457161,-0.7100391,0.11844158,0.31681064,-0.8141685,0.47533843,0.17269877,0.27187666,0.09771002,0.7719873,-1.1200417,0.5190733,0.45906645,0.7448292,0.11167779,-0.57879496,-1.3863379,0.3145866,-0.6869832,-0.87871504,-0.04818942,0.2776782,-0.9023239,-1.5385306,1.7461965,-0.059493776,-1.098958,-0.8132109,0.5253381,0.57068694,-0.020292273,-0.83744115,-0.04828552,1.4014522,-0.8745063,0.5602147,-0.3810752,-1.0687678,-0.34789556,0.6407685,0.86207026,0.35054535,-0.48174906,2.0942945,0.82625455,-0.038147397,-0.2465432,0.46705756,0.48234555,-0.9650892,-0.39374638,0.10466757,0.44292763,-0.7649376,-0.022007754,-0.21821806,-0.10302896,-2.333427,-0.87977713,0.022491047,1.3222374,-1.6457585,0.6147025,0.17179482,-0.58523303,0.5526839,-0.24097563,0.5864684,-0.22111149,-1.0878636,1.2895223,-1.0888884,-1.3169174,-0.73083645,-0.40122953,-0.9264625,0.098182365,-0.48742715,-1.6341516,-1.0300857,-1.3906411,1.2987461,-0.010816132,-0.98083174,-1.4011935,-0.86519194,0.015976662,0.04924611,1.6610878,0.42217317,-0.63237435,-0.9559333,-0.39523014,-0.4371712,-0.6760269,-0.61176527,0.32445735,-0.009567176,0.37842682,0.9755883,1.2755016,0.27041557,0.3867709,-1.1225966,-0.025214924,-0.63879454,0.45742345,1.0438958,0.4494706,-0.99925846,0.7928219,0.17867403,0.85371816,0.12812403,-0.9401432,0.3215471,0.45710388,0.86399233,-0.15632667,2.2257326,0.86038274,-0.8657357,-0.339211,0.061675053,0.037837505,0.5779584,-1.1717428,-1.060131,0.45236388,-0.29032347,-0.3112206,0.32105643,-1.3489113,0.27610254,0.2980488,1.5281473,-0.21443884,-0.32241365,-0.075966135,-1.5423871,0.67676514,0.88104373,-0.5423632,-0.013836895,0.14654851,-1.1829803,0.9576807,-0.27320653,1.2689784,-0.8363277,0.15073442,-0.21188828,0.7858277,-0.8143763,0.6714149,-0.5677933,-2.0889604,-0.54643905,-0.17665236,0.2785313,-0.003857055,0.4693709,-0.13745509,0.05243638,0.5775723,-1.0653487,-0.52862376,1.1041542,1.4988943,0.083633564,1.0009366,-0.12740798,0.540625,0.47318697,0.47248268,0.9147949,0.24622147,0.8810715,-1.0569508,0.8716113,0.88484067,0.5917298,3.0825467,1.0341151,-1.3676113,-1.1729676,1.6252722,-2.2317743,-0.8916826,0.78657407,-1.3442429,0.7917476,-0.79185086,-0.800145,1.6607587,0.11004342,-0.14179932,-1.0748752,-1.287901,1.1583346,1.3323411,-0.6052032,-0.22244109,-1.05717,0.114453964,-0.018341763,-0.7999891,0.3733708,0.5906792,0.2823208,0.8265994,-0.7167695,0.46189776,-0.011029525,0.052648272,-0.21127747,0.5381889,-0.7187171,0.64761347,0.12934406,-0.24779415,-0.10847788,0.43678087,-0.5023972,0.75693125,-0.29701042,0.79778624,0.7425446,-0.6372047,-0.078015886,-0.18693411,0.80993366,0.9031955,1.4960679,-0.08844876,-1.7303942,-0.6617948,-0.17699993,0.9991603,-0.035453636,0.25971153,0.41414198,1.1771514,-0.7682885,0.1427452,-1.196647,-0.70489657,-0.017119093,0.48926243,0.67495096,-0.21657273,0.6226155,-0.74027103,-0.5612294,0.43994713,0.4853025,-0.6147986,-0.9635563,-0.57016796,-1.0475141,-0.09217804,1.2811817,0.608405,-0.4427571,-1.0719503,-0.9142848,0.39519116,0.44983426,-1.6691654,-0.2128609,-0.17273498,-0.8899349,0.29186824,0.47936377,-0.2137522,-0.20277081,0.7771639,-1.0272536,0.81928736,-0.24933966,0.32810333,1.482446,0.6800919,0.527765,-1.3012581,-0.039446026,-0.5297338,0.3914053,0.5953264,-1.5898759,0.6562279,-0.34064898,-0.12652194,0.8482925,-0.9992618,-0.4077057,-0.6501728,0.06830439,-0.20708002,-1.2262336,2.1168754,-2.12183,1.6025152,-2.0332034,-0.29231724,-0.70499194,-0.3992768,-0.69162244,0.2094711,0.12192812,-0.30787,1.0159948,0.64006,0.21852586,0.49485427,-0.19887605,1.4139564,-0.14999954,0.26907328,-0.6893572,-1.1322974,0.116245985,0.48195842,-1.0903518,-1.5959293,-1.0865786,-0.3332614,0.07498932,0.35416216,-0.2657033,0.78203154,0.11305038,-0.08407197,-0.90496856,-0.6324185,0.23588479,-1.02701,1.1165777,0.31582928,1.0467511,-0.84728444,-0.30172226,0.07637775,-1.158242,0.21656506,-0.14382853,1.8617519,0.33134684,1.090011,0.3265646,0.48312292,-0.322449,-0.5465194,1.104426,-0.10648819,2.1434762,0.25996965,-0.3657889,1.2999438,0.33463082,0.34065947,-0.36310667,-0.20773081,1.7473047,0.10320653,-0.62759227,-0.28408942,0.3390841,-0.28943452,-0.08221009,0.591081,0.33354205,-0.025620775,0.88490325,0.5580812,-0.5135673,-0.6671141,-0.47082457,0.7563773,1.5912582,1.3249865,1.1294429,-0.038520247,-0.70579106,-1.8429452,0.092424385,1.3627388,0.4951571,0.517152,-1.5421549,0.44334197,0.43568358,0.53498983,-1.1649739,-1.3445235,1.8536961,0.092071824,0.5013084,1.3059438,-1.2682554,-1.879516,-0.4913039,0.66945326,0.035091262,-1.1909273,-0.757232,0.54236895,-0.4000402,1.008271,1.2260611,0.81785524,-0.7887495,-0.6025446,0.160532,-0.2366253,-1.0134746,-0.12904169,0.22491547,0.4078257,-1.0233814,-0.85870594,0.8041657,-2.0667803,1.2148702,-0.23404503,-0.023784038,0.009702129,-0.097208224,-0.91232365,0.108095326,0.105551586,-1.1318324,-0.70583665,1.036505,-1.6215407,-1.5959591,0.5352155,1.2635381,-0.7321424,0.342417,0.4185195,0.25643322,0.7227542,-0.3266406,-0.44956297,0.10937292,-0.35495678,-0.29037628,-0.16607799,-1.3872727,-0.48140207,0.3090681,-0.72244346,-1.520876,1.0926461,0.48652965,-1.6553496,-1.1043351,0.1120852,-0.22787443,0.26247588,0.8312121,0.5224895,-0.17999698,-0.82305825,0.38141146,-0.13817702,0.6438275,-0.24143441,-0.18934636,0.4460134,-0.15494648,0.55464464,1.7372807,0.4539413,1.4413701,0.9765214,-0.011246749,-0.3187868,0.7256803,-0.30396858,0.21902475,0.6542463,-1.1934233,-0.61426586,1.4600028,0.02878141,-0.6345911,-0.33494693,1.0024964,-0.61106986,-0.8100227,0.30535555,1.1749128,1.2686136,1.1018665,1.3228079,0.14607072,-0.12123871,-0.747231,0.34000945,-1.3682028,-0.32386827,-0.04301502,0.46185014,1.9448795,-0.8704711,0.24540345,0.8243441,-0.92429763,-1.2392977,0.2263048,0.5309525,-0.07844876,-0.11211904,0.3902937,-1.3017728,0.17158426,-1.9527243,-0.6018119,0.35085827,1.3214471,-0.6244,-0.0863197,0.69162315,0.15746938,-1.2260145,0.17737697,1.4483646,1.303259,-0.63375455,-0.980115,0.7983413,-0.3807191,-1.3008738,-0.2989951,-0.93761414,-0.44804883,-0.29094386,-0.6882861,-0.7527632,-0.5821896,-0.6166548,1.3161166,0.12235784,-0.5038717,0.60698926,-0.26030573,1.2399981,-0.49028206,-0.88985777,1.1827008,1.079854,-1.1683587,0.15336435,-1.3027717,1.1176386,-0.45396757,1.145684,1.501227,0.3468179,-0.09608734,1.4734352,-0.36673048,-0.5350887,-0.5305982,-0.22489335,-0.3681971,0.76389164,-1.6905267,1.162647,-1.1798898,-0.9169828,-0.08624192,0.3737488,-0.4630902,0.27553356,-0.31662035,1.0499955,0.6846135,-1.1481593,0.69142914,1.5207373,0.27309534,-0.5517334,0.34302425,0.22811706,-0.3552966,-0.22901334,2.5472624,0.32098553,0.30908474,-1.3064005,-0.6178001,0.9578956,-0.2181669,-0.78948087,-0.59332985,0.11477289,0.6373615,0.038683683,-0.2719888,0.9265944,-0.6801643,0.90193164,1.0557282,-0.9052289,0.23969002,0.41516194,-0.9944724,-1.0066322,-1.3590528,0.008051677,-0.17945303,-1.0783728,0.7994923,0.94710284,1.2913015,0.8408429,0.22677697,-0.36154285,0.66717625,0.9841897,0.5663773,-0.83243287,-1.105215,0.53040683,1.2402228,0.22255526,0.37302637,0.65379846,-0.45289734,-1.8113546,1.0859717,0.04650736,0.41451773,0.8535337,-0.16242592,-0.17191303,0.6487422,-0.12425526,0.04518055,-0.013637696,-1.268834,0.15795477,0.55163896,-0.842549,0.28866878,-0.9112102,-0.057562064,-0.6555821,0.44409397,-1.310022,0.66249007,-0.0024526375,0.7921777,0.22355093,0.07596721,-1.4200995,-0.6699386,-0.4423173,1.5801665,1.1132534,-0.3355578,-0.9056485,-0.48728186,1.4822004,0.60965556,0.22406547,-0.087518744,-0.177531,-0.86766326,0.45863724,-0.68891084,-0.55306405,0.3370225,0.39773527,-0.64488286,1.5410869,-2.2009177,0.9573779,0.025071323,-1.5086814,-0.054411475,0.19529657,-0.61219996,1.876798,1.1946255,-0.29106155,-0.058173303,0.95636743,0.92944187,-0.613978,-0.52770185,-1.3056234,0.6454318,1.1334206,0.6069633,-1.0137494,0.10908108,0.39257452,0.03458168,1.2596319,-0.4637755,-0.059039064,-0.47456816,-0.62670624,-0.87414706,-0.29277992,-0.50372446,0.2879803,-1.5476753,0.44244793,-0.39971775,-1.0462946,0.7147441,-0.631242,-0.16999497,-0.11269993,1.4040594,-0.07227057,0.070458375,0.59088516,-0.75818765,-0.2804795,-0.4508678,-0.472109,0.5438332,-0.75797856,0.53588885,0.12352741,0.78955215,1.2346758,0.39047617,-1.2776202,0.64533216,0.16231953,0.12894265,-0.22055018,-0.94876295,-0.36688322,0.53927076,0.48371425,1.0687525,-1.2536446,-0.6056248,-0.10931999,0.6147172,0.05088457,0.72384465,-0.17702433,0.27040997,1.9387523,1.0497859,0.16849115,-1.1569233,-0.50740385,1.4329377,-0.043618,-1.241332,-0.28497994,-0.9783488,1.4524401,1.2924998,0.75025886,1.0366111,-0.6768545,-1.2750349,2.1628602,-0.7012869,0.40360427,0.42630446,-1.6003133,0.75741714,0.024346206,0.3065646,0.6267032,0.7293086,-0.89475626,0.93527496,0.59684426,1.1871468,-0.37351888,-0.19097596,-0.70029896,0.3882594,-0.45226407,-1.8090532,-0.50717914,-0.23602729,-1.1883054,-0.8922179,0.77148354,0.16357367,-0.7689416,-0.45397842,1.0453427,0.42009032,-0.21724948,-0.77368605,-0.3078156,1.6601672,-0.61411047,1.3909302,-0.7197384,-1.3134053,-0.52507883,1.0247638,1.3284541,0.70032007,-0.67740256,1.7508538,1.0217867,0.07505337,0.13576953,0.32098174,0.7645774,-1.2097023,-1.0430833,0.23585454,0.3720935,-0.37367994,0.41749746,-0.0732723,0.8465072,-2.1310883,-1.7823808,-0.014403403,1.6473279,-1.7091911,-0.09564684,-0.14486691,-0.5527916,0.23441811,-0.6806643,0.37197715,-0.12403146,-0.6573434,1.1644238,-0.82006425,-1.6642494,-0.024994414,-0.45809293,-1.5142179,-0.0756273,-0.61871934,-1.766639,-1.1089106,-1.5548639,1.8341328,0.045953684,-1.2724639,-0.9845483,-1.1547382,-0.31680724,0.23078308,1.3591801,0.17387396,-1.0461885,0.061589837,-0.52924633,-0.8374926,0.55522954,-0.10562253,0.37525207,-0.3154451,0.60878104,0.55904067,1.1867056,0.10454828,0.41488108,-1.1883818,-0.050007522,-0.19907762,0.1507424,1.7520095,0.8758073,-1.0289844,0.6872376,-0.67913765,0.84737456,0.29297504,-0.7625758,-0.17647693,0.29313037,0.46566758,-0.3101238,3.3928835,0.8334292,-0.07151033,-0.76045513,0.2306191,0.6167493,1.0619326,-1.2535697,-0.02803085,0.5217417,-0.44577748,0.098544195,0.81791854,-0.6993538,0.33693546,0.9278948,1.1660993,0.4691122,-0.42312193,0.50349444,-1.2045205,0.14177746,1.4268787,-0.18437201,-0.42748088,0.54452074,-0.7903683,0.84990036,-1.3521122,0.9688722,-0.7066735,1.0185084,-0.15293841,0.55332094,-0.78545207,0.15605125,-1.3703418,-2.5541291,-0.40294677,-0.7525598,0.08439581,-0.39216644,0.25120276,-0.005162783,-0.42269352,0.050247297,-1.3264956,-0.8292645,1.2192408,0.5575275,0.060356945,1.3489499,-0.5499154,0.47069743,0.39088932,0.066685095,0.056363672,0.50369644,1.505506,-0.5724572,0.6923511,1.6964946,0.5146072,2.675469,0.7151534,-1.1521177,-1.6123805,1.3405917,-2.1005995,-1.0624973,0.68438077,-1.7182468,0.4943365,-1.8582639,-0.9379579,1.6820036,0.66336495,0.36690465,-1.3141834,-1.4462392,0.5528651,0.89659685,-0.68216926,0.00026263297,-0.6461254,0.20178545,-0.4085917,-0.96753764,1.378049,0.5181563,0.046250716,1.0082245,-0.9792862,0.8818751,0.41123852,-0.17378391,-0.08350587,0.9938145,-0.60241365,0.91673255,0.9590193,0.22648288,-0.47671,0.47059548,-0.03635045,0.4970001,0.039920725,1.1884203,0.70271915,-0.7427697,0.34865767,-0.036376193,0.8187913,0.8540666,1.4732449,0.20789796,-2.1973176,-0.5656391,0.70814794,2.0641158,0.13020526,0.6619296,0.031718682,1.5765514,-0.6352542,0.7014447,-0.23129052,-0.7201723,0.0061424,0.092390426,0.8000344,-0.48762113,-0.11492895,-0.7253687,-1.5231423,0.46683234,0.079694934,-0.57605106,-1.347731,-0.6777159,-0.15528776,0.17083322,0.40029126,1.0450625,-0.75201964,-0.88651335,-0.2443962,0.874559,1.046272,-1.541628,0.12405044,-0.3097529,-1.2434996,0.44569778,0.2259731,0.037787616,0.18504669,0.40345472,-1.2162681,0.6450925,-0.031191427,1.0278037,1.8803594,0.75074184,1.1166453,-1.0563365,-0.14446789,-0.6126286,0.47420675,0.28842628,-2.2390506,0.75188816,-0.99392366,-0.8783547,1.5994936,-0.5379896,-0.13160765,-1.0391753,0.066173255,-0.68125755,-1.344827,2.3219683,-2.032076,1.1360542,-2.1005964,-0.7490063,-1.197235,-1.0576359,-0.7381575,-0.43516466,0.5457612,-0.3424613,0.37119606,0.15585765,0.050287466,0.10638796,-0.4004367,1.4210926,0.040291607,0.38038394,-1.1407597,-1.4253788,-0.4729777,0.70034385,-1.0169528,-1.4448314,-0.76282465,-0.29132313,-0.42543077,-0.24697855,-0.7102042,0.95171213,-0.07152453,0.0038545392,-0.85588026,-0.92602146,-0.78254783,-0.762569,1.1670957,-0.9086199,1.4158103,-0.94714046,-1.0558436,-0.23471603,-0.56279826,0.7717123,-0.41984332,2.1527042,0.5510411,0.61345315,0.21270446,0.8120271,0.07071178,-0.5778449,0.9893816,-0.092744425,2.1770873,-0.0803906,0.47911274,1.327503,-0.38361347,1.4241116,-0.2950651,-0.45641756,1.9681584,-0.43681362,-0.58333105,-0.31536514,0.07933185,-0.8064189,-0.02950801,0.940812,-0.36924833,-0.20605093,1.0063705,0.3665865,-0.4450527,-1.2143347,0.020869464,1.2487736,1.3802497,1.2821282,1.2034609,-0.4842441,-0.64928234,-1.8786708,0.25573677,1.0926224,1.2204156,0.052092727,-1.2301142,0.51408446,1.0779654,0.6678387,-1.576126,-1.5027745,1.7291003,-0.0009931922,0.2475723,1.6683719,-0.7772495,-1.5512346,-0.8084035,-0.022442255,-0.1722569,-1.1985067,-1.0529023,0.38923952,0.5770437,0.6900464,0.8303158,0.8283553,0.12853938,-1.0968335,0.45397323,-0.021029886,-1.4289317,0.22048326,-0.18618236,0.6853428,-1.7359769,-0.7697089,0.121109396,-2.387179,0.88133514,-0.35003126,0.2831111,-0.05978786,-0.11184926,-0.8678739,0.14198565,-0.14781915,-1.1357162,-0.21331058,2.0420237,-1.4552827,-1.2562642,0.82273304,0.79960585,-1.0203934,0.67300385,0.4377373,-0.14661752,0.94243246,-0.1332592,-1.1456906,-0.85768485,-0.33586514,0.20870736,-0.4933016,-1.5944073,-0.3860693,0.77378815,-0.69316727,-1.5922406,-0.1614733,0.57800823,-1.5289438,-0.91384757,-0.34318697,-0.24982917,0.2571158,1.1280671,-0.2551326,-0.877854,-0.71956956,-0.38330996,-0.050615624,0.062329788,-0.42720503,0.23035443,0.24103084,-0.81001127,0.20457348,1.5219105,0.10309262,1.7481133,1.4925313,0.8727037,0.8171363,0.6187943,-0.23382872,-0.20679313,0.33122718,-1.1751854,-0.7758851,1.5237584,0.45801365,-0.7910043,-0.4455273,0.9220431,-0.023563303,-0.7792969,-0.30219552,0.20324275,1.3332825,1.449985,1.837033,0.0948161,0.26083958,-0.09231193,0.91311896,-1.4779375,-0.5592849,-0.57216656,0.7548087,2.3179958,-0.39015344,0.62350607,0.4820879,-1.2170296,-1.33348,0.304128,0.7292593,-0.39122435,-0.2468157,0.5395482,-1.8566083,-0.15218897,-1.4009327,-0.70817447,1.1493536,1.2137833,-0.5428068,0.033876356,0.8535198,0.29455477,-0.6257855,-0.3788426,0.8192751,1.7352221,-0.21802023,-1.1412683,1.2398038,0.016272198,-1.3538414,-0.19872801,-1.3888798,-1.1174655,0.10781466,-0.06342694,0.058067538,0.26534528,-0.8674092,1.4089785,0.4908492,0.19932012,0.49846578,-1.4428859,0.84581256,-0.25588495,-1.0206468,1.7622191,0.44735238,-1.4476111,0.14804107,-1.7226602,1.3424857,-0.37881473,1.0944395,1.4748738,0.50567657,-0.79334694,1.7788111,-0.4885033,0.4521163,-0.6473734,0.9475615,-0.6654935,0.13899091,-1.5607741,1.2737739,-1.3321074,-1.0232837,-0.104494765,0.44361317,-0.24976264,0.25668222,0.5151538,0.06596428,0.566245,-1.1788273,0.46816716,2.4507403,-0.34942913,-1.2504675,0.11160576,0.89211804,-0.583743,-0.48256636,2.382504,0.32856494,0.32716197,-1.3435384,-1.0713108,0.5219888,-0.079674385,-2.006082,-0.2982237,-0.32770875,0.09312959,0.013523072,-0.5335221,1.135113,-0.9256736,0.7338526,0.48879388,-0.73936033,-0.5753232,-0.113510184,-0.26491708,-0.8643387,-1.5151112,0.7922468,0.69104135,-0.7985668,1.0746849,1.3515599,1.8552722,0.95499736,-0.49456987,-0.9778718,0.6609246,0.44987607,0.6227548,-1.7905943,-1.4318287,0.6752701,1.0998724,-0.52058834,0.5836852,0.73515254,0.020952772,-1.848745,1.1322048,-0.2683391,0.023957372,0.8721731,-0.021338731,-0.009086877,0.42103064,0.5899275,-0.342575,0.7429311,-0.89812595,-0.26941532,0.22650596,-1.272365,0.24041252,-0.19143382,0.16399422,-0.47341004,0.38460213,-1.4423792,0.52890813,0.41928264,0.037660077,1.1814412,0.53751516,-1.5119239,-0.67442715,-0.020736672,1.4768662,0.47356483,-0.18005106,-0.47600347,-0.26100463,1.3080908,0.5823149,-0.11758868,0.21576451,0.16926828,0.2066322,-0.3125124,-0.9696934,-0.27306926,0.04518926,0.5744231,-1.0281771,1.7437493,-2.1716032,1.005476,0.4149906,-2.2134185,0.31782803,0.26370612,-0.1822351,2.1834157,1.0953153,-0.32222298,-0.0955361,0.67165244,1.2753341,-0.69908226,-0.78392935,-1.1375973,0.6192619,1.1778381,0.39099768,-1.1310583,-0.03213934,-0.31018895,-0.66958237,1.4951594,-0.08844808,-0.56121176,-0.7570085,-0.45757878,-0.9449109,0.10025354,0.42240316,0.93178463,-1.2687094,1.1280116,-0.8219231,-0.91585475,0.36153436,-0.8679621,-0.019497067,-0.5758049,0.8459119,-0.023708925,0.9807521,0.53339803,-0.44214666,0.0954317,-1.0641097,-0.3239513,0.5221657,-0.5081905,1.3997114,0.36416122,1.1287763,1.3940933,-0.08699939,-1.9709742,0.3458459,0.546889,0.5049747,-0.47416517,-0.4764806,0.02790377,-0.17574239,0.0033374224,1.0497363,-1.3305403,-0.8537765,-0.2416431,0.1029034,0.21235605,0.8149196,0.08927349,0.090639025,1.6809908,1.2185088,0.41016328,0.0
オ,0.5296596884727478,0.2130906283855438,0.4559382796287536,-0.3788235783576965,0.0963736400008201,0.229296863079071,0.2386744916439056,0.2548413276672363,-0.0763473808765411,-0.5995948910713196,0.3987560868263244,-0.4263967275619507,0.4475667774677276,-0.2476707696914672,0.6969519257545471,-0.0656861960887909,0.0709809884428978,-0.1644545197486877,-0.0108748702332377,-0.3702743947505951,-0.7576481103897095,-0.413432627916336,0.3180697858333587,0.3614082336425781,0.053830225020647,-0.3144461810588836,0.024836154654622,0.22332763671875,-0.1629917174577713,0.0653100684285163,-0.163625493645668,-0.366718590259552,-0.2875009775161743,-0.143985703587532,-0.1412046998739242,0.7164433598518372,0.0447980128228664,-0.334321528673172,-0.048272281885147,-0.4448588788509369,0.2024504095315933,-0.0392537266016006,-0.0778143554925918,-0.4906745254993438,-0.4244580864906311,0.3569748103618622,0.1421144604682922,0.4508043527603149,0.3910716772079468,0.065802477300167,-0.2395339757204055,0.3987994194030761,0.2064034640789032,0.0377097837626934,0.5504782795906067,-0.1333968788385391,0.3774928748607635,-0.541711688041687,-0.0768055692315101,0.2613519728183746,-0.3717130422592163,-0.2485538125038147,0.521899402141571,-0.136066272854805,0.0811342075467109,0.026225758716464,-0.2150810807943344,-0.1482564061880111,0.0450063794851303,-0.7747994661331177,-0.2178253978490829,0.2925040125846863,0.3747594952583313,-0.3835846185684204,0.6918500065803528,-0.3065555095672607,0.2237822115421295,0.1153149232268333,0.2371601611375808,-0.2251027226448059,-0.3462476432323456,0.2766848802566528,0.2552945911884308,-0.7245570421218872,0.0226185377687215,0.0493616014719009,-0.4940282702445984,-0.9880563616752625,0.452703058719635,-0.3511286675930023,-0.0228992886841297,0.0741178765892982,0.2153235077857971,0.2377034276723861,0.0652189552783966,0.1718862056732177,0.1264184862375259,-0.2441621720790863,-0.2346249967813491,0.2505479454994201,0.0868691354990005,0.4093315303325653,0.32750204205513,-0.1709804832935333,-0.2634230852127075,0.0760699585080146,-0.1548914760351181,0.2174850106239318,0.2510367929935455,0.0809057801961898,-0.3745799660682678,-0.2978120148181915,-0.4654948711395263,0.2725546658039093,-0.0209189262241125,0.1435899883508682,-0.198187306523323,0.3388965129852295,-0.4349301159381866,0.6078699827194214,-0.2538466453552246,0.7915907502174377,-0.0356875881552696,0.3047783374786377,0.2150291949510574,0.5052955746650696,0.0175789315253496,-0.0272460542619228,-0.1284803003072738,-0.2572053372859955,0.0357783772051334,-0.0579200908541679,-0.6814077496528625,0.0921545028686523,-0.2537298202514648,0.9225340485572816,-0.0114336526021361,-0.0479016825556755,-0.136097177863121,-0.4668779373168945,-0.1524674445390701,-0.1324257403612136,0.2752945125102997,-0.4046907126903534,-0.1197020336985588,0.1626258939504623,-0.2094656676054,-0.4744023382663727,0.4888186752796173,0.3426395952701568,-0.391703337430954,0.8269580006599426,-0.7304170727729797,0.0575210861861705,-0.0262061338871717,0.3646568357944488,-0.7473659515380859,0.1510887295007705,0.0498598143458366,0.5594866871833801,0.0929848328232765,-0.4336896538734436,0.1997489929199218,0.3209051787853241,0.1022119894623756,0.4263670146465301,0.4947990477085113,0.234954759478569,0.1953546553850174,0.4709454476833343,0.0561673045158386,0.4962971210479736,0.0458567067980766,-0.2137681096792221,0.4985187947750091,0.2918106913566589,0.1293936520814895,0.2646268904209137,0.0680747330188751,-0.5479270219802856,-0.0365224033594131,-0.1630211323499679,-0.0103595312684774,-0.1495637893676757,0.4607514441013336,-0.16131691634655,-0.0502539128065109,0.1145083829760551,-0.2079464346170425,0.1704038232564926,0.0367571040987968,-0.262583464384079,0.3753058016300201,-0.6912090182304382,0.0999286249279975,-0.3194076120853424,-0.3274402320384979,-0.3803856372833252,-0.302856832742691,0.3924706578254699,0.0625739246606826,-0.0227741338312625,-0.1504396349191665,-0.1841774731874466,-0.8772600889205933,-0.3443240523338318,0.072902612388134,0.655198872089386,0.360122412443161,0.2266106456518173,0.0718065351247787,0.2478867173194885,0.4675061106681824,0.0748334527015686,0.1430813670158386,-0.0019422065233811,-0.2316767424345016,-0.1867131143808365,0.1263024359941482,-0.1210856661200523,0.4201357662677765,-0.0982303693890571,0.3487502336502075,-0.0542345009744167,-0.406590849161148,0.2436564266681671,0.0867293998599052,-0.3940061628818512,0.0503381453454494,0.7268115282058716,-0.2607754468917846,-0.6348714232444763,-0.4985277056694031,-0.0947990268468856,-0.6508302092552185,0.0662958398461341,-0.268383651971817,0.2855084538459778,-0.349700003862381,0.112674169242382,-0.1744929105043411,-0.4754193425178528,-0.1815786063671112,-0.2118682861328125,0.0328344888985157,0.1429506987333297,-0.0228110589087009,-0.1918207108974456,-0.51520836353302,-0.035258699208498,-0.3487142920494079,-0.4789979457855224,-0.0031026471406221,-0.5512425303459167,0.4469566941261291,0.2267684787511825,0.519576370716095,-0.0401957146823406,0.2230084687471389,-0.021178001537919,-0.0647084936499595,-0.8502422571182251,-0.1223883181810379,-0.082101322710514,-0.5005362629890442,-0.0289797261357307,0.0161732789129018,-0.4629672467708587,-0.3051377236843109,-0.4279847145080566,-0.0537696257233619,-0.4275308847427368,-0.4585559368133545,0.0507671535015106,-0.0609349831938743,0.121000550687313,-0.1441505849361419,0.4983959794044494,-0.4443674683570862,0.157625675201416,-0.6233783960342407,0.1977990418672561,-0.6939910650253296,-0.2582651376724243,0.0102615738287568,-0.2509933710098266,-0.385790079832077,0.1677277833223343,-0.4675479829311371,0.3769758343696594,0.3340494334697723,0.0589170567691326,-0.4295046031475067,-0.0234155897051095,-0.379841536283493,0.1281551122665405,0.2171487510204315,0.7272565960884094,0.2176287770271301,-0.0618875958025455,0.1726910173892974,0.4014920890331268,0.1911408603191375,0.1473643630743026,-0.1017887517809867,-0.2969529330730438,0.0840102732181549,0.055018100887537,0.6373216509819031,0.1061175316572189,-0.0175985414534807,1.0461182594299316,-0.3499410450458526,0.2470925748348236,0.49268639087677,0.2864406108856201,-1.7427469491958618,0.0124134626239538,-0.1290074437856674,0.0475340001285076,-0.2400045990943908,0.28074511885643,-0.0035546065773814,0.137170597910881,-0.459278792142868,-0.5403351783752441,0.9039117693901062,0.2878541350364685,-0.0093382988125085,-0.5122708082199097,0.3493413031101227,-0.2350283712148666,0.0298427008092403,-0.4780119359493255,0.2126775383949279,0.4782304167747497,-0.4107668399810791,0.0539882034063339,-0.1659918874502182,-0.537499725818634,-0.083966925740242,0.1677630394697189,0.1615692526102066,0.247225672006607,-0.5302152037620544,0.1380523741245269,0.3138780891895294,0.4008596837520599,0.7858495712280273,0.3039855659008026,-0.0616408102214336,0.0577767044305801,0.4450687170028686,0.1350419074296951,0.4254122972488403,-0.2856252193450928,0.1758316755294799,-0.0475820116698741,0.8534377217292786,0.0125897396355867,0.0911166295409202,-0.0015497871208935,0.1213041767477989,0.2295670956373214,-0.081953153014183,0.3548986315727234,0.1464321017265319,0.0478751249611377,0.1907066702842712,0.5322242379188538,0.5807309746742249,0.1449556350708007,-0.2838995158672333,-0.3661825656890869,0.0364569164812564,-0.321286529302597,-0.6244051456451416,-0.3386206030845642,-0.3438629508018493,-0.1222211271524429,-0.4495676457881927,0.2929139733314514,-0.0296255443245172,-0.5183850526809692,0.0549229495227336,-0.3556650280952453,-0.4252268970012665,0.3321499228477478,-0.0532559305429458,-0.7333111763000488,0.5861435532569885,0.2217282354831695,0.2881442606449127,-0.5338570475578308,-0.6530799865722656,-0.0423921756446361,-0.2733902633190155,-0.3039427995681762,0.1676573008298874,-0.3308295905590057,-0.0540301539003849,0.3473367393016815,-0.0784889757633209,-0.0932381302118301,-0.3437794744968414,-0.2950970530509949,-0.7089868783950806,0.1887605041265487,-0.0504166632890701,0.3232135474681854,0.0219684243202209,0.2221865206956863,0.2203065305948257,0.0448722839355468,-0.2711859345436096,0.0839256197214126,-0.3249978721141815,0.5804333090782166,0.3907267451286316,0.1664255708456039,0.581920862197876,0.4442465603351593,0.2811322212219238,0.5245891809463501,0.0202089324593544,0.0134099787101149,-0.610522449016571,-0.3011751174926758,0.7100160717964172,-0.0379120931029319,0.2432178258895874,-0.107879638671875,-0.0181926805526018,0.6090810298919678,-0.0324829034507274,-0.5741919279098511,0.0005142665468156,0.0738754346966743,-0.1841550320386886,0.262513518333435,0.6575903296470642,0.8228428959846497,-0.0232491437345743,0.0209028869867324,-0.140678659081459,-0.1875307261943817,0.3151618540287018,-0.1306444257497787,-0.1179750114679336,-0.2945268750190735,0.0095409927889704,0.2994397580623626,0.6596575975418091,0.2006724327802658,0.6231606602668762,0.3094731569290161,-0.3437167704105377,0.2674251198768616,0.435273140668869,0.4795292615890503,-0.2945265173912048,-0.2899815738201141,-0.3539811670780182,0.0258303135633468,-0.3896693289279938,-0.0662572011351585,0.6731356978416443,-0.1594995409250259,0.1768974959850311,0.0076765068806707,-0.6110824346542358,-0.6220504641532898,-0.3782775104045868,0.1608152389526367,-0.0992601439356803,0.1433831602334976,0.2025719732046127,-0.0135760903358459,-0.4930251836776733,0.1857774257659912,0.0561464726924896,0.2988999783992767,0.5034912824630737,-0.1536019593477249,-0.0901676565408706,0.0035907886922359,0.0382498726248741,0.0676893964409828,-0.1810710877180099,0.0458883009850978,-0.2628243565559387,-0.4944120943546295,0.0162131208926439,0.1840128451585769,0.2542142868041992,-0.1465330421924591,0.6534149646759033,0.1324674189090728,-0.5132039189338684,-0.565060019493103,-0.237240582704544,-0.2221661806106567,-0.0452727153897285,-0.4980322420597076,-0.0901912376284599,0.0443757846951484,0.3667648136615753,0.0876772403717041,0.2802462577819824,-0.3576146960258484,0.0792291760444641,0.2387515604496002,0.6340348720550537,-0.1300701349973678,0.2300144582986831,-0.1985842436552047,0.0217490531504154,0.0881654992699623,0.0755990594625473,0.0594925098121166,-0.1432090848684311,-0.536220908164978,-0.6978509426116943,-0.3783296048641205,-0.1789586842060089,-1.0786592960357666,0.5394381880760193,0.1386258453130722,0.2410538047552108,-0.4676302969455719,-0.4629960358142853,-0.147763043642044,0.3010770082473755,-0.115580216050148,0.4248737096786499,-0.2177674025297165,-0.5781479477882385,-0.0497000403702259,0.1251947283744812,-0.6601473689079285,0.9405031204223632,0.2545405626296997,-0.4916508197784424,-0.3954956829547882,0.387395292520523,0.1958344131708145,-0.2218459993600845,0.1072808057069778,-0.1325920820236206,-0.5393648147583008,0.1550326347351074,-0.3469339609146118,0.3210111856460571,-0.1543601602315902,-3.526743239490315e-05,-0.1246603056788444,0.5851903557777405,0.3443279862403869,0.2443006783723831,0.0775589197874069,-0.2279006391763687,-0.2089708745479583,-0.2480691522359848,0.3257020711898803,0.1407943069934845,0.3850536048412323,-0.1766823679208755,0.3162503838539123,0.5831259489059448,-0.8466090559959412,0.0867414474487304,0.7604172825813293,0.4110320210456848,0.444315493106842,-0.1525647640228271,0.03209038823843,-0.8170374035835266,0.1355699896812439,0.1418216824531555,-0.0172215569764375,0.4570207893848419,-0.0356507040560245,-0.1375111788511276,-0.4097650349140167,-0.0168074183166027,0.4003950655460357,0.1728287488222122,0.0364892520010471,0.4355419874191284,-0.1556229144334793,0.5133227705955505,0.3383309543132782,-0.2615169286727905,-0.3602937161922455,0.0543467439711093,0.4090258181095123,0.7752847075462341,0.1817598491907119,0.3601688146591186,-0.7150218486785889,-0.6305393576622009,0.3012827634811401,0.0831094086170196,0.3051785230636596,0.5014293193817139,-0.2748686373233795,-0.0627902820706367,0.6112644672393799,0.2978948354721069,-0.0707817524671554,-0.3294468224048614,-0.4165408909320831,-0.1707163900136947,-0.2366679608821869,-0.5008911490440369,0.2017518132925033,0.0845913216471672,-0.0467947907745838,0.2117699682712555,0.0154199143871665,0.0983888357877731,0.5822260975837708,0.0028719732072204,-0.305047333240509,0.2047902196645736,0.0614336542785167,-0.0901422724127769,0.0808300226926803,-0.2235193252563476,-0.2465935945510864,-0.0241717658936977,0.2415190041065216,-0.1573673337697982,0.2025086134672165,0.0340979881584644,0.1619161665439605,0.3305917084217071,-0.4448821544647217,-0.1901049017906189,-0.314644455909729,-0.3174638450145721,-0.1307286322116851,-0.6577920317649841,-0.3597747385501861,-0.0309588555246591,-0.0471150875091552,-0.1592544317245483,-0.05937360227108,-0.4678713381290436,-0.2325161099433899,-0.4492211043834686,0.2522855401039123,-0.1734455525875091,-0.8417651653289795,0.3823029398918152,0.2627186775207519,-0.1252967417240142,-1.1999207735061646,0.247536301612854,0.1704616248607635,0.2441152334213256,0.1721053123474121,0.704698920249939,-0.3422385454177856,-0.2607019543647766,0.0875810459256172,-0.2855316996574402,0.2547450661659241,-10.516351699829102,0.1059780791401863,-0.4225786030292511,-0.3998930752277374,-0.3504877388477325,0.3931498527526855,0.6256321668624878,0.5662823915481567,-0.1955859363079071,0.1214233934879303,-0.0340548641979694,0.0915949419140815,-0.0144770285114645,0.6837878823280334,-0.5207838416099548,-0.3065536618232727,-0.2305571138858795,-0.0215277168899774,-0.0403221026062965,-0.2391912043094635,0.1143146902322769,-0.284472644329071,0.5086359977722168,0.7366798520088196,0.5462241768836975,-0.4084236323833465,-0.2611879706382751,0.0024734144099056,-0.2027534991502761,0.5919749736785889,-0.6013648509979248,0.5325713157653809,0.0364352501928806,0.3010843992233276,-0.1525362879037857,0.2529691159725189,-0.4028312265872955,0.6683297157287598,-0.0390014834702014,0.4041423201560974,0.3153025507926941,0.4241274297237396,-0.025679500773549,-0.0304168835282325,0.1748992651700973,0.2391737103462219,0.469064712524414,0.0111696710810065,0.5418323874473572,-0.2422156333923339,-0.1271032989025116,0.1338433921337127,0.0682288780808448,-0.0943486765027046,0.4556112885475158,-0.0305458642542362,0.6394035816192627,-0.6745585203170776,-0.031642060726881,0.0643760710954666,0.3380284905433655,-0.0773757696151733,0.3833673596382141,0.444365918636322,0.30074143409729,0.4105566740036011,0.5217416882514954,0.3653739690780639,-0.9130431413650512,-0.2377991825342178,0.1625676453113556,0.471616268157959,-0.0950486809015274,0.3251329064369201,-0.2567318379878998,0.3133965134620666,0.3614666759967804,-0.2959363758563995,0.0550640672445297,-0.0280053783208131,0.2839506864547729,-0.3029759228229522,0.0833558365702629,0.2407184094190597,-0.621874213218689,0.0487202405929565,-0.0832330659031868,-0.04812478646636,0.259869247674942,-0.4461257457733154,0.2382365614175796,0.0838035121560096,-0.5344372987747192,0.5065318942070007,0.4480125904083252,0.0181824807077646,-0.121032990515232,0.2265196144580841,0.4854059219360351,-0.0247120037674903,-1.3044816,-0.978676,0.81046194,1.8885647,-0.40566733,-0.68383354,-1.1546983,0.23466621,1.6184937,-1.1755338,0.6978479,0.26272348,-0.9841399,2.169431,0.28747347,0.28407514,0.9754302,-0.42702505,0.73168784,-1.0156368,1.1161528,0.018403172,0.931659,-0.6392097,0.34515664,1.2126838,0.5850006,-1.3844734,-0.10061294,-0.67838526,0.10242567,-1.056266,-0.9596513,-1.1599202,-0.21212022,-1.3445765,-0.70779276,0.73729753,-0.18345152,-0.34429637,-0.93007296,0.46635547,-0.24889855,0.5220242,-0.8161118,-0.19302142,1.9104584,-0.2044257,0.5500966,-0.26261,-0.27331522,-0.29522702,0.3429409,1.1847674,0.3016564,-0.31270114,0.65359235,0.6045189,0.9207184,-0.9909751,1.1436611,1.5083987,-1.8214302,0.4132608,0.8028667,0.938049,0.3550727,-0.54706234,-0.44513378,-1.2366761,-2.8068416,-0.5352135,0.065731436,1.5640084,-0.84265405,0.7850706,0.17773795,-0.7960412,0.12994993,-0.14491534,-0.43065837,0.61543924,-0.7512365,1.5169348,-1.0687809,-0.5034721,-0.5882532,-0.116453625,-1.6527895,-0.31225017,0.48448405,-1.007207,-2.055583,-0.76939374,0.3551314,-0.38724998,-0.35065636,0.015523132,-1.4568887,0.039417904,0.4732509,0.77351904,-0.37653434,0.2726138,-0.9219448,0.6692279,-0.40742254,-0.42320904,-0.8489172,0.939974,-0.031751204,0.48396656,0.6627747,1.9264216,1.1113931,0.90219784,-0.8610015,-0.95910746,-0.61196744,-0.44165435,0.2696602,0.05178376,-1.1875955,0.29483464,0.29890946,0.7429469,0.34557077,-0.58303875,1.093999,-0.24309725,0.4663974,-0.44228014,0.7771726,1.0966133,-1.3214921,-0.84214634,-0.57487077,0.35843697,0.29817274,-0.30977246,-0.9574745,-0.7651484,0.0039229295,0.38900313,0.19920488,-2.4182127,-0.5561055,1.196096,0.38671145,0.20645511,0.040430766,-1.0159346,-0.32082364,0.6949397,0.860723,0.447618,0.42507657,-0.39350423,-1.1569757,1.6519257,1.2819476,0.5636482,-0.47127318,0.18099184,0.03547001,0.97617054,-0.84524316,0.76825315,-1.0040984,-2.0088255,-0.7365585,0.51627105,0.3831871,-0.17642228,0.29577726,-0.49913278,1.0928228,0.41829026,-0.61056197,-0.172504,0.7590129,1.3362116,0.44010958,1.3211802,0.2984075,1.014517,0.41502273,0.17153244,-0.81639534,0.058520596,0.8705595,0.07940909,0.40522537,0.89474505,1.9598738,2.1067402,0.7045869,-1.3388666,-0.74345666,0.57462555,-1.7083507,0.31627408,0.7163684,-0.22299252,1.631957,-0.964441,-0.94898343,1.8117357,0.25431105,0.314982,-1.4994065,-1.1687226,0.22808532,0.6600053,-0.7044745,-0.28756046,-0.278807,0.32070437,-0.5150575,-0.41947827,0.21064372,-0.2069205,-0.4886268,1.1561066,-1.7306126,0.5744271,1.4102789,1.0652803,0.8168337,1.0369292,-1.3040818,0.04862992,0.38436162,-0.6392719,-0.35007465,0.12726057,0.16003577,0.8828537,-0.66720563,-0.5255123,0.02008754,-1.2471157,0.2611228,0.030697858,0.3782297,1.1801449,1.9018097,0.29568088,-1.6781301,0.09515027,1.3552346,0.24208266,0.501967,-0.15927792,1.5518557,0.77311,-0.28568867,-0.17789336,-0.321522,0.31865337,-0.7171824,0.7807209,0.23414533,0.8391447,0.020025274,-0.059969813,-0.11840546,-0.39888737,0.1380008,-1.207514,-0.9810311,-0.8654843,-0.8085361,0.06326301,-0.528901,-0.30407438,-1.8140916,-0.95378953,-1.9310507,-0.54208225,0.7159605,-1.7137083,-1.0290835,0.1767934,-0.31870502,0.12678544,-1.0692598,-0.10954066,-0.17857474,0.5500291,-1.7092094,1.2280561,0.536781,0.94477206,1.4355453,0.03739478,1.4336977,-0.5327656,0.8239317,-1.2513591,0.6148182,1.3890427,-1.3077443,0.57303786,-0.010738169,0.7282562,1.1697516,-1.2567157,0.11454835,-0.29035616,-0.082503386,0.5565813,-1.4703436,1.8380741,-2.1839287,0.7052188,-1.1848361,-1.0474235,-0.3457276,-0.4109881,-1.388168,1.0907127,0.96706945,0.11316059,0.79138875,-0.763572,-0.13467215,0.27995208,1.3457338,0.21191554,-0.3350493,1.2860867,-0.61307746,-1.1806083,0.84757924,0.8767093,-0.6393343,-1.2506336,-2.0883274,0.044845756,0.34013858,-0.0671586,0.58730906,1.0636584,-0.506222,0.27070966,-1.215819,-0.2662274,-0.31868047,-0.9436569,1.2881078,0.4798505,2.2230244,-1.0797182,-0.8073728,1.0525807,-1.5269691,-0.15342544,-0.78597164,1.7721485,0.19139166,-0.2018003,0.57592195,-0.43852553,-0.95207375,0.18575317,0.941964,-0.19520779,1.711892,1.0082663,-0.62882704,1.3119696,0.6576411,1.0506037,-1.3312279,-0.44150963,1.5671762,-0.33220792,-0.5004743,-0.733646,-1.4829742,0.13542445,-0.13236998,0.570836,-0.40723774,-0.70821905,0.9107415,0.31237927,-2.015837,-1.081677,-0.83460456,0.8438094,0.8488936,2.1331584,1.3687478,0.20838244,-1.5376924,-1.4304472,0.06796567,1.0233815,-0.13834901,0.32636455,-1.3101724,0.10425476,0.31235588,0.181217,-0.94068885,-1.8895212,1.9575857,0.30574995,1.01292,1.5162787,-0.03738539,-0.90814894,-0.3414795,1.0432707,0.3663627,-0.9128556,-0.6654461,0.66845363,-1.2068182,0.9073301,-0.02837205,-0.2848322,0.45122227,0.18864234,0.6836722,0.7078655,-0.63846177,-0.53629214,-0.3056347,0.74201494,-1.4966326,-0.24443625,0.6208505,-2.6325893,0.27859452,-1.0333781,-0.55729514,-0.05616516,-0.46659598,-0.27261323,-1.5167195,-0.12329081,-1.3100576,-0.29178286,0.0094107585,-0.94817203,-1.753414,1.39753,1.3391708,-1.0162941,0.5317237,0.19887151,0.14096685,0.57793075,-0.093019105,-0.27715993,0.27795598,-1.0507698,-0.36446652,-0.6583981,-1.1442354,-0.6676688,0.62806815,-0.95802355,-1.0693948,1.2704514,1.6999887,-1.63648,-0.64867836,-0.22556703,-0.91002274,0.7144377,0.038684588,0.8557162,0.15038143,-0.6067493,-0.66482157,0.53841746,0.9481907,0.10200784,-0.5251024,0.5349003,-0.055837423,0.24533279,1.7846037,0.6758814,0.1577493,1.081182,0.2667223,-0.97545475,0.69570595,0.5802196,-0.10099087,1.3962164,-2.3634717,-1.11633,1.3442281,-0.8896069,-0.74553174,0.04665384,0.022527179,0.28509906,0.26495597,0.2486958,1.3450176,1.0852689,0.53693855,2.0670068,-0.61557317,-0.7072456,-1.0379928,-0.46785268,-0.46359885,-0.18106616,1.0838779,0.5041857,1.5276985,-0.5261727,-0.4684124,0.5370318,-0.48801896,-1.2035626,0.5725201,0.7640045,-1.0818564,-0.9028408,0.5400433,-0.930978,0.5480574,-1.8237475,-0.5160545,0.5461145,0.18846601,-0.07866911,0.021102706,0.3712339,-0.05364136,-0.9813717,0.63194424,1.0414523,0.6795842,-0.32983524,-1.4447565,0.21403582,-0.37096402,-1.6998543,-0.7217622,-0.37219736,-0.4174033,0.47748482,-0.27096787,0.40007237,-1.6171612,-0.6302286,1.9100584,-0.011623924,-0.05484962,0.5980054,-0.7813735,1.96217,-0.8628021,-0.77701217,0.9676828,0.40727863,-1.6620617,0.42002055,-2.0533547,-0.57188493,-0.63500977,0.65404814,-0.31360576,1.3787403,-0.115242206,1.2892367,0.12460556,-0.43287405,0.7259334,0.3905001,-0.11917605,0.41146076,-2.511637,0.8488028,-0.5458699,-1.1746683,-0.32541248,0.825497,-0.48216844,0.10194092,-0.9824431,0.565877,0.7032165,-0.8593529,1.053523,1.8378105,-1.1233326,-0.5823737,0.8876529,0.48818016,-0.528132,-0.12895766,2.984129,0.8376742,1.5636549,-1.019856,-0.4192855,-0.6800459,0.3104376,-0.77435225,0.5444832,-0.5745326,-0.16157739,0.46754798,0.06636525,0.8766704,-0.98600465,0.17455047,0.71980685,-0.88644004,0.058493257,-0.06361103,-0.78489256,-1.4968487,-0.85197467,1.1602577,0.86917204,-0.6265746,0.04473341,0.34033927,1.6778889,0.713881,-0.48713517,-0.4683635,1.2768255,1.1651868,1.01118,-0.43068743,-0.7670576,0.9271803,1.9377099,-1.0859008,1.1123873,-1.1341861,0.15388285,-1.9414315,0.829346,0.64278966,0.24078786,1.7505589,1.0575448,0.1535504,0.31476566,0.10353055,-0.023587108,-0.13065617,-0.38129735,0.2883195,-0.5354583,-0.57170916,0.2693421,-1.7485119,-0.394873,0.056354452,1.4473647,-0.29907033,-0.29581052,-0.56856066,0.4968284,-0.21727139,-0.74352115,-1.133978,0.10697911,-1.5717605,1.719114,1.0485579,0.1196628,-2.4756248,0.4601601,0.87755966,0.83352965,-1.0273575,0.20069371,0.32012042,-0.6715989,-0.66205263,-1.6263415,-0.8194418,0.34682372,2.0889733,-0.3151298,0.7436729,-1.2322617,0.60034746,-0.5069549,-0.6381553,0.46771097,0.14069937,-0.7612469,1.786541,1.0419,0.29245135,-0.1106368,0.9034374,1.3673844,0.18478037,-0.43351337,-1.5371882,0.82503384,0.96152335,0.64630383,-0.9725609,-0.11338719,0.63239676,0.07521668,1.4225273,-0.84834296,-0.5033567,-1.385725,-0.64647603,-1.374816,-0.34093967,-0.6557965,-0.28238428,-0.60306185,0.5244027,-0.34337547,-0.15500112,0.70351243,-0.75640297,0.44552052,0.12794061,1.2076279,0.507659,0.4659294,0.08564129,-0.47754177,-0.017158587,-0.96570903,-0.7037185,1.1745352,-0.47436884,-0.17659469,0.7717703,0.36843392,1.6046985,0.93688536,-0.5517665,0.48845264,1.0770793,-0.29519066,0.47349033,-0.16728187,-0.5550069,0.27470928,-0.18208486,0.22784714,-1.3149222,-0.25367835,-0.5982189,0.30815676,0.7967718,1.0614322,0.24272846,0.5499088,1.2259488,0.7921319,-0.86781794,-1.4783926,-0.116604656,0.88214886,0.63778913,-1.4584675,0.06309952,-1.1795167,1.165491,0.9131294,0.41256058,1.3782526,-0.3136181,-1.3864759,1.7264552,-1.1015792,0.12117314,0.6736454,-1.2469053,0.8818115,-0.0035458151,0.6342622,0.9531964,0.5383862,-1.2989124,0.9482153,0.2283746,0.8062874,-0.26343286,-0.8584382,-0.7884575,-0.034159333,-0.5872964,-1.3108132,-0.6562171,0.55120987,-0.68445796,-1.7706214,1.3831701,0.3968339,-0.5123264,-0.9607774,0.951465,-0.15430865,0.11540887,-0.72171926,-0.33138373,1.8563097,-0.97612536,1.4106653,-0.76643306,-1.2444594,-0.65458286,0.84681165,0.74930865,0.7788097,-0.38197604,1.6193615,0.9981527,-0.3763195,-0.48011944,0.49991837,-0.05686322,-0.99769974,-0.17783117,0.45121366,0.98093694,0.34274977,0.0322873,-0.17222694,0.2914552,-1.7753778,-1.5562785,-0.040410243,1.2639611,-1.8147466,0.28061533,-0.25348055,-0.87832433,0.24168313,-0.052446894,0.6473919,-0.35794377,-0.7876862,1.6625228,-0.9588026,-1.1375998,-0.4271105,-0.2729605,-1.3735486,-0.089804664,-0.1930284,-2.012048,-1.5524833,-1.2891818,2.119598,0.9776441,-0.8575483,-0.7877951,-1.4018958,-0.6403491,-0.06549914,1.1211294,0.2749019,-0.8698656,-0.9481143,-0.10654495,-0.60145044,-0.430527,-0.37366694,0.9398201,-0.2507213,0.42717373,0.729445,0.9336542,0.57876587,1.0225937,-1.1713874,-0.8468834,-0.2188153,0.44454205,1.9136673,0.097357355,-0.9849926,0.4992744,-0.12040228,1.3160279,0.38519675,-0.93329954,0.49014825,-0.057974204,1.0502622,0.04734229,2.1724944,0.65161604,-0.5519809,-0.35311684,-0.04758898,0.6223229,0.5792013,-1.0861524,-0.31470513,0.42603928,-0.35617304,0.07079649,0.6636284,-0.53182495,0.067949355,0.23320597,1.4124672,0.62363774,-0.49189454,0.6933331,-1.639785,-0.047982886,0.9573764,-0.74063987,-0.24066025,0.5777789,-1.2457361,1.2484081,-0.9104141,1.2640263,-1.0654361,1.0845331,-0.07452527,0.5539908,-0.46022785,0.20952359,-0.37275493,-2.3122728,-0.16069354,-0.0185574,0.24443287,-0.18159902,0.26100835,-0.19548586,0.566228,0.5008434,-1.6428258,-0.32688308,1.4825099,0.6673832,-0.12758332,1.1720126,-0.30139595,1.1647242,0.41037214,0.092830166,0.32924512,0.07918404,0.7586951,-0.948337,1.3486594,0.92238104,0.5763259,2.8847508,0.550757,-1.4100869,-1.2665344,1.1506323,-2.2710214,-0.8089884,0.67092407,-1.5952404,1.0697298,-1.1434386,-0.98144317,1.5871329,0.2672025,-0.16897023,-1.3283571,-1.0757842,1.0515368,0.994631,-0.45560968,0.24592037,-0.64417183,0.3869781,-0.6936541,-0.36836365,1.3510259,0.99501485,0.5322408,0.89069617,-0.4657546,0.40835813,0.13213727,0.033986345,0.37614658,0.72262543,-1.1489471,0.47880098,1.0752985,0.015720274,-0.39623132,0.46278396,-0.5476317,0.40639704,0.25955552,0.64259636,0.47768933,-0.39773175,0.30803764,-0.014227927,0.5752635,0.5610512,1.8350098,-0.08605714,-1.8979275,-0.7593479,-0.14826244,1.4489996,0.5212239,0.55836195,0.6739551,1.4230587,-0.5405773,-0.064851575,-0.2889004,-0.699998,-0.81415176,0.73986983,0.24211788,0.3240481,0.26760375,-1.0281305,-1.0149473,0.28229004,-0.14973208,-0.6133101,-1.0483428,-0.5245733,-0.9516368,0.84325534,0.55690515,0.2905063,-0.7545299,-1.0691835,-0.30046788,0.83640736,0.7296911,-1.6703439,-0.17455685,-0.19181028,-0.88153446,0.04263112,0.040361255,-0.2219569,0.52118295,0.6660703,-1.5457991,0.640124,0.15562314,0.9828938,1.4035144,0.027226001,1.1357515,-1.0153605,0.15760702,-0.32018837,0.6038799,0.6564434,-2.0264184,0.75210047,-0.4924812,-0.61308324,1.6599114,-1.1190917,-0.03614881,-1.3484833,-0.44246218,-0.84724975,-1.2208099,1.9807949,-1.5404365,1.4946945,-1.4967037,-0.40986183,-0.75455874,-0.733656,-1.4283496,-0.006629586,0.018839568,0.17602077,1.2183897,0.079684675,0.020132244,0.1901539,0.0325548,1.4887557,-0.1660266,0.38464594,-1.0825094,-1.454206,-0.028691974,0.9515755,-1.9627391,-1.256338,-1.2141299,0.03097386,0.1172573,-0.6530827,-0.6615037,0.8722401,0.0419532,0.3161528,-0.95349795,-0.80970883,0.14947562,-0.9096569,1.7260652,-0.6630534,1.7585112,-0.9610613,-0.8648588,-0.08062346,-1.3189722,-0.10715118,-0.8129841,2.0107436,0.46554002,0.56391686,-0.24365169,1.0898657,-0.07090637,-0.9922479,1.07604,0.57431877,1.6424571,-0.36426765,0.16448829,1.4992514,-0.32733828,0.7674715,-0.3716717,-0.13240917,1.7005196,-0.5479565,-0.9283739,-0.17140344,0.34956393,-0.28472483,0.10081133,0.6259819,0.13750014,-0.054574832,0.6154334,0.98761696,-0.4026306,-1.347916,-0.69355536,0.9605127,1.1330757,1.7684741,1.1313646,-0.46167576,-0.11432171,-2.3336906,-0.025778696,0.8129104,1.0921427,0.40333813,-1.5626901,0.597628,0.6567791,0.30145314,-1.6085355,-1.1813533,1.8570242,0.56887597,-0.08787374,1.9276104,-1.098638,-1.5437967,-0.70409274,0.72831124,0.09455137,-0.99523944,-1.1587068,0.09481343,0.22637254,0.8970643,0.9563103,1.2025932,-0.057618663,-0.37519294,0.21880586,0.30937582,-1.241034,0.080492646,0.056213394,0.56195456,-1.2296929,-0.3471691,0.4173092,-1.8864794,1.1927302,-0.523479,0.20089892,-0.53599936,0.0079793185,-0.6668649,-0.0747457,-0.1564419,-1.3774773,-0.42054284,1.141849,-1.4237264,-0.99061584,0.96068585,1.4191829,-0.98459065,0.30383444,0.47882104,-0.2559392,0.81624657,-0.29780695,-1.0433366,-0.39731902,-0.24358286,0.2239044,-0.8399468,-1.9623773,-0.49495006,0.74156094,-1.3136718,-1.306389,0.51607525,0.8148266,-1.0967581,-0.7263399,-0.39377046,-0.14479195,0.72408473,0.7424735,-0.090773284,-0.18908337,-1.1451782,-0.020410163,0.3314478,-0.20510909,-0.5342903,0.45417187,0.32552433,-0.4479937,0.12222442,1.4826043,0.12053814,1.5967712,0.97568274,0.33513695,-0.18437475,0.71556944,-0.47812873,-0.13232201,0.52725846,-0.8977461,-1.2656602,1.7364031,0.12927909,-1.0342709,0.037358534,0.16316438,-0.17491922,-0.15966298,-0.13153687,0.2811271,1.6032484,1.0461234,1.70749,0.20691317,0.15436408,0.047440626,0.49138573,-1.2306745,-0.78849113,-0.3120312,0.48819554,2.7827296,-0.6438108,0.677382,0.91096896,-0.9376838,-1.1657767,0.3501721,0.07001806,-0.24963227,-0.78612566,0.4389181,-1.1745001,0.051975057,-2.2223115,-0.34625286,0.9113669,1.2295021,-0.65541404,0.39850375,0.6509155,0.066468745,-1.1338224,0.14241946,0.877594,2.0103397,0.09939656,-0.68726486,0.80033743,-0.40612957,-1.99002,0.08290228,-1.3657396,-0.5717915,-0.092383355,-0.8337823,-0.065773636,-0.051575445,-0.720562,1.369241,0.11394526,0.09085097,0.48189014,-1.5979933,0.9430076,-0.21466386,-0.4541157,1.9745255,0.650378,-1.4973447,1.159002,-1.2742481,1.6985824,-0.27383572,0.47367594,1.3281925,0.012379147,-1.1562665,0.61570936,-0.26323882,-0.35733637,-0.67216814,0.31690365,-0.63999504,0.37077433,-1.9030988,1.3349595,-1.5826395,-0.874841,0.22523087,0.8979365,-0.32864857,-0.0726029,-0.3581288,0.84226304,0.24101847,-1.078811,0.5505271,1.8602417,0.075373806,-0.95864826,0.6480517,0.4096411,-0.47973678,0.06444103,2.1534538,0.29914576,0.60906124,-1.3076367,-1.0890598,0.33257553,-0.25418645,-1.1226072,-0.74390244,0.10647254,-0.07966465,0.5922762,-0.35821715,0.49498576,-1.1119748,0.30974132,0.4148772,-0.5560849,-0.8954625,-0.14126575,-0.45507205,-0.5260678,-1.123409,0.72547805,0.75922346,-1.0560914,0.373746,1.0169454,1.3423253,1.086165,-0.32163465,-0.94399464,0.5886997,0.50962174,0.95259446,-1.939462,-1.9906665,0.501515,1.3492732,-0.64091444,0.33210504,0.29837984,0.280269,-1.4581685,1.2814631,-0.16512656,-0.18467839,1.452701,0.22709905,-0.028392104,0.7726991,0.11619413,-0.36911848,0.25759244,-0.8337208,0.16888213,0.5044937,-1.0719911,0.2120916,-0.1744412,0.04882092,-0.55828404,0.43792328,-1.6383412,0.6050594,0.61789215,0.46830305,0.6995087,0.33043903,-1.2972276,-0.44278097,-0.3613036,1.3014148,1.1517574,-0.4098531,-0.4751797,-0.18271625,1.6906127,0.29951715,-0.22354455,-0.05625058,0.69767654,-0.84281135,-0.53544575,-0.9184656,-0.39485028,0.199283,0.3350498,-1.0796133,0.8836735,-1.9988391,0.68064654,-0.04268895,-1.7609499,0.20441672,0.37763447,-0.28885597,2.5017824,1.3633397,-0.5044408,0.07221344,0.5735702,0.56399345,-0.39723724,-0.46566865,-0.8822912,0.6040637,1.3909034,0.3941802,-1.3899095,0.3441166,0.26927364,-0.18498771,1.4747121,-0.37648657,-0.53711754,-0.8903662,-0.047205634,-0.5851711,-0.55450463,-0.3837033,0.30650565,-1.7651415,0.639403,-0.8061346,-0.5731602,0.455234,-0.82630426,0.080163345,-0.4048154,1.1673825,0.6505283,0.55247754,0.8265181,-0.6327253,0.13647962,-1.0771983,-0.5589167,0.37580925,-0.4283411,0.8689085,0.3316657,0.85396564,1.6109624,0.2037478,-1.5388649,0.57782435,-0.36815676,1.3088744,-0.24402475,-1.125791,-0.23305671,0.10607746,0.6706356,0.5817098,-1.0599297,-0.25638378,-0.09900333,0.23371449,0.27648517,0.24757442,0.18429688,0.17965585,2.113803,1.0623633,0.29913133,0.0
ニ,0.2399881780147552,0.498018354177475,0.8955079913139343,0.005041497759521,-0.2969804406166076,-0.1288875639438629,0.8377258777618408,-0.2465835809707641,-0.6963340044021606,-0.3838145136833191,0.5023658871650696,-0.2319454699754715,-0.2090045362710952,0.0123188756406307,0.3375872373580932,0.0955833196640014,-0.2994687259197235,-0.3320967853069305,0.105328544974327,-0.3356218636035919,-1.199247121810913,-0.4857733249664306,-0.014517749659717,0.0603932812809944,0.0599503107368946,-0.78136146068573,0.1385903805494308,0.0701314210891723,0.1482769697904586,-0.4499062299728393,-0.5657681226730347,0.0919201374053955,-0.1736220568418502,0.0030534949619323,-0.4910091757774353,0.6131080389022827,0.015275546349585,-0.0971176624298095,0.5189294815063477,0.1481046974658966,0.0030237135943025,-0.1044567003846168,0.0200241766870021,0.041071742773056,-0.100732646882534,0.4264664351940155,0.132814809679985,0.496850311756134,-0.1855993121862411,-0.1612194776535034,-0.3438955247402191,0.3898206353187561,0.5209559798240662,0.1577526032924652,0.192417174577713,0.0655715242028236,0.8847101330757141,-0.6201813220977783,0.2481703907251358,0.445669949054718,-0.4492683410644531,-0.5545591711997986,0.2076460719108581,0.0906073600053787,-0.3409030437469482,0.4919306635856628,-0.5973501801490784,-0.1568299680948257,0.4562695026397705,-0.5391255617141724,0.0492937266826629,-0.2538284361362457,0.144734114408493,-0.7692111730575562,0.5159355401992798,-0.4594015777111053,0.1821346580982208,-0.1125316768884658,-0.0764267742633819,0.1738098114728927,0.2126527577638626,0.2442357540130615,0.0553750321269035,-0.6869986653327942,-0.3677364289760589,0.6940591335296631,-0.9101846218109132,-1.0816364288330078,0.8663680553436279,-0.2362627536058426,-0.1768848001956939,0.3000737726688385,0.1569752246141433,0.0842565894126892,0.670451819896698,0.6204149723052979,0.0854531079530716,0.2576430439949035,0.0282056499272584,0.2926505506038666,-0.3810499310493469,-0.2817577421665191,0.3634460270404815,-0.3957997858524322,-0.4156117737293243,0.2613184750080108,-0.18729268014431,0.3636125922203064,0.0976108461618423,0.4044984877109527,-0.2066918462514877,-0.9868265986442566,-0.2262287437915802,0.1464495509862899,0.5395494699478149,0.2332690209150314,-0.1634886115789413,0.3493140339851379,-0.2618437111377716,0.2535730302333832,0.1716625392436981,0.5832396149635315,-0.0342006832361221,-1.1091642379760742,0.0796048045158386,0.3212693035602569,-0.0885724648833274,0.0260915197432041,-0.1137551367282867,-0.1529953628778457,-0.4824707508087158,-0.6091140508651733,-0.3289887309074402,-0.0974496304988861,-0.60126131772995,0.651743471622467,0.6650561094284058,0.5216874480247498,0.0827017351984977,-0.281015008687973,-0.6038870811462402,-0.0620010271668434,0.4018469750881195,-0.3225410282611847,0.6033268570899963,-0.0102281784638762,-0.4963041245937347,-0.4260859787464142,0.162226527929306,0.1483174860477447,-0.1598769277334213,0.80233234167099,-0.7591325640678406,-0.061724979430437,0.1537837088108062,0.451979249715805,-0.7278866171836853,0.169708713889122,0.2764085531234741,0.1890266835689544,0.7832756638526917,0.3377169668674469,0.1770556718111038,0.7063726782798767,0.3589708805084228,0.3684092462062835,0.3855596780776977,-0.3533316552639007,0.0153440618887543,0.4558740854263305,0.3503834903240204,0.2179538458585739,0.7681988477706909,0.1386443674564361,-0.5556210279464722,0.6621384024620056,1.071463704109192,-0.3012385964393616,-0.2049427926540374,-0.5722112059593201,-0.2706075012683868,-0.2144170552492141,0.5491052269935608,-0.7793207168579102,0.5074599385261536,-0.0006776891532354,0.000281504180748,-0.2342703640460968,0.1572796255350113,0.6060560941696167,-0.4203536808490753,-0.5844647288322449,0.2661496698856354,-0.5123875737190247,-0.2070800513029098,-0.2717030048370361,-0.2051060050725937,0.2209423929452896,-0.9210068583488464,0.3236485123634338,0.4330968856811523,0.073336474597454,-0.1983409821987152,-0.4938555061817169,-0.6892940998077393,0.0602587014436721,-0.0897126719355583,0.3994076550006866,-0.1870185732841491,0.0892463326454162,-0.2997252643108368,-0.1554416865110397,0.3474860787391662,0.2821784913539886,0.4196942150592804,0.155134379863739,-0.1165054142475128,-0.1757172346115112,0.3276111483573913,0.0551695227622985,0.3733872175216675,-0.1666144132614135,0.0150819709524512,-0.2423607110977172,0.1224497780203819,0.5370935797691345,0.3706514537334442,-0.6751798391342163,-0.2304879873991012,0.4684117436408996,-0.6569773554801941,-0.8943758010864258,-0.5819957852363586,-0.1027029827237129,-0.5708690881729126,-0.5742595195770264,-0.4286757409572601,0.2313897460699081,-0.5876480937004089,0.527140200138092,-0.1354325413703918,-0.3490617573261261,0.2205250561237335,-0.5164347887039185,-0.2158338129520416,0.1988855898380279,0.1232568025588989,-0.1676084250211715,-0.6289826035499573,-0.2826015055179596,-0.2267360836267471,-0.2499215751886367,0.1019749343395233,-0.3679527044296264,0.5211003422737122,0.7176828384399414,0.8670651316642761,-0.1786787658929824,0.3087609708309173,-0.3622464835643768,-0.4940388202667236,-0.6561098694801331,0.0756227597594261,0.1844679564237594,-0.096898503601551,0.04713986068964,-0.1329451650381088,-0.2873137891292572,-0.9781805872917176,-0.319053590297699,0.3318533599376678,-0.2461916804313659,0.0173809994012117,-0.1850131452083587,0.4622901380062103,0.1793286204338073,0.2592511773109436,0.7661769390106201,-0.3640256524085998,0.27199786901474,-0.3022246360778808,0.2611386179924011,-0.611751914024353,0.1417306810617447,-0.1542247682809829,0.4245662093162536,-0.510331392288208,-0.5345093607902527,-0.533447265625,0.716960072517395,0.4460596144199371,-0.6074992418289185,0.2070235908031463,-0.1222982481122016,-0.5591508150100708,0.4849247932434082,0.3392638266086578,0.0201661754399538,0.2770930826663971,-0.0716230198740959,0.6288016438484192,0.2935670912265777,0.8059220314025879,-0.0894927382469177,-0.2002018988132476,-0.1224767044186592,0.1709357798099517,0.7128282785415649,0.1837633997201919,-0.802681028842926,0.6803693771362305,0.3822384774684906,-0.5349481105804443,0.3936195373535156,0.5953669548034668,0.587542712688446,-1.3823076486587524,-0.1753514409065246,0.6864405870437622,0.7565538883209229,-0.6600862741470337,-7.142586582631338e-06,0.2971343398094177,0.3123375475406647,-0.1888991296291351,-0.2407542616128921,1.2328671216964722,-0.0909240394830703,-0.0652929991483688,-0.222514733672142,-0.0749331563711166,-0.3393189311027527,0.2482902556657791,-0.3786711990833282,0.0935624241828918,0.4356390237808227,-0.5850790143013,-0.1831747442483902,-0.3180065453052521,-0.2905949354171753,-0.424087792634964,0.6385433673858643,-0.5369762778282166,-0.1305275112390518,-0.0190998502075672,-0.4493971765041351,-0.1478213220834732,1.0692458152770996,1.1102465391159058,0.1682927459478378,-0.8284353017807007,-0.7258700728416443,0.1027304828166961,-0.3827482461929321,-0.0908938646316528,-0.5365722179412842,0.1473941653966903,-0.2610086500644684,-0.2499143332242965,-0.0199813451617956,0.0439121536910533,0.1047793179750442,-0.2141801863908767,0.1834008693695068,-0.3466436266899109,0.388646125793457,1.0327752828598022,0.0349547788500785,0.3688464760780334,0.6388689279556274,0.672288179397583,0.3386959135532379,0.065013088285923,-0.8786070346832275,0.0681200474500656,-0.5904049873352051,0.495224267244339,-0.088651955127716,-0.7305606603622437,0.907346785068512,-0.0863807573914527,0.1661152392625808,-0.3564050495624542,-0.511898934841156,0.2590500712394714,-0.4335880279541015,-0.0134439598768949,0.183345764875412,0.1517754644155502,-0.1977767348289489,0.7999216914176941,0.4202208518981933,0.6377631425857544,-0.4777056872844696,-0.7689921259880066,-0.1673790961503982,-0.3213671445846557,0.1558387279510498,0.3721858263015747,0.5082894563674927,-0.0948093011975288,-0.1153046339750289,0.0159989353269338,0.2064537405967712,-0.95878005027771,0.0685359314084053,-0.651793360710144,0.0704318657517433,0.0730981156229972,0.2113152742385864,0.031522374600172,0.0527812577784061,0.3189178705215454,0.5808015465736389,-0.7783799767494202,-0.1613888293504715,0.1788643896579742,0.3199944794178009,0.3388553261756897,0.6496179699897766,0.5549226999282837,0.0590652748942375,0.5409660339355469,-0.2235772311687469,0.3465896248817444,0.1655871570110321,0.1747461408376693,-0.5205464959144592,0.9497072100639344,-0.4511545896530151,-0.0876128524541854,0.1544488072395324,0.0602484680712223,0.5611934661865234,-0.4675502181053161,-0.8076052069664001,0.4199115633964538,-0.1826090663671493,0.561552107334137,1.1829746961593628,-0.0805006995797157,0.2960154712200165,-0.0464479625225067,0.1875627934932708,-0.2053208500146865,0.3647632896900177,-0.1009399890899658,-0.6398433446884155,0.427743911743164,0.1481426209211349,0.2722767889499664,1.4112900495529177,0.0862573981285095,0.2672679126262665,0.1452893763780594,0.241290807723999,-0.3223082423210144,-0.0955208763480186,-0.3009140789508819,0.1278165876865387,-0.1152070388197898,0.8357356786727905,-0.6288214921951294,0.0530882254242897,-0.1288283914327621,0.0524586625397205,0.6772114038467407,0.4081891775131225,0.0012743080733343,-0.3657405972480774,-0.5746895670890808,-0.413478672504425,-0.4503512978553772,0.0139700667932629,-0.6152694225311279,-0.0508028306066989,-0.2447485029697418,0.0497177429497242,-0.9581451416015624,0.4678661227226257,0.4893801808357239,0.0627292096614837,0.1946627050638198,-0.5680791735649109,-0.1699132323265075,0.5439184904098511,-0.685943603515625,-0.636755108833313,0.270639419555664,0.0615531913936138,-0.3260607123374939,-0.957592248916626,-0.1974907964468002,-0.3581154346466064,0.2891275584697723,-0.4286392629146576,0.1623032540082931,0.0123498197644948,-0.565133810043335,-0.1754132211208343,-0.5328487753868103,-0.3943957686424255,-0.0778370648622512,-0.1529422849416732,-0.0435021519660949,-0.2341650277376175,0.0455569177865982,0.8609870076179504,0.5781028866767883,-0.3404849469661712,-0.0678211376070976,0.6001311540603638,0.0134011348709464,-0.3031742870807647,0.1346807926893234,-0.144233226776123,-0.5261630415916443,0.4355503916740417,0.5091544985771179,-0.0833733230829238,0.2180920392274856,0.2670896351337433,-0.7991225719451904,-0.4180024862289428,-0.3345060050487518,-1.050958514213562,0.4238246083259582,-0.3562321662902832,0.8672330975532532,-0.5954985022544861,0.4309892952442169,-0.4024232923984527,0.3909869194030761,0.0171622540801763,0.4163903295993805,-0.4857703149318695,-1.3232897520065308,-0.3382763564586639,-0.2781261503696441,-0.6342113614082336,1.0885275602340698,-0.1200270429253578,-0.7550294399261475,0.2689781486988067,0.2818595767021179,0.183319553732872,-0.2465816736221313,0.2268478572368621,-0.0390494316816329,-0.0169130768626928,0.008017498999834,-0.1576659828424453,0.3537449538707733,0.3585444390773773,0.178397536277771,-0.0097616231068968,0.8249403238296509,0.3854309320449829,0.1550318151712417,0.1726711988449096,-0.452601820230484,0.2316302210092544,-0.0850178897380828,-0.2921363413333893,-0.1442154943943023,0.4841728210449219,-0.4870316684246063,0.5140367150306702,0.3830854296684265,-0.8019239902496338,-0.1514890193939209,1.1948102712631226,0.2635453939437866,0.6823922395706177,0.0765335336327552,-0.0981333404779434,-0.6144131422042847,0.0781684964895248,0.595352292060852,-0.1323657780885696,-0.447791576385498,0.1941670179367065,-0.136386290192604,-0.0078218821436166,0.7715087532997131,-0.0365745723247528,-0.1183796897530555,0.3819184601306915,0.0633423402905464,-0.3294958472251892,0.9611512422561646,0.0925962179899215,-0.3062328100204468,0.0292535964399576,-0.0550469979643821,0.420026034116745,0.4790914952754974,0.1943640857934951,0.4590746760368347,-0.0140517381951212,-0.5848106741905212,0.0721693634986877,0.396188884973526,-0.2210362255573272,0.891806423664093,-0.3367661237716675,-0.2763691842556,0.6258436441421509,0.3863765597343445,0.1282980144023895,-0.0149681763723492,-0.7286804914474487,-0.2715208828449249,-0.6282907128334045,0.0671744421124458,0.1371153444051742,0.4392257630825043,0.3184598386287689,0.1893894374370575,-0.4350124895572662,0.3687155544757843,0.321261316537857,-0.1682348549365997,-0.3007729351520538,0.0684005171060562,0.2578999996185303,0.2626895010471344,0.1784130334854126,0.2423498481512069,0.0831109434366226,-0.4748173952102661,0.7601574063301086,-0.2581839859485626,-0.1072468012571334,-0.09479521214962,0.175308957695961,0.59159916639328,-0.2410508245229721,0.3209672570228576,0.0749908313155174,-0.0473887808620929,0.0560566000640392,-0.4479458630084991,0.1063652485609054,-0.20023974776268,0.0028138619381934,-0.2556470036506653,0.084066055715084,-0.6800851821899414,-0.8131122589111328,-0.0201230570673942,0.40631964802742,-0.4025742411613464,-0.5078088641166687,0.4864073097705841,-0.1204340755939483,-0.5760420560836792,-1.5662147998809814,0.5193831324577332,0.0815850645303726,0.0106269372627139,0.0105899330228567,-0.22087924182415,-0.2326550334692001,-0.1760053634643554,0.2459411770105362,-0.6746455430984497,-0.3293901979923248,-9.807195663452148,-0.0124987848103046,-0.5163050889968872,-0.1690342277288437,-0.1281996369361877,-0.4532968699932098,1.1393678188323977,0.8253955841064453,-0.536453127861023,0.3240262567996979,-0.5628291368484497,0.2936359345912933,0.5911865830421448,0.3530381917953491,0.4281627237796783,-0.3939273357391357,-0.067873790860176,0.0666920915246009,0.3080798983573913,0.1399819999933242,-0.1826901137828827,-0.1620252579450607,1.0195213556289673,0.314514696598053,0.0664615780115127,-0.6188612580299377,-0.1658964902162552,0.6420120000839233,-0.2043704092502594,0.2019911706447601,-0.9699943661689758,0.9677385687828064,-0.1644393503665924,0.0563455335795879,-0.4271545708179474,0.1414322853088379,-0.0807258337736129,-0.0451164245605468,-0.8572476506233215,0.4816361367702484,0.0363676100969314,-0.0011551573406904,0.2120583206415176,-0.0737558528780937,0.4536486566066742,-0.2475725561380386,-0.1137004643678665,0.2647754549980163,0.3160045444965362,-0.0187130738049745,-0.1756884008646011,0.2808996438980102,0.6086269021034241,-0.5372304916381836,0.3729364573955536,-0.7106446623802185,0.3599810898303985,-0.9493100047111512,0.2192019671201706,-0.2922466993331909,0.0507802776992321,0.1272028684616089,0.5295270085334778,0.747220516204834,-0.0787647441029548,0.5490385890007019,-0.0020413962192833,-0.6292516589164734,-0.6555565595626831,-0.1589002907276153,0.3971392512321472,0.1711445152759552,0.0227958634495735,-0.240527719259262,0.1442629247903823,0.4694149494171142,-0.0082037206739187,0.3554873168468475,0.7015735507011414,-0.2771918177604675,0.740035355091095,-0.510673463344574,0.3534307181835174,0.5597468018531799,-0.7759509682655334,0.3758062124252319,0.1695676892995834,-0.1911898702383041,-0.021022655069828,-0.7556512355804443,0.4545226097106933,-0.2344045490026474,-0.2773563861846924,0.0750988349318504,-0.168514609336853,0.1701342612504959,-0.0815538763999939,-0.1397444307804107,0.0923962071537971,-0.5649541020393372,-0.6107453,-0.81059396,-0.14537628,2.014973,-0.91625917,-0.58433,-1.43797,0.31089035,0.96354866,-0.7269371,-0.09665379,0.17146373,-1.2108399,2.2414126,-1.2256036,-0.072919145,0.87269026,-0.5459604,0.0031625684,0.06590822,0.102320805,0.2338037,0.59713423,-0.10664515,0.7717205,0.7372517,0.42026436,-0.9356005,-0.25610647,-0.451398,-0.2786843,-0.13668771,-0.20855325,-0.91112745,0.5319219,-1.418982,-0.83772945,1.0988023,0.577648,-0.48668206,-0.13870063,0.64321935,0.057150126,-0.34938923,-0.8781495,-0.49988577,1.1189499,-0.5466242,0.30104926,-0.2613884,-0.49676505,-0.49207184,0.34610742,1.1733887,0.20105714,-0.45600766,1.065184,0.41632307,-0.19482823,-0.281098,0.63275087,1.4394563,-0.7944725,-0.15430209,0.60339886,0.92210317,-0.17641176,-0.26349002,-0.5692424,-0.8658716,-2.3163772,-0.4573084,0.014160803,0.70288616,-0.9929237,1.3315427,0.54647136,-0.7451037,0.103348464,0.71256256,-0.06974302,0.42250127,-0.8720051,0.7268449,-0.82539546,-0.4148534,-0.39962775,0.7654784,-2.1360073,-0.03169276,0.015813932,-0.8592099,-1.1293585,-0.9639771,0.7838761,-0.06780447,-0.8009952,-0.78653127,-0.9798444,-0.4286636,-0.14608073,1.4675529,0.0896513,-0.41074693,-1.0857943,-0.8397858,-1.3825915,-0.8648689,-1.2725098,0.3396726,-0.037096437,0.0982272,1.1519428,1.4501042,0.9886639,0.80235285,-0.5264648,-1.0044963,0.21034214,0.21460573,1.1110065,-0.41719058,-0.67259455,0.7819526,0.40758416,1.3501121,0.16532591,-0.68350166,1.1305624,-0.22890764,0.48823112,-0.66973215,1.8193047,0.8588119,-0.70158315,0.18262967,-0.69795746,-0.14761567,0.9080512,-0.8179875,-0.91631144,0.34987247,-0.35967737,-0.37723368,0.40705925,-1.9483796,0.5046222,1.054517,0.96086454,-0.11992052,-0.4439094,-0.29975665,-0.86001974,0.9121566,1.2177844,-0.1391103,-0.25657776,-0.090423614,-1.6613827,1.7640944,0.58688575,1.6168154,-0.83972275,0.05580645,-0.2015209,0.35816276,-0.5548718,1.263124,-0.7483054,-1.8550408,-0.76022893,0.21037808,1.1582552,0.08405269,0.9747523,0.22437009,0.7388186,0.013856674,-0.077481486,-0.085092284,0.7666988,1.5387616,-0.112841025,1.0558903,0.054672014,0.47632948,1.0868115,0.5988892,0.7589626,-0.29863307,1.0447726,-0.45549598,0.9889449,0.345456,1.1401255,2.335228,1.1162617,-1.8561323,-2.2371597,0.8768642,-1.5666177,0.3259679,0.63670504,-0.26704335,2.2927654,-0.69555354,-0.8543303,2.4882298,1.0786759,-0.41927105,-0.8094373,-1.223865,1.0986853,0.4028995,-0.18766555,-0.07984405,-1.0849521,-0.2917477,-0.4429246,-0.12047942,0.19880834,0.64011407,0.2575399,1.5137938,-0.85849,0.11603817,0.43416473,0.20604172,0.44401085,0.5409043,-0.94016343,0.28114355,0.8037842,-0.6004687,-0.76290166,0.21835695,-1.3069403,0.22755638,-0.69951046,0.32315004,0.7185725,-1.3837385,0.3096583,-0.15221202,0.12175104,1.1452653,2.015213,0.16251656,-1.3248702,0.53415966,-0.396422,0.52508974,0.2430692,0.2334144,0.6319272,0.6418743,-1.0454322,0.29749122,-0.3507898,0.04514289,0.026026506,-0.10312492,-0.5298525,0.6089045,0.4176289,-0.60715276,0.09118183,-0.22177601,0.22125351,-1.2266139,-0.30303875,-1.0476915,-1.2554722,-0.12342273,-0.33766508,0.8989115,-1.0579625,-1.290941,-1.0000095,-0.14034402,0.5406942,-0.93170595,-0.4803729,0.6111066,0.061519455,0.9289356,-0.24985342,-1.0956969,1.0883648,0.917459,-1.1231612,0.9789415,-0.07299223,0.72609407,0.83815503,-0.09651929,1.0800654,-0.12660523,0.31635833,-1.5434775,0.8266513,0.48109418,-1.780491,0.28912967,-0.46152008,-0.3440563,0.20250298,-1.5772904,-0.20279874,-0.41115415,0.56358266,-0.18438081,-1.806854,2.070896,-1.6486266,1.3993081,-1.899456,-0.7386762,-0.2143333,-0.4554011,-1.3346779,1.5161204,0.99015546,0.6011657,-0.06716419,0.29906285,0.47734144,0.7017622,0.7103408,0.45993713,0.14652747,1.2252512,-0.849195,-2.0798602,-0.016622152,1.0613172,-0.82972217,-2.118155,-1.108638,-0.25267422,1.2454598,-1.2356434,0.027231961,1.0976169,-0.38241833,0.9873173,-1.4124823,0.06113384,0.0795828,-0.67296976,0.88911796,0.5851592,1.5279764,-1.0124856,0.031878263,1.0509728,-2.4642844,-0.14550646,-0.3802789,1.4748676,1.1723807,0.15627041,0.94545615,0.3277939,-0.27129352,-0.19080348,0.39514488,-0.61029154,1.8489295,0.40105677,-1.0191307,1.9485278,0.2943682,0.2701861,-0.07570543,0.140342,1.6919408,0.26047269,-0.34471422,0.02033287,-0.4225888,0.13886008,0.026450021,0.5133713,0.57005435,-0.67530346,0.22061618,0.639598,-0.5499612,-0.19347908,-1.0843151,0.21853691,0.7473304,1.9546919,1.2627252,0.5094109,-1.170058,-2.2976475,1.1869158,0.83179635,-0.55209976,0.23821437,-2.144797,0.42681938,0.25704682,-0.5357895,-0.31020617,-2.5350204,1.762557,0.8027389,0.46608657,1.2799056,-1.140965,-1.5898083,-0.20173499,0.2961688,0.07523212,-0.9096409,-0.6002096,0.21978661,-0.9725557,1.1021914,0.19941993,0.8647964,-0.28549594,0.28434244,1.131317,0.20390958,-0.14347863,-0.86526537,-0.2921949,0.5565739,-1.3676877,-0.66370434,0.48721603,-2.1236246,1.2806194,-0.77532387,-0.09028129,0.44337994,-0.8178182,-0.98010385,0.24376912,0.13140547,-1.1005989,-1.3863485,0.448695,-1.815878,-1.865608,0.8206657,1.5383594,-1.1611147,0.25457588,0.7383725,0.15541184,0.48077238,-0.44725007,0.13547423,0.7967935,-0.07512378,-0.19601195,-0.9961829,-1.0214106,-0.58434266,0.5455975,-0.958251,-1.0854893,1.1950009,0.9272154,-1.8561642,-0.44183332,0.16759667,-0.7288466,0.9091535,0.8588259,-0.027864799,-0.5973302,-0.8025968,-0.20553237,0.46192604,0.65550977,-0.28872296,-0.64622813,0.62644595,0.14326844,-0.05674864,1.6977429,0.10488265,0.42012846,0.64819694,-0.039613575,-1.9875023,0.68986565,-0.16865526,-0.39002925,1.1157084,-1.3424771,-0.8229641,1.7782983,-0.7795551,-0.5972312,0.68133897,0.15124613,-0.025268212,0.7007031,0.88986635,1.4412286,1.844512,0.7965632,1.6307836,-0.7069769,-1.1707942,-0.39942622,0.69602257,-0.6669463,-1.5393173,0.06373643,0.9395143,2.2262466,-0.05171022,0.41213313,0.6509963,-0.9151063,-1.3162043,0.08151242,0.4310198,-0.5798801,-0.8165299,-0.19992319,-0.8915571,-0.22509913,-1.577856,-0.54658145,0.016359448,1.3734016,-1.0504647,0.48941472,-0.0001918627,0.2921571,-0.9495878,0.020494752,1.2814834,1.1746819,0.35631448,-0.86619794,0.13016866,-0.88895434,-0.98303837,0.24397379,-0.839825,-0.74876827,-0.2514447,-0.23322737,-0.60521877,-1.0966959,0.018815473,1.7712069,0.017616227,-0.45363998,-0.0029912516,-0.46807092,1.9767431,-1.0256501,-0.03466166,0.8116105,0.5980436,-0.8656492,0.41945443,-0.91223764,0.5040936,-1.3657566,0.14441244,0.67062986,0.19658178,-0.81647456,2.1204638,-0.9822772,-0.13481861,0.34226668,0.300362,-0.28311267,0.026101924,-1.9802926,0.7536697,-1.361704,-1.6705513,-0.11180681,0.8196163,-0.86702126,-0.6057117,0.16067387,0.3054349,0.6799802,-0.72255087,1.0169923,1.1093916,-0.8152418,-0.66164494,1.259933,-0.15888801,-0.29560882,-0.25488055,2.6938717,0.5905737,0.91818327,-0.967719,-0.5811304,0.8737871,-0.44883382,-0.9859487,-0.23393613,0.017891321,-0.21330598,0.7837719,-0.60722315,1.7001755,-1.2835666,-0.32773513,1.3050733,-0.8170898,-0.23302992,0.9989631,-0.72336304,-1.6016706,-1.7615731,0.25071427,0.9975437,-0.0077496357,-0.107620165,0.8490644,1.9936216,0.93739843,0.030376296,-0.63979065,0.64246774,0.8834858,0.43548846,-0.5442352,-0.7320385,0.5391953,1.2180647,-0.79183507,0.5325234,-0.36410907,-0.2301153,-1.8977294,1.4448209,0.6130066,-0.196331,1.0247127,0.2978085,0.13746075,0.15125296,-0.59124327,-0.016757734,-1.2179928,-0.32948196,0.29358754,0.26642716,-0.9695829,-0.27178124,-0.9142737,0.363387,-0.30377936,0.6473138,-1.2497416,0.19285084,0.6752015,1.2597171,0.24195167,0.13543044,-0.49199578,-0.5923921,-1.1729085,1.6890144,1.0375789,-0.015094303,-1.6734701,0.026206858,0.5991707,0.20845303,-1.410117,0.017831288,-0.56881183,-0.9775268,-0.13478231,-0.9544147,-0.17443717,0.68869835,0.12871699,-1.1945496,0.4522537,-1.4613119,1.4574006,-0.18461345,-1.1001767,-0.3036124,0.14897291,-1.4872086,1.5461415,1.0938228,0.13465683,0.012066126,0.9056754,0.9974914,-0.41971362,-0.65485424,-1.5586903,1.3037922,1.422149,0.41973236,-1.4988935,0.060801625,0.571917,-0.49603337,2.24787,-0.5872837,-0.09567128,-0.7652294,-1.038642,-0.53430367,-0.098807186,-0.80944747,-0.24007136,-1.0105716,-0.21155316,-0.06691312,-0.505036,0.81691957,-0.9542399,0.3196053,-0.36287048,1.0039389,1.7327225,0.56804174,0.43793446,-0.7471895,0.36357355,-0.5919968,-0.65999997,0.54957205,-1.4310019,-0.2779855,-0.123711854,1.0008769,2.2172415,0.31136686,0.12467943,0.7737986,0.41908765,-0.32695818,1.0598435,-0.23434663,-0.66171014,0.5782789,0.038926706,0.4800165,-0.88131213,-0.24239446,0.09382993,-0.06825483,0.87533724,0.07797237,-0.11509466,1.0093206,2.0140944,0.5665324,-0.55595016,-1.5428938,-0.8360941,0.41001916,1.188853,-1.2788521,-0.12836969,-1.565271,1.0471295,0.72766674,-0.5025495,0.8854334,0.06528779,-1.6978161,2.0482783,-0.87147,0.28367686,1.0665181,-0.77453727,0.47207093,-0.15741077,0.67564917,0.50276357,0.8521348,-0.7187737,1.0283012,0.6034775,0.26078907,-0.17735103,-0.7619377,-0.19235227,-0.17961574,-0.5324659,-0.99985135,0.03715081,-0.23977736,-1.3942643,-1.570933,0.970969,-0.24362549,-1.0841672,-0.72875226,0.5617486,-0.35721624,0.4035328,-0.8682909,0.07747935,1.6640924,-0.092434324,0.9458505,-0.7251318,-0.46116415,-0.4361902,-0.1460059,1.1369817,0.7575264,-0.3526694,1.2926807,1.2732223,0.15506022,-0.10266335,0.23008227,1.0620174,-1.3697996,0.058603108,0.94622934,1.7035364,-0.083846584,-0.42831168,-0.30434197,-0.011795233,-2.2733521,-0.54700404,0.043917917,1.351774,-0.654591,1.0904572,0.3415472,-0.51107454,0.09819628,0.14482707,0.41145244,0.22961307,-0.8131792,1.3960207,-0.42450088,-0.87580097,-0.3910117,-0.18638983,-1.3579386,0.17193718,0.1425378,-1.6019977,-1.5061973,-1.2785485,0.62428653,-0.3348643,-0.60501444,-0.63300216,-1.8902553,-0.11773664,-0.20429449,0.58625567,-0.3457082,-0.26148656,-0.7824911,0.014413762,-1.0940063,-0.19669178,-0.766014,1.3067884,-0.37430868,0.63437974,0.61654204,1.7723417,0.7778071,1.3989718,-1.3737581,-0.7002968,-0.1740408,-0.10857773,1.3146087,-0.068357274,-0.8729571,-0.07159744,-0.049954522,1.1358142,-0.022364814,-0.28888154,0.43720108,-0.33269864,0.81335557,-0.5629698,1.4262276,0.50339365,-0.69770473,-0.5202788,-0.72697675,0.52825713,0.49999785,-1.2091742,-0.37281194,-0.3787485,-0.117998555,-0.06421264,-0.07265217,-1.5048224,0.6966998,0.3820211,0.89093906,-0.018916745,0.21029022,-0.38765392,-1.2607118,0.47910982,0.92524445,-0.20547184,0.043800734,0.32431912,-1.0998999,1.8436207,0.054814737,1.4002913,-0.9871453,0.23569182,0.07444265,0.81219923,-0.8758066,0.8413377,-0.85355836,-1.9838831,-0.23474269,0.019392246,-0.005386257,-0.081280015,0.9327146,-0.37560636,0.8796422,0.61925405,-1.1140224,-0.019708354,0.80716133,1.1279156,-0.036595028,1.2105188,-0.1679724,0.8387472,0.63442767,0.7677463,0.33774784,0.19455715,0.75723565,-0.6736562,0.6856891,1.1232382,1.1212157,2.412767,0.17462759,-1.842454,-1.4486418,0.37325877,-1.9443432,-0.5099305,0.43422636,-0.57122964,1.4671941,-0.7756702,-0.82629347,1.6707557,0.24685133,-0.05262397,-1.3997009,-1.1081996,0.4613363,0.7946109,-0.79221296,-0.27910915,-0.5649662,0.30998185,-0.66257983,-0.5482801,0.55215067,0.6812482,0.35737067,1.2809997,-0.86647385,0.5674323,0.28207535,0.9733928,0.15837184,0.18994841,-1.123122,0.4781167,1.1056693,-0.26150233,-0.73324174,0.007325256,-0.2815476,1.2142322,-0.4953572,-0.14784771,0.23806176,-0.5159515,-0.0048980294,0.21554461,0.2135427,1.0950407,1.7043594,0.5025097,-1.5509667,-0.59514946,0.3840688,0.29279417,0.9134203,0.77316105,1.0183828,0.47906804,-0.48406467,0.096363105,-0.43178982,-0.14839037,0.27476603,0.6175252,-0.59853756,0.62651235,0.46088442,-0.8339116,-1.1203859,0.48928532,-0.283534,-0.9753445,-1.049532,-1.0107731,-0.74032915,0.34739193,-0.1296201,-0.23101667,-1.0854918,-0.7883053,-1.012538,-0.7274512,0.3044938,-0.8859293,-0.76633275,0.27385792,-0.9265159,0.59136903,-1.0519254,0.34869224,0.6450422,0.4029128,-1.5867866,1.0393586,0.058435798,0.96358424,1.0782318,-0.24872093,1.2219336,-0.011122316,0.78106064,-1.1938999,0.1177217,0.7645419,-1.620734,0.656429,0.009834046,-0.5128744,0.89925945,-1.8066282,-0.3723654,-0.18195039,0.14979343,0.045832045,-1.2223732,1.6670895,-1.7655891,1.0879005,-1.5522226,-0.48703247,-0.1924441,-0.45648822,-1.4000933,1.1892524,0.17226277,0.62360156,1.1139984,-0.43237573,-0.32777104,0.61108965,0.16196387,0.32809374,-0.14745818,0.66265917,-1.1445735,-1.2186711,0.61130536,0.6836874,-1.3493236,-0.8190252,-1.4773111,-0.0019687475,0.8348923,-0.60018647,-0.18912622,1.1401101,-0.06865026,0.52305984,-0.96968186,-0.32808322,0.32992488,-0.709502,1.5069857,-0.29075944,1.7709382,-0.76052314,-0.4035197,0.6271175,-1.6642243,-0.74155223,-0.024100354,1.9119232,0.36692756,0.11420385,0.6514753,1.0594665,-1.1232702,-0.10531666,0.8568123,-0.07953669,1.6065248,0.8924316,-0.04265938,1.8186525,-0.16246824,0.44923514,-0.3350894,-0.50381696,2.0000594,-0.17633028,-0.7836322,-0.59180343,-0.43068156,-0.33580425,-0.16933337,0.20630996,0.26571858,-0.3227454,0.72185415,0.787933,-1.0661324,-0.8776485,-0.70169145,0.77972436,1.1721942,1.288658,1.4813474,-0.047896393,-0.6492687,-2.6227431,-0.27412325,1.0815585,0.4550262,0.22954008,-1.178384,-0.26587266,0.82055473,-0.35837698,-0.71588117,-1.3425511,1.910441,0.76518023,-0.014143613,1.4950647,-0.4868842,-0.8763784,-0.47238404,0.81555176,0.23104367,-0.8748118,-0.29126158,0.40891567,-0.6253953,1.1793001,0.7325252,0.30725342,-0.21135768,0.4576189,0.54842395,0.102384135,-0.7352537,-0.6842558,0.3306184,0.55815613,-1.4260905,-0.8351779,0.09120537,-1.7636449,0.7154891,-0.13389178,-0.0828305,0.22705956,-0.4232955,-0.06141441,-0.5981225,-0.5331594,-0.89344436,-0.787144,0.32729405,-0.8505777,-1.4243463,1.4316279,1.7637947,-1.5463622,0.4876786,0.38759285,-0.19432966,0.49538708,0.28186893,-0.30374986,0.37415406,-0.40153655,-0.123237774,-0.47256798,-1.2674929,-0.418055,-0.050633818,-0.81022614,-1.2381735,0.9681039,1.4197971,-1.7677014,-0.43917376,-0.10681243,-0.5186051,0.8993384,0.8002555,0.27922037,0.22552128,-0.20892222,-0.46448213,0.065188006,1.1690055,-0.5490204,-0.2770849,1.0610927,-0.3677505,0.26279905,1.772124,0.114939466,0.661484,1.1430134,0.8749962,-0.6143993,0.11826609,0.06610502,-0.47101992,-0.13166647,-1.6277624,-1.4875791,1.6829693,-0.29052147,-1.4131877,-0.23666641,0.10161644,-0.75520563,0.14658074,-0.2835378,0.9520443,1.3856375,1.028091,1.9368217,-0.12623039,-0.70712864,-0.59018534,0.50501806,-1.0178487,-0.5879804,0.5040933,1.0053728,2.3771272,-0.78339386,-0.26796627,1.1631906,-1.0834048,-1.5093787,0.425098,0.029730305,-0.48397908,-0.6189847,0.7528057,-1.3101989,0.25230023,-1.921409,0.09322287,0.516619,1.0567863,-0.37843904,0.15441832,1.2861153,0.336052,-1.1797463,-0.49427104,1.2566941,1.1253,-0.40957993,-0.9844657,0.6257075,-0.96792984,-1.9431489,-0.004051745,-0.42097574,-0.48460016,0.50427055,-0.42637444,0.061008833,-1.226722,-0.4256683,1.4249643,0.3591051,-0.34021938,0.298845,-1.2100313,1.5273091,-0.38112748,-0.5504676,0.7020093,-0.040903185,-1.2606939,0.29040185,-1.379367,0.5386919,-0.95399034,0.32666928,0.87661487,1.2042562,-0.6556975,1.2108681,-0.4468836,0.4636941,-0.018501991,0.3915884,-0.15706933,0.32294282,-1.7556318,1.1771772,-1.0259744,-1.2081367,-0.4386262,0.6237644,-0.7416356,-0.41549262,-0.30453947,0.6677774,0.3971048,-1.0050877,0.26771864,1.8371986,-0.70750356,-0.32955924,0.890528,-0.00061933545,-0.54409134,0.3761353,2.308557,0.56772983,0.85849905,-1.2107968,-0.649594,0.75813425,-0.6608059,-0.8399724,-0.36623773,-0.5077871,0.59235764,0.20370993,-0.021487404,0.67335236,-0.5842583,-0.19049826,1.3717244,-0.90452975,-0.06770085,0.007288313,-0.46573472,-1.7098707,-1.1274879,1.2075956,1.4603443,-0.7701044,0.21182843,0.5232778,1.5818151,0.8361405,-0.40102863,-0.43727913,0.7969014,1.0799322,0.79352677,-1.0583253,-0.9252006,0.8651228,1.5853217,-1.314657,0.33286667,-0.7603426,-0.19352943,-1.2862574,1.3551571,0.3341155,0.28670734,1.3420017,0.03767146,0.36792764,0.16168818,-0.21312419,0.15711321,-0.71954024,-0.49710447,0.37403554,-0.43985575,-0.61706424,0.029585738,-1.0754468,-0.63134235,0.14021987,1.0205389,-1.0824668,0.38513172,-0.46565,0.76247746,0.15877363,-0.21741506,-0.7313944,-0.09503319,-1.346595,1.8648002,0.8873264,0.33510733,-1.8580272,0.40702623,1.4967269,0.68394464,-0.94310176,0.6466341,-0.0014571011,-1.3888195,-0.41188127,-0.81336623,-0.7648355,0.93613625,1.1435359,-0.2626555,0.92675304,-1.8447777,0.6582728,-0.2222248,-1.1786919,-0.13555257,-0.082834266,-0.643414,1.8611574,1.3140452,0.40235597,-0.014140213,1.1805751,0.94494975,-0.34594318,-0.5781027,-1.6446712,0.6255594,1.289414,0.78122747,-0.9656165,0.037633292,0.6590349,-0.09076039,1.7070297,-0.5059065,-0.6651319,-0.9891342,-0.08352366,-0.85121614,0.057662714,-0.12040429,-0.08275579,-1.9009225,0.047803424,-0.8334773,-0.3207248,-0.04675026,-0.4453419,-0.25349706,-0.017551232,1.3641658,0.40371138,0.7519574,0.7911619,-0.89484274,0.25166482,-0.9063584,-1.26942,0.86366624,-1.0954126,-0.17104942,0.8254425,0.99912846,2.310738,0.5472485,-1.0539844,0.20602444,-0.07572782,0.18939576,0.6224448,-0.560566,0.17993975,0.3016428,0.3320683,0.12088005,-1.5399169,-0.78232706,-0.2672085,0.7021562,0.30929428,0.47085977,0.3337472,0.36250556,1.4298363,0.21016738,0.5017703,0.0
ヨ,0.3761236071586609,0.5581277012825012,0.5023878812789917,-0.4190848767757416,-0.237189769744873,0.2639411091804504,0.6226903796195984,-0.0525488890707492,-0.068571001291275,-0.2778314054012298,0.6024829149246216,-0.3194392323493957,-0.5275475978851318,0.2913360893726349,0.2926835119724273,0.0338352844119071,-0.1415626108646392,-0.0733345225453376,0.0160451028496027,0.1535545438528061,-0.9619926810264589,-0.2220953851938247,-0.1306666880846023,0.4353823065757751,0.16891610622406,-0.4804035723209381,-0.1433467268943786,-0.014533556997776,0.1920612454414367,-0.3707551658153534,-0.3626042902469635,0.4016873836517334,-0.0406456999480724,-0.204421728849411,-0.3865948617458343,0.3591485619544983,-0.1687502712011337,-0.3544642329216003,0.5219178199768066,-0.40271857380867,-0.2105027884244918,-0.2694501280784607,0.0114207724109292,-0.1657165139913559,-0.2775138914585113,0.3814382553100586,0.2568603157997131,0.0267217047512531,0.0294598899781703,0.1081575751304626,-0.0893486589193344,0.1323278993368148,0.3010189235210418,-0.2282762825489044,0.1828676462173462,-0.1680459380149841,0.1248099207878112,-0.5580914616584778,-0.0005691056721843,0.0383068583905696,-0.2618790566921234,-0.4858444631099701,0.3480199575424194,0.0158204492181539,-0.0945382192730903,-0.1675466895103454,-0.0222960859537124,-0.1270031780004501,0.473280668258667,-0.5277357697486877,0.3167333602905273,-0.0449543073773384,-0.0210503730922937,-0.3742827773094177,0.4106357395648956,-0.3164999186992645,0.4657888114452362,0.13236865401268,0.4572530388832092,0.262281596660614,-0.0057403910905122,0.2063523232936859,0.2646770775318146,-0.4870591163635254,-0.1089207381010055,-0.0108710965141654,-0.3441817164421081,-0.597275972366333,0.4214101731777191,-0.0987535491585731,0.1559052467346191,-0.0197323281317949,0.4863318502902984,0.2908581793308258,0.1177781000733375,0.5400353670120239,0.2290735691785812,-0.2343284040689468,-0.2288100719451904,0.1192396059632301,0.2408913820981979,-0.1058815419673919,0.5547375082969666,-0.3066819310188293,-0.2475846111774444,0.2151973694562912,-0.7521737217903137,0.5418626666069031,0.1133144274353981,0.0563225857913494,-0.2412148267030716,-0.4831386804580688,-0.5511255860328674,-0.4615779221057892,0.4591332972049713,0.0416004620492458,-0.0021095946431159,0.4593912959098816,-0.4817355871200561,0.3500966727733612,0.2283358424901962,0.494771271944046,-0.4684691429138183,-0.3663259446620941,0.0489499866962432,0.5004726648330688,0.358897864818573,0.2288083285093307,-0.0426733642816543,-0.0414143875241279,-0.1161916851997375,-0.0162242725491523,-0.087548092007637,0.1478495597839355,0.0398390814661979,0.7089492082595825,0.3355925977230072,-0.0915078669786453,0.1064340621232986,-0.5675722360610962,-0.2371576428413391,-0.2612515687942505,0.3699445426464081,-0.3385297954082489,0.0881510898470878,0.1163989081978797,-0.0743121206760406,-0.4870465099811554,0.4609293043613434,0.0185444429516792,0.0216143410652875,1.004985213279724,-0.42026087641716,0.1939533948898315,0.1488787680864334,0.4483642578125,-0.9046306014060974,-0.0090470472350716,0.0988406389951706,-0.0487338900566101,0.2583885490894317,-0.4934423565864563,0.0756338089704513,0.7775411605834961,0.1257815659046173,0.3216015100479126,0.345175951719284,-0.2161674052476883,-0.0376197770237922,0.4849214553833008,0.3525926172733307,0.5578527450561523,0.3644562363624573,-0.3435335755348205,-0.3224125504493713,0.1981877386569976,0.4569176733493805,0.4310328066349029,0.0299483388662338,-0.1080267354846,0.2510737180709839,-0.0104500716552138,0.2854707241058349,-0.608836829662323,0.4830351769924164,-0.1759166419506073,0.3272300362586975,-0.1336514502763748,-0.2294946610927581,-0.1795815080404281,-0.2651117444038391,-0.3098511099815368,0.2140791863203048,-0.4298804104328155,-0.1873537451028823,-0.6797065734863281,0.3188259601593017,0.223419189453125,-0.7298231720924377,0.4962486624717712,0.5428958535194397,-0.1130151152610778,-0.1101062521338462,-0.9312567114830016,-1.0159671306610107,-0.5897842645645142,-0.0901478826999664,0.4389148354530334,0.3511314988136291,0.4694721102714538,-0.3295157253742218,-0.0504175759851932,0.5699762105941772,0.3248844146728515,0.1815303862094879,-0.0307547375559806,-0.3163550794124603,-0.2442601025104522,0.0384279862046241,-0.4497099816799164,0.0196308568120002,-0.0870598778128624,0.5205919742584229,0.1590271443128585,0.0209660157561302,0.6388189196586609,0.0454602763056755,-0.0732677802443504,-0.2996266484260559,0.6670637130737305,-0.5270677804946899,-0.8736523985862732,-0.3742557168006897,-0.1668827086687088,-0.3335505425930023,-0.0560181625187397,-0.2278944849967956,0.1087978556752204,-0.2488002479076385,0.260280579328537,-0.076645441353321,-0.3636312186717987,0.4100163280963897,-0.4444346725940704,0.0869618654251098,0.3297158479690552,-0.0811166688799858,0.2812588214874267,-0.1781292706727981,0.0437347777187824,-0.5392847061157227,-0.4325569570064544,-0.2052968591451645,-0.4575991928577423,0.5293582677841187,0.4048460125923157,0.3397455215454101,-0.315350741147995,0.1880669891834259,-0.3405375778675079,-0.3041928112506866,-0.4914471507072449,-0.4475565254688263,-0.2487741112709045,0.1103201285004615,0.1844082623720169,-0.2079163640737533,-0.5588880181312561,-0.5085828900337219,-0.8609366416931152,0.2731040120124817,-0.5348182916641235,0.2110779285430908,0.03212596103549,-0.0944452509284019,0.0986703559756279,-0.4730581045150757,0.2536759376525879,-0.3520472943782806,0.0244915708899498,-0.6169869303703308,0.2159323990345001,-0.5433611273765564,0.0374430380761623,0.1320859789848327,0.2094132155179977,-0.2320721298456192,-0.1456568241119384,-0.4621908664703369,0.6132236123085022,0.1895307749509811,-0.4675927460193634,-0.506873607635498,0.0359303317964077,-0.9368267059326172,0.1440406888723373,0.6216996908187866,-0.0154900439083576,0.5802783370018005,-0.1342161297798156,0.4401788115501404,0.4701883196830749,0.0584952980279922,-0.3239523470401764,-0.0286226049065589,-0.6569550037384033,0.1987784206867218,0.0028712325729429,0.4836247265338897,-0.2267333567142486,0.1052750572562217,0.806576132774353,-0.1655691266059875,0.1216228455305099,0.1517003029584884,0.5016454458236694,-2.010338306427002,0.0107708815485239,0.2655082046985626,0.2247659862041473,-0.1630571484565735,-0.1702334582805633,0.7002928256988525,0.488029271364212,-0.5387812256813049,-0.4934167265892029,0.8667480945587158,-0.2190043926239013,-0.103013165295124,-0.1376098990440368,0.3959889411926269,-0.1843910664319992,0.0194543413817882,-0.447420060634613,0.1148416623473167,0.3735930025577545,-0.1856247335672378,0.0652813836932182,0.1168286949396133,-0.3635412752628326,-0.1739668697118759,0.1070848181843757,-0.4033336341381073,-0.2593881487846374,-0.4577696025371551,-0.3283284604549408,0.1173820942640304,0.976281762123108,0.5805339217185974,0.4649163782596588,-0.7548166513442993,-0.3478610515594482,-0.0201463848352432,0.2722406685352325,0.1869398653507232,0.0035315942950546,-0.0366815216839313,-0.230995237827301,0.3321556448936462,-0.0099434368312358,0.3429545164108276,-0.6072664856910706,-0.3816192150115967,0.3585444986820221,-0.1754076778888702,0.0545424483716487,0.6291162371635437,0.2264150530099868,0.0340126380324363,0.5867146253585815,0.5884144306182861,0.290572315454483,0.0095954407006502,-0.4250201880931854,0.0195517111569643,-0.1328060626983642,0.0520020723342895,-0.3633708953857422,-0.1432031840085983,0.4932225942611694,0.09024578332901,0.1149082407355308,0.0075519173406064,-0.4179743230342865,0.247008815407753,-0.4932028353214264,-0.1338894218206405,-0.0846770480275154,0.3229777812957763,-0.4544311761856079,0.2871257066726684,0.161736786365509,0.4530143737792969,-0.6611164212226868,-0.3096636235713959,0.0822263807058334,0.0101828314363956,0.2347609102725982,0.0417708605527877,0.3137062788009643,-0.1476553529500961,-0.4279979467391968,-0.1957435309886932,-0.7584076523780823,-0.4392496347427368,-0.4049168825149536,-0.6980710625648499,-0.0459249876439571,-0.0224016346037387,0.3416465520858764,-0.3145398497581482,0.0957275331020355,-0.1539794355630874,0.1886112987995147,-0.3101312816143036,-0.4375801086425781,-0.0502686686813831,0.6750075817108154,0.3817387223243713,0.6721209287643433,0.188597947359085,0.0825444906949997,0.460392415523529,0.3004414737224579,-0.2067600339651107,-0.1605687141418457,-0.5301331877708435,-0.4520013630390167,0.6264333128929138,-0.0275243408977985,-0.054679300636053,-0.119618684053421,0.13250432908535,0.5790992975234985,-0.4772233068943023,-0.7479684352874756,0.3379632532596588,0.5313045978546143,-0.1839143931865692,0.2524302899837494,0.2331270426511764,0.4999594688415527,0.0002359804930165,-0.0578771047294139,-0.0865561738610267,0.3894130289554596,0.0513037517666816,-0.345640480518341,-0.0428915098309516,0.0773789659142494,0.6115530729293823,0.5112097859382629,0.0381627790629863,0.4906448125839233,0.2366556674242019,0.3920589387416839,-0.5822783708572388,0.209018737077713,0.302609771490097,0.193195566534996,-0.3532524108886719,0.139111116528511,-0.1902752965688705,-0.3026885092258453,-0.0397372916340827,-0.1416692584753036,0.6447283029556274,0.1371727138757705,0.2062423080205917,-0.3608681559562683,-0.7189966440200806,-0.2399959713220596,-0.4074289202690124,-0.3307540416717529,-0.0660566911101341,0.2719713747501373,0.4581282138824463,0.118239939212799,-0.8788576126098633,0.5593600273132324,-0.0837336555123329,0.1502098739147186,0.2557059526443481,-0.2491641193628311,-0.1685128808021545,-0.1336662918329239,-0.0361298359930515,-0.6078077554702759,0.4930944442749023,0.0243985932320356,-0.3069387972354889,-0.5307114124298096,0.1336443126201629,-0.0141461584717035,0.3704252541065216,-0.5822080373764038,0.5070162415504456,0.2096255272626876,-0.7917040586471558,-0.0010591053869575,-0.1394703239202499,-0.2039565593004226,-0.1180969253182411,-0.3700939118862152,0.1120869740843772,-0.0892886742949485,0.0798018351197242,0.7284332513809204,0.3424468040466308,-0.1046828925609588,-0.102917268872261,0.6312653422355652,0.4017090499401092,-0.2031125575304031,-0.2319646030664444,-0.2272583544254303,-0.4848710000514984,-0.3049039840698242,-0.164748728275299,0.0684426873922348,0.2040161490440368,-0.357604056596756,-0.4981513321399688,-0.6298779249191284,0.0293831303715705,-1.0444624423980713,0.6374733448028564,-0.3280293643474579,0.2963383793830871,-0.7227250933647156,0.0965472087264061,-0.2329290807247162,-0.0710023716092109,0.0846583545207977,0.3193370699882507,-0.1204009726643562,-0.8733419179916382,-0.0061788228340446,-0.0042666578665375,-0.6014828681945801,0.7321967482566833,0.182781234383583,-0.5028519630432129,0.1899725347757339,0.3957028687000274,0.4287494719028473,-0.0772369503974914,0.2773495614528656,-0.5080941915512085,0.1807525604963302,-0.0093154264613986,-0.2135239690542221,0.2326081693172454,0.096884861588478,-0.077802188694477,-0.1938802897930145,0.7509496808052063,0.4459448456764221,0.8106203675270081,0.4533785283565521,-0.3912650942802429,0.0229769963771104,-0.4290740191936493,0.1583955585956573,-0.0805262774229049,0.7788342237472534,-0.1059243977069854,0.7477768659591675,0.3190858066082001,-0.7063279151916504,0.3783222436904907,1.1531046628952026,-0.2439856976270675,0.5217062830924988,-0.121252067387104,0.0208300054073333,-0.6504965424537659,0.0728494897484779,0.2166302949190139,0.116782858967781,-0.1794222742319107,0.0741716921329498,-0.3508969247341156,-0.3323245644569397,0.1467341929674148,0.0333259142935276,-0.0514929741621017,0.2894505262374878,0.2815490365028381,-0.2590599656105041,0.900873601436615,0.7946252822875977,-0.2125592827796936,-0.0457698032259941,0.0650607794523239,0.516819179058075,0.563714325428009,-0.2679072022438049,0.3500625491142273,-0.2406273782253265,-0.7548664212226868,0.4071339964866638,0.2877748906612396,0.2268942296504974,0.8403952717781067,-0.4811427891254425,-0.055789116770029,0.7074418663978577,0.490463376045227,0.0003124889626633,-0.2580097019672394,-0.6500214338302612,0.2500659525394439,0.0473876260221004,-0.0966321006417274,0.3590207695960998,0.0491607338190078,0.293560653924942,-0.0483907721936702,-0.1418974250555038,0.1559731811285019,0.8096100687980652,-0.205154687166214,0.1158513277769088,0.0840430781245231,-0.0837096720933914,-0.0607960820198059,0.1385279148817062,0.2898886501789093,-0.0952045619487762,-0.4355098307132721,0.43740114569664,-0.3816998600959778,0.0732257142663002,-0.4902267456054687,0.4042629301548004,0.1201228871941566,-0.0157380364835262,0.2576694786548614,-0.3860392570495605,0.2527630925178528,-0.3585950136184692,-0.8541034460067749,0.2488639205694198,0.3437736928462982,0.3625906407833099,0.3062231242656708,0.0518469586968421,-0.4738022983074188,-0.5843587517738342,0.0599474310874938,0.3292888104915619,-0.2089623808860778,-0.6028973460197449,0.7598887085914612,-0.1350541561841964,-0.2292216122150421,-1.315617918968201,0.1235142722725868,0.3366289138793945,0.3151494264602661,-0.188331052660942,0.6845226883888245,0.0464595593512058,0.048291303217411,-0.1774201244115829,-0.445265382528305,0.1857555955648422,-10.341691970825195,-0.0117195779457688,-0.4323802292346954,-0.2784017026424408,-0.497852474451065,-0.1246446892619133,0.6701638102531433,0.6445551514625549,-0.0551097020506858,0.3895603716373443,0.009255782701075,0.1367779821157455,0.2642787098884582,0.1692161858081817,-0.0109164658933877,-0.1010560244321823,-0.3044008612632751,0.1381528675556183,-0.0639832019805908,-0.3097392618656158,-0.1038342416286468,-0.1027206555008888,0.4419789612293243,0.2276911735534668,0.1547942906618118,-0.5049324035644531,0.4353142380714416,0.5598000288009644,-0.1142355129122734,0.3214970529079437,-0.9949598908424376,0.1674412190914154,0.0273501276969909,0.1471401154994964,-0.2549222111701965,-0.1128465086221695,-0.1335199028253555,0.1118322759866714,-0.1574645489454269,0.604668915271759,0.2068646401166916,0.2896646559238434,0.1217118725180625,0.1612893044948578,0.2298452109098434,0.0882808193564415,0.0506726950407028,0.2461097836494445,0.4981678426265716,0.0187578909099102,-0.4539493322372436,0.1163975074887275,0.0867422148585319,-0.1764035671949386,0.1693393290042877,0.1073748990893364,0.5127979516983032,-0.889742374420166,-0.1658309698104858,0.0863249078392982,0.1350072771310806,0.1900462508201599,0.5003310441970825,0.5184159874916077,-0.2768354713916778,0.839332640171051,0.2057040482759475,0.2888502180576324,-1.0420101881027222,0.3466793000698089,0.134575605392456,0.5553558468818665,-0.1864755749702453,0.1635509878396988,-0.117836982011795,0.6282227039337158,0.0171266589313745,-0.1654938608407974,0.3351868689060211,0.0056188432499766,0.2740504145622253,-0.2293682247400283,0.1956679373979568,0.1185269653797149,-0.6136970520019531,0.1522912383079528,0.1671563684940338,-0.0796797424554824,0.2432388812303543,-0.7361330986022949,0.4661961495876312,-0.2530403137207031,-0.5528477430343628,0.6038634181022644,0.2626257240772247,-0.4659341871738434,-0.3366899490356445,0.018636018037796,0.2035904824733734,-0.3351907134056091,-1.0341564,-0.7698579,0.30820498,1.9960343,-1.0704604,-0.883792,-1.0871025,0.30987334,1.3105035,-0.7753443,0.2803419,0.18806024,-1.8142141,2.5069861,-0.4947382,0.054659676,1.0651528,-0.6830433,0.4594907,-0.21263163,0.69796085,0.17029338,0.9666014,-0.90627235,-0.019629814,0.8403093,0.6323789,-0.7596457,-0.8028504,-0.9599865,0.13576473,-0.734278,-0.11858782,-0.6805901,0.4799544,-0.9911077,-0.97953576,1.4237804,-0.051881373,-0.57305604,-0.91237116,0.39792427,-0.21026476,0.78496534,-0.07121866,-0.08905419,1.6923531,-0.26674804,0.18616743,-0.048905473,-0.44666776,-0.4447501,0.19276015,0.789074,0.31464684,-0.08986423,0.9360072,0.52806705,0.19130005,-0.8670869,0.27110127,1.2142688,-1.0907427,0.22064173,0.8117129,1.1326844,0.108727455,-0.40071765,-0.16636431,-0.63325024,-2.6254327,-0.65436393,0.6061999,1.0371027,-0.85029316,0.71729714,0.724958,-0.1944877,-0.33923057,0.4620007,0.16329212,0.7147427,-0.85398835,0.9780579,-1.0144004,-0.21589547,-0.38740405,0.16377072,-1.5472646,0.4023355,-0.16205014,-1.3331245,-1.5597557,-1.0505694,0.8209742,-0.73337156,-0.56179386,-0.824065,-1.0922619,-0.23901387,0.23026305,1.3701216,-0.16117848,-0.7426042,-1.1288745,-0.32251355,-0.4094722,-0.56776804,-0.6080264,0.758122,-0.2915863,0.6322029,0.73601025,2.081361,0.74965715,0.34147108,-0.41907787,-0.564997,-0.61212265,-0.10878735,1.1164565,-0.21047302,-1.0287362,0.67171115,0.50033677,0.96602565,-0.10215924,-0.5061054,1.2301606,-0.17369604,0.40415096,-0.88039106,1.1691455,0.80267495,-1.2803566,-0.40518698,-0.9322273,-0.06371995,0.25520912,-0.6220351,-1.3218089,-0.006842623,-0.17517608,-0.18971254,-0.16580564,-1.9864985,-0.09307757,0.8730348,0.8960293,-0.0034881632,-0.46150312,-0.826037,-1.1084172,0.8465472,0.82045746,0.20912187,0.3192618,-0.015593972,-1.7956246,1.0952159,0.5691971,0.7934804,-1.0870887,0.20407303,-0.008561571,0.46989563,-1.094565,0.86534566,-0.81651163,-1.9655676,-0.7369575,0.21755636,0.9105647,-0.26153737,0.65551907,-0.11885452,0.86730045,0.28726205,-0.41043338,0.056379437,0.6526632,1.2150618,0.3330068,1.0617157,-0.14112842,0.9592273,0.9034011,0.26937333,0.15596052,-0.04870215,0.84481305,-0.90586764,0.45755076,1.0823668,1.6449434,2.8559783,1.2703362,-1.3468652,-1.2248272,0.8131456,-1.6023971,-0.007747332,0.13770838,-0.10785095,1.2444113,-0.5004035,-0.6643509,1.9242239,0.52193576,0.15144186,-0.968097,-1.5392327,0.988282,0.74816996,-0.3905554,-0.21491951,-0.94999903,0.42192003,0.12097746,-0.2652453,0.036765058,0.42764974,0.3953053,1.6711332,-0.9165681,0.35431993,0.37613526,0.5075298,0.24739826,0.5992651,-0.9812593,0.25789207,0.43325135,-0.9057668,-0.7316637,0.5917114,-0.620657,0.73440194,-0.6963465,-0.00042225918,0.23998766,-1.3031586,0.2420531,0.028144782,0.42966536,1.2723237,1.89259,0.3870537,-0.9336141,-0.03181718,0.883429,0.44165397,0.43293175,-0.10330137,1.3725305,0.95077276,-0.80509,0.23257188,-0.40764824,0.15280126,-0.47333255,0.7982777,-0.23370731,0.16910738,0.2346527,-0.5523024,-0.517893,-0.14099187,0.501415,-0.7509286,-0.5623754,-0.7213912,-0.6009433,-0.34405085,-0.37560984,0.22550847,-1.0479789,-0.91497093,-1.1552595,-0.64048904,0.46798292,-1.0400928,-0.5478943,0.6850507,-0.91634244,0.8640819,-0.5328374,-0.5963554,0.47733596,1.020968,-1.6013488,1.194699,0.5151938,0.39357534,1.1569278,0.2260192,1.0721693,-0.48007727,0.50773305,-1.3290348,1.0646453,0.5560934,-1.4057256,0.23570825,-0.39346948,-0.32516405,0.60393065,-1.661192,-0.4702942,0.015968552,0.040767644,-0.20960869,-1.3613626,2.1026475,-2.0004141,1.5172228,-1.726358,-0.8266086,0.043156162,-0.25068423,-1.2598871,1.2889494,0.3839064,0.4342215,0.7334605,0.5982122,0.058410153,0.6922524,1.2164245,0.8527357,-0.2670001,1.0837837,-0.71942264,-1.6184229,0.5115607,0.90042233,-0.880398,-2.098135,-1.0647526,-0.69839925,0.5262056,-0.4044751,0.7673016,1.0292935,-0.8581341,0.5026811,-1.0016656,-0.23006713,0.005128242,-1.1461757,0.94534856,-0.06392157,1.5586358,-0.6890181,-0.39846656,0.9027102,-1.7982697,0.111133754,-0.5971119,1.8883219,0.9560078,0.5457348,0.66413003,-0.021672934,-0.9185853,0.014275859,0.55945814,-0.0305423,1.7163523,0.29858014,-0.7271776,1.4673424,0.5704112,0.631638,-0.80448025,-0.18365522,1.763306,-0.15186198,-0.30629888,-0.36549678,-0.26516107,0.059854615,0.04991914,0.3929626,0.31317446,0.018441921,0.5983067,0.4927229,-1.0495429,-0.19119374,-1.0592916,0.16501924,1.060783,1.8694288,1.4460026,0.21017326,-0.9748476,-1.3119923,0.27178344,1.5469208,-0.47826746,0.76540613,-1.839332,-0.22228467,0.54969764,0.069028266,-0.69916695,-2.0920763,1.6721064,0.29166552,0.6774449,1.4236892,-0.9031372,-1.167272,-0.26334813,1.6071421,0.09551197,-1.2869599,-0.71934897,0.84730965,-1.4298692,0.7830978,0.26515856,0.4758707,-0.0110395355,0.3837936,0.9036402,0.36038923,-0.5380513,-0.6819241,-0.18300079,0.44890985,-1.3187463,-0.5814699,0.70306444,-1.9227653,0.8783657,-0.8329559,-0.12130628,0.23240703,-0.63726497,-0.82713336,-0.41681638,0.5189435,-1.1751422,-0.97808653,-0.22526272,-1.0988151,-1.895897,0.9138904,2.3177109,-1.4611732,0.053392235,0.3394558,-0.18704252,0.7128702,-0.31793815,-0.054219317,0.7741303,-0.5308593,-0.2502341,-0.3136797,-1.2480558,-0.3807799,0.12215412,-0.83747727,-0.85613173,1.527162,0.9692674,-1.7157359,-1.0555453,-0.1351565,-0.71938944,0.4170018,0.4073025,0.17492016,-0.4326506,-0.61187786,0.034004126,0.4224167,1.2040119,-0.3128976,-0.8520257,0.35558495,-0.09734502,-0.050449442,1.9363922,0.16624238,0.12858835,0.31329402,0.1700748,-0.69296914,0.7488089,0.45162463,0.15382856,1.5634418,-2.2078712,-0.7880971,1.6396953,-0.6933935,-0.88397914,0.12652962,0.008887924,0.06910289,0.46772277,0.8517669,1.8563409,1.0113379,0.95840496,1.3558496,-0.7661777,-0.6785641,-0.92517185,0.2266771,-0.5953564,-0.80275005,0.60226107,1.2006943,1.8504986,-0.37176394,-0.23320031,0.016028492,-0.94642586,-0.86825514,0.35594964,-0.003671815,-0.72222227,-0.5743404,-0.21962182,-0.7849984,0.35592484,-1.9988555,-0.5682087,0.07417858,0.8539572,-1.0731183,0.025894871,0.5245864,0.26784474,-1.082347,0.51632434,1.929854,0.9808453,-0.34411836,-0.9337154,0.56365,-0.16037354,-0.83176947,0.11803815,-0.6000419,-0.27579823,0.23388867,-0.43962243,-0.67787904,-1.1562909,-0.67696923,1.8327547,0.37319276,-0.14360003,0.005951874,-0.5301484,1.5385205,-0.8915103,-0.9091196,0.87567073,1.5045043,-1.36903,0.21524476,-1.4912409,-0.059663612,-1.0940117,0.6751037,1.0624629,0.85120434,-0.1025685,1.4908365,-0.19159,-0.40366104,0.43522426,0.53001094,-0.28992692,0.63151324,-2.2090533,0.98110586,-0.8132275,-1.4002737,0.19483078,0.689099,-0.51130235,-0.1269574,-0.10711163,-0.06738366,0.67734,-0.9253667,1.5641903,1.6700648,-0.73920137,-0.7365654,0.5482712,-0.11812806,-0.64816785,0.07084242,2.796139,0.5493522,1.0783758,-0.7861851,-0.38636848,0.64438766,-0.39857557,-0.81097513,-0.33094728,-0.47366607,-0.09735489,0.65339726,-0.55133426,1.0610005,-1.011531,-0.28410825,1.4856426,-1.0656685,0.33261895,1.1287426,-0.4507904,-1.5951675,-1.20782,0.7108806,0.6705427,-0.44636723,0.15857945,0.5298036,1.1937958,0.90870327,-0.37870696,-0.20007853,0.465253,1.1380085,0.6024253,0.1668012,-1.3722855,0.938325,0.9277465,-0.9758331,0.73729086,-0.4732012,-0.09630319,-2.0460744,0.7676277,0.49586606,0.12494797,1.2201599,0.6293778,-0.20490365,0.92036265,-0.29254422,0.41851854,-0.45983347,-0.9885723,0.106697045,0.4862078,-0.5667759,-0.21592684,-1.1200179,-0.41125453,-0.6241736,1.0801684,-0.7811721,-0.13775732,-0.17329289,1.2725574,0.1682757,-0.14457893,-0.44674614,-0.2445686,-1.0060681,1.8754898,0.8927605,-0.9638806,-2.1811006,-0.17188364,0.45244133,0.67690516,-0.8697729,-0.03350979,-0.28471962,-0.9126032,0.2886143,-1.1343817,-0.3329698,0.58271956,1.052392,-0.68925023,1.0845269,-1.558547,0.69446445,-0.5666762,-1.3756194,-0.07714435,0.22091635,-0.7674634,1.7443148,0.9643379,0.2561957,-0.4087434,0.72701734,0.7981425,0.09077355,-0.8287723,-1.6652918,1.2260231,1.1701616,0.088894226,-0.9725029,0.19583382,0.79104733,-0.26784763,1.432048,-1.0751747,-0.26670656,-0.57944995,-0.6354355,-0.71583456,-0.2837434,-0.9332594,-0.1437591,-1.1282715,-0.07874286,-0.6035768,-0.3408073,0.2918066,-0.7838834,0.33338186,-0.17376344,0.9168224,0.75030607,-0.13910355,0.17189898,-1.116676,-0.083854936,-1.0031501,-1.0405539,0.8296504,-1.0015613,-0.27263188,-0.013619269,0.764852,1.8153192,0.79453105,-0.35614765,0.7692838,0.20602433,-0.48781896,0.7099278,-0.120165735,-0.962153,0.34442675,-0.3617437,0.33641872,-1.0680104,-0.38406482,-0.37139812,0.8565368,0.80575854,0.5727135,0.18376131,0.8142833,1.8122257,0.28603962,-0.5079751,-0.8683925,-0.578774,1.0398412,0.4590915,-1.0820729,-0.24853179,-1.4975646,0.9746796,1.2008827,0.210597,0.2977293,-0.6574902,-1.2275125,2.5295105,-0.8427736,0.22498283,1.0607241,-0.81585556,0.5461065,0.3662028,0.6240639,0.09919351,0.80968654,-0.746812,0.91649437,0.6791252,0.78050834,-0.3565375,-0.24421637,-0.7890185,0.42813,-0.48797646,-1.2485836,-0.56954557,0.33227015,-0.9944425,-1.9016746,1.1784741,0.10304667,-0.597436,-0.7268628,0.960476,-0.116464004,-0.4841773,-0.39356104,-0.29042372,1.2840389,-0.3829557,1.0791047,-0.42113075,-1.1405226,-0.36594233,0.8531194,0.808351,0.5826832,-0.663787,1.12208,0.9315769,0.23732956,-0.61432487,0.26488668,0.74632776,-0.6491156,-0.5581993,0.3687102,0.74225813,-0.40718406,0.023135526,-0.16529714,-0.22933424,-2.3143399,-1.5709474,-0.115069725,1.6323109,-1.7706634,0.5113289,-0.13344118,-1.4992878,0.33921793,0.10643615,0.21204115,-0.09728958,-1.0906037,1.6201422,-0.7848111,-1.181771,-0.40963006,-0.55097806,-1.3641037,-0.22239855,-0.99989086,-2.0494962,-1.4207925,-1.393555,1.6998318,0.5035324,-1.1189766,-0.84995085,-1.1966606,-0.3241186,-0.0566268,1.0930021,0.78661984,-0.87293607,-1.0723153,-0.59064424,-0.8250842,-0.36735836,-0.62995595,0.30818143,-0.27494317,0.66279876,0.72704214,1.4051778,0.8604716,0.558435,-1.503317,-0.5662057,-0.19392546,0.31208357,1.5843227,0.18027575,-0.8453423,0.7292419,-0.19844396,1.0599291,0.09558708,-0.61559045,0.35940412,0.16309051,0.7517103,-0.11927347,2.3871005,1.0518271,-1.0353171,-0.5478955,0.08636834,0.29730436,0.6558832,-0.996121,-0.24923488,0.42819783,-0.22736742,-0.48909312,0.44576147,-0.9432459,0.16204502,0.670881,1.3615173,0.008119783,-0.40736324,-0.10357212,-1.646745,0.70115674,1.3406192,-0.29255638,-0.38875324,0.4411144,-1.5025727,0.91395766,-0.6911834,1.3910939,-0.39179817,0.6754497,-0.09149741,0.7727914,-0.81608236,0.72800654,-1.1135519,-2.2381682,-0.6868981,-0.23041323,0.7381655,-0.19757965,0.33588174,0.06964368,0.23337665,0.32465568,-0.8988029,-0.36254764,1.2119846,0.94216126,-0.11593388,1.119586,-0.4130514,0.7171065,0.99245495,0.9051701,0.5029135,0.24620722,1.6887081,-1.0190254,1.2651899,0.99430233,0.83569145,2.562428,0.9847976,-1.6233333,-1.2056979,1.2611648,-2.253162,-0.6137367,0.8790345,-1.4195384,0.96869236,-1.1016015,-0.87112826,1.8429506,0.799364,0.14444171,-1.4325289,-1.1579435,0.95232195,0.7823076,-0.10602125,-0.05732873,-1.0940125,0.16919494,-0.3919912,-0.5917741,0.76664597,0.53910595,0.6746198,0.95000744,-0.8919417,0.81632423,0.47887516,0.095148005,0.097200476,0.7376083,-0.85551083,0.7713881,0.6307468,0.0623104,-0.5551217,0.6692253,-0.42092246,0.8110806,-0.20853737,0.9693103,1.0115677,-0.690972,0.026290486,-0.28784388,0.6671609,0.71379757,1.3392565,-0.15139012,-1.7721592,-0.5521188,0.092002645,1.0270641,0.6413708,0.37783834,0.12395545,0.86863667,-0.1448314,0.5188978,-0.23379768,-0.6280125,-0.12232151,0.41268596,0.4709708,0.075026,0.379032,-0.8204166,-0.6622863,0.2686124,0.52107984,-0.7144526,-0.911602,-0.67996216,-0.95082825,0.13563111,0.13018636,-0.015555459,-0.45797655,-1.0295545,-0.42437145,0.53971994,0.7247682,-2.0827856,-0.249505,-0.24407883,-0.6084115,0.3430429,0.28931364,0.21618295,-0.21664958,0.6359793,-1.3212265,0.55368066,0.11717512,1.016514,1.6075764,0.21754803,1.1381861,-0.3986713,-0.067846194,-0.50080144,0.45864016,0.45611697,-1.921753,0.6601825,-1.003375,-0.46889657,1.6109278,-1.0868708,-0.22308056,-0.8518278,0.1992594,-0.5122412,-1.4933412,2.2030694,-2.0387743,1.5424858,-1.633352,-0.41335982,-0.78578275,-0.6934887,-1.2661828,0.06007599,0.25933963,0.15853916,0.3541484,0.41834918,0.010035379,0.1556895,-0.32410455,1.5564765,0.4227055,0.19034846,-1.2975485,-1.5351702,0.25116023,0.97985977,-1.4002472,-0.8985104,-1.061956,-0.25441176,0.17650934,-0.28169617,-0.7168313,1.1257101,-0.30432394,0.45406437,-0.63887846,-0.4959762,-0.036857013,-0.8747672,1.3689883,-0.36748034,1.6411561,-1.1913265,-0.712975,0.47676805,-1.0113628,-0.11199311,-0.40176964,1.8341818,0.79149926,0.85742587,0.19281994,0.71684945,-0.22405995,-0.3740635,1.1632383,0.19031122,2.024692,-0.0661646,-0.27457303,1.8838279,0.2308432,0.77445614,-0.624256,-0.39953953,1.6715256,-0.20848258,-0.6293283,-0.30305687,0.15411139,-0.18811406,-0.12001664,1.0170634,0.07340821,-0.28568208,0.41767716,0.76172286,-0.24959207,-1.4878265,-0.6003956,0.85229874,1.3039864,1.3644702,1.3300513,-0.30143315,-0.5505334,-1.6909926,0.07267942,1.3787448,0.60027355,0.20805158,-1.5148836,0.8948436,0.49681935,0.53577125,-1.4711756,-1.6104126,1.7205249,0.7350771,0.0068423557,1.6538818,-1.036123,-1.7773154,-0.43043825,-0.32645774,-0.20379896,-1.0750726,-0.8311515,0.29829985,0.19754593,1.058702,1.1356037,0.8392294,-0.5470907,-0.7456397,0.44093224,0.007466444,-1.025158,0.18430625,-0.25010082,0.5127005,-1.5352191,-0.61705446,0.6328593,-2.5074794,1.4111844,0.11121751,0.4175911,-0.2812877,-0.21879046,-0.66298866,-0.08577734,-0.04835781,-1.0410734,-0.8246711,0.5725761,-1.5109211,-1.1962017,1.1226285,1.214183,-0.48449644,0.30588624,1.1720476,0.18194303,0.8960732,-0.4135185,-0.6712932,-0.20633316,-0.17313202,0.28134683,-0.57069,-1.5244046,-0.62977105,0.5609047,-1.0556008,-1.563081,0.7276386,0.6486908,-1.2581968,-1.0981444,-0.16502737,-0.704281,0.59664553,1.0822661,-0.03577354,-0.2747486,-1.0090405,-0.493619,-0.02334659,0.034934025,-0.5275664,-0.33387437,-0.01957272,-0.69388235,0.36997923,1.9347239,0.2360213,1.4216179,1.2578981,0.2683397,-0.12789126,0.924287,-0.25851107,-0.03374745,0.96739763,-0.9423508,-0.782051,1.3831946,0.13218008,-0.9394835,-0.26800385,0.78594244,-0.58633596,-0.5878316,-0.18688202,0.40430245,1.6591314,1.4192151,1.398216,-0.20331833,0.14590414,-0.415225,0.35578814,-1.4578427,-0.43331164,-0.46047455,0.28137723,2.1305754,-0.3866944,0.45190212,0.9322687,-1.2630804,-1.377465,0.25220516,0.18453972,-0.038924564,-0.6263123,0.14788146,-1.4632331,0.46477324,-1.8126227,-0.14397383,0.7747172,1.2003577,-0.624762,0.4689784,0.49767542,0.13645682,-0.8978447,-0.28237426,0.7833405,1.7511568,-0.3526716,-0.7760995,0.4833567,-0.17694381,-1.5320603,0.1994026,-1.003561,-0.59423345,0.25298414,-0.43832704,-0.39435998,-0.6588071,-0.6027403,1.0396403,0.1717043,-0.017311586,0.53506017,-0.97664535,1.4410217,0.1699808,-0.74403936,1.4576215,0.59860504,-1.023484,0.44284335,-1.6693594,1.1376048,-0.64867765,1.0874451,0.939425,0.45469692,-0.88741547,1.1120175,-0.23691614,-0.02504309,-0.55564076,0.64802724,-0.21831986,0.330808,-1.645791,1.1380163,-1.6678632,-0.54353803,-0.21916784,0.96413606,-0.7832659,0.46040758,-0.28006783,0.67344046,0.106513895,-1.2057445,0.32303306,1.9624327,-0.5961805,-1.1584017,0.56510603,0.29899573,-0.72742176,-0.14298877,2.420406,0.593625,0.31988785,-1.266097,-0.90676147,0.9144403,-0.19242232,-1.2702268,-0.771371,-0.5084433,0.2337875,0.3649804,-0.31207332,0.9509386,-0.6810958,0.52649134,0.66146857,-0.50831014,-0.43162325,-0.25366467,-0.43125063,-0.9342881,-1.4681149,0.2906049,0.71551424,-0.55506176,0.8026754,0.9826113,1.484935,0.80811876,-0.12601689,-0.62931025,0.70088834,0.5713317,0.93809193,-1.3671873,-1.3611984,0.6291689,0.9855541,-0.5207618,0.5413438,0.20703062,-0.49595806,-1.8231052,1.2592691,-0.07980365,-0.036586728,1.373053,-0.080219015,-0.1338924,0.6821098,-0.040313993,0.43996266,0.016894447,-0.48272628,-0.015699506,-0.06379251,-0.7779218,0.27872276,-0.81036127,0.5213505,-0.26657408,0.41833693,-1.5705545,0.558608,-0.028280292,0.41820914,0.96581405,0.24879467,-1.2838824,-0.7894535,-0.42275247,1.6133327,0.7859191,-0.3982564,-0.6641903,-0.045203347,1.3488148,0.87391883,-0.43687075,-0.01843976,0.1030377,-0.68878603,-0.320971,-0.71750695,-0.4941626,0.05019315,0.098157786,-1.091881,1.0213358,-1.8423222,1.1259066,0.005080027,-1.8685625,-0.038979497,0.21641915,-0.80947864,2.184283,1.0777014,0.029664602,-0.27605268,1.0034896,0.73765725,-0.81293184,-0.7613533,-1.0151229,0.8637943,1.3687428,0.80673844,-1.1540457,-0.108044855,0.5775655,-0.3137744,1.1724741,-0.03646484,-0.40789035,-0.90181273,-0.1742666,-0.8559236,-0.29788312,-0.20395899,0.25306585,-0.91268235,0.8053945,-0.5250445,-1.3196665,0.8623519,-0.6971923,0.035867475,-0.07704761,0.6859816,0.6748844,0.7654781,0.55636346,-0.61304796,0.38625988,-1.120126,-0.57072157,0.52604467,-0.92137253,0.69355804,0.4965873,0.9255057,1.3941666,0.4609628,-1.4375494,0.36980444,-0.0903048,0.6263183,-0.44030884,-0.827769,-0.60909986,0.22204052,0.42666197,0.70436496,-1.4533659,-0.47157618,-0.22872026,0.5982871,0.08418649,0.6039143,0.24153359,0.4677093,2.0571148,0.89324313,0.15142396,0.0
イ,0.2505481839179992,0.4489372670650482,0.1492974162101745,-0.5586414337158203,-0.0013604935957118,0.0918458104133606,0.3721223175525665,-0.0234025865793228,0.0832772254943847,-0.4972952902317047,0.922433853149414,0.0710767582058906,-0.3678937554359436,-0.0582557208836078,0.4592601954936981,0.0477102994918823,0.3026152551174164,-0.0985034108161926,-0.3389739096164703,-0.3084463775157928,-0.4294740259647369,-0.4628788530826568,0.0032123664859682,0.1254025250673294,0.4180895090103149,-0.4004127383232116,-0.0911752507090568,0.2276809960603714,-0.1435918509960174,-0.1566646099090576,-0.3757165074348449,-0.3744196891784668,-0.1879740059375763,-0.2184703797101974,-0.278684914112091,0.8278489112854004,0.1410537958145141,-0.2761842608451843,0.0495626181364059,-0.0305525045841932,-0.2750777900218963,-0.103702962398529,0.1346310377120971,-0.2775102853775024,-0.3408503830432892,0.5337256789207458,0.0850845575332641,0.2999982237815857,0.3017307221889496,-0.0298516284674406,-0.4111286401748657,0.4123713672161102,0.2305360287427902,-0.0554429590702056,-0.0002612370881251,-0.1306027173995971,-0.1068493500351905,-0.177051767706871,0.1526751071214676,-0.0106077278032898,-0.080419547855854,-0.2179279178380966,0.1381518840789795,-0.0645262748003006,-0.4898168444633484,-0.2554144263267517,0.0158404614776372,0.0089113507419824,-0.1771092265844345,-0.5936737656593323,-0.3995041847229004,0.2752134203910827,0.1364410668611526,-0.409847617149353,0.4420993030071258,-0.3259541392326355,0.3144108355045318,-0.1611713469028473,-0.1378859132528305,-0.1059435307979583,-0.2272272706031799,0.4182016253471374,-0.1328671723604202,-0.6189823150634766,0.1171788424253463,0.0059523768723011,0.1065851971507072,-0.4834829270839691,0.3780913650989532,-0.5386707186698914,-0.3544098436832428,0.272403359413147,0.5725651383399963,0.3448121547698974,-0.2858032286167145,0.0702245160937309,0.1583373248577118,-0.2321749329566955,-0.2503252625465393,-0.1264444589614868,0.5010859966278076,-0.3914403915405273,0.1215318441390991,-0.1627832204103469,-0.1635713726282119,0.1289453953504562,-0.4897728264331817,0.5729210376739502,-0.0315574333071708,-0.1191677451133728,-0.2018569260835647,-0.2577365636825561,-0.3563779592514038,0.4040128290653229,-0.2662290036678314,-0.1149513870477676,-0.1682388335466385,0.3997953832149505,-0.2984249293804168,0.1948220431804657,0.2346782982349395,0.2928614318370819,0.0676141455769538,0.1553054451942443,-0.0961431860923767,0.5456915497779846,-0.2279289662837982,-0.0558218955993652,0.0611917041242122,-0.2349888235330581,0.2706878185272217,0.0724034383893013,-0.3393912613391876,-0.1392006874084472,-0.5784204006195068,0.2526203095912933,-0.155659407377243,0.0599726513028144,-0.0823525488376617,-0.5838775634765625,0.047910239547491,-0.2668199837207794,0.2308844178915023,0.1897561997175216,0.0472326166927814,0.0304461829364299,0.4092461466789245,-0.2077170759439468,0.446753054857254,0.1353139877319336,-0.0519040711224079,0.783359169960022,-0.3722396194934845,-0.2989800870418548,-0.2798097133636474,0.042486522346735,-0.3434524536132812,0.0400078408420085,0.0653272718191146,0.4727227985858917,0.2746033072471618,-0.6966155767440796,0.0782220959663391,0.4430415630340576,0.2624966502189636,0.7815207242965698,0.1209591776132583,-0.0958712175488472,-0.0241772830486297,0.5504213571548462,0.2618978321552276,0.4256070256233215,0.1255105286836624,-0.5663151741027832,0.2344573885202407,0.5653722882270813,0.1362340450286865,0.1511902064085006,0.2922266721725464,-0.4613509178161621,0.1085969433188438,-0.4493367969989776,-0.2269296944141388,-0.4779540002346039,0.5775596499443054,-0.1593138724565506,-0.1407499462366104,0.0492161028087139,0.0404408201575279,0.0006456886767409,-0.5783886313438416,0.0301188584417104,0.5472155809402466,-0.4307481944561004,-0.0494826287031173,-0.1220207810401916,-0.0579941235482692,-0.3472139537334442,-0.1853754818439483,0.5233907103538513,-0.0871587991714477,0.2898628711700439,-0.2703546583652496,-0.2009024322032928,-1.124642014503479,-0.222978800535202,0.2935783565044403,0.4990005493164062,0.2641696035861969,0.1191057860851287,-0.4838886857032776,0.2278601378202438,0.4431247413158417,0.4852368533611297,0.0213789027184247,0.0502767190337181,-0.2780689299106598,0.179585114121437,0.3599025011062622,-0.5641339421272278,0.0423757135868072,-0.1109554767608642,0.0774233862757682,0.3421428501605987,-0.2297710478305816,-0.103759691119194,-0.0296202395111322,0.0609361641108989,-0.1472322195768356,0.7782184481620789,0.2733465433120727,-0.0964207574725151,-0.5749717950820923,-0.4450890123844147,-0.9197883009910583,0.2412146925926208,-0.1610824167728424,0.22455695271492,0.3092661798000335,0.297025203704834,0.2582457661628723,-0.2680031061172485,-0.1428358107805252,-0.2700835466384887,-0.2408133894205093,0.3363486230373382,0.1937740296125412,-0.1581805199384689,-0.5909778475761414,0.3315999209880829,-0.5108320713043213,-0.2683800160884857,0.6358513236045837,-0.1435994505882263,0.5744237899780273,0.1409382820129394,0.4897727072238922,-0.0853540748357772,-0.1874617785215377,-0.0955950766801834,0.0436156764626503,-0.4138393998146057,-0.1069721728563308,-0.2344851791858673,0.0109996134415268,0.1046502217650413,0.0584264323115348,-0.636326253414154,-0.0737071558833122,-0.3163428604602813,0.1024644523859024,-0.5688919425010681,-0.0704476460814476,0.230291873216629,-0.3569014072418213,0.250668466091156,-0.1041097939014434,0.3356075882911682,-0.2991388738155365,-0.0898166894912719,-1.0346769094467163,0.462022066116333,-0.7326732873916626,0.3542755842208862,0.1198809146881103,-0.1020419746637344,-0.0654364451766014,-0.1256033927202224,-0.1999105513095855,0.5118235349655151,0.1648826599121093,-0.2880998849868774,-0.5125777721405029,-0.0331790335476398,-0.1484315097332,0.0892459005117416,0.1570788919925689,-0.2203528583049774,0.0077931177802383,0.118221990764141,0.5483359098434448,0.1169387027621269,0.1514610946178436,-0.168676421046257,-0.3166066408157348,-0.8211398720741272,-0.174249917268753,0.1659409701824188,0.6097294688224792,-0.3898724913597107,-0.1515483856201172,1.065920114517212,-0.1712241768836975,-0.2753693759441376,0.2073781341314315,0.4925227761268616,-1.4006301164627075,0.1897653192281723,0.588225245475769,0.0082712536677718,0.0532373040914535,0.3261024951934814,0.305587887763977,0.3564168214797973,-0.5224007368087769,-0.0392370522022247,0.3144610822200775,0.3735979497432709,-0.0036170836538076,-0.3670718371868133,0.3963320851325989,-0.0700402110815048,0.0745707526803016,-0.612056314945221,-0.3191026151180267,0.4119139909744262,-0.0874440968036651,0.0874632224440574,-0.0170665271580219,-0.3100562393665313,0.0694663971662521,-0.2886847555637359,0.2692031264305115,-0.325777143239975,-0.2060827612876892,-0.2726702988147735,0.2635100781917572,0.449198842048645,0.661635160446167,0.5164912939071655,0.3551589548587799,0.2686977684497833,0.4473485052585602,0.3802987933158874,0.4603124260902405,0.3109914064407348,-0.1063156351447105,0.0195352584123611,0.5475675463676453,0.3219617009162903,0.2603946328163147,-0.0276618730276823,-0.2409785836935043,0.6404382586479187,-0.0342877991497516,0.4841922223567962,0.4391713440418243,0.6220520734786987,0.3925226628780365,0.2461102455854416,0.4162329435348511,-0.1992395222187042,-0.1421195566654205,-0.3447634279727936,0.2172411680221557,-0.2869605720043182,-0.159542977809906,-0.1537368595600128,0.2500409781932831,-0.1458094269037246,-0.51259446144104,0.1407272219657898,-0.4438359141349792,-0.0136881181970238,0.1929426491260528,-0.2214354574680328,-0.5873409509658813,-0.4135623872280121,-0.4071406424045563,-0.5993702411651611,0.487648457288742,0.2242782115936279,0.1675911098718643,-0.5403475761413574,0.1199017167091369,0.1179696023464202,0.1697641909122467,-0.1759710162878036,0.0114829167723655,-0.1525502800941467,0.0282090436667203,-0.1229961067438125,0.0094847762957215,-0.6527937650680542,-0.4276649355888366,-0.5186935663223267,-0.8451845645904541,-0.1182984411716461,0.1161651164293289,0.3922761380672455,-0.0325253829360008,0.1955144107341766,0.1770944148302078,0.2159095853567123,-0.2994886338710785,-0.1859803646802902,-0.8119920492172241,-0.0156768765300512,0.2146668434143066,0.2322666496038437,0.232969045639038,0.1962420046329498,0.1099632307887077,-0.0482075437903404,-0.2861345410346985,-0.012153910472989,-0.2400132715702057,-0.2711018323898315,0.9789894223213196,-0.2605230808258056,0.4552047252655029,-0.1963374316692352,0.1221195682883262,0.3167569637298584,-0.1554841697216034,-0.112817458808422,-0.0907303839921951,0.4706625342369079,-0.1368854939937591,-0.1007928028702735,0.0552294701337814,0.4654022455215454,-0.323762983083725,0.1653086394071579,-0.0653367415070533,0.1071037575602531,0.2053379118442535,-0.0762300416827201,-0.1510095745325088,-0.2405013442039489,0.1477335095405578,0.2341473698616027,0.2862294316291809,0.2517187595367431,0.2906464636325836,0.603635311126709,0.0465304367244243,0.2981800138950348,0.2586971819400787,0.7238072156906128,-0.2899322211742401,-0.2150292694568634,-0.4939345717430115,-0.0892949178814888,-0.4694490730762481,-0.1574169397354126,0.5626305937767029,-0.2203343510627746,0.2118527293205261,-0.1339785903692245,-0.6529372930526733,-0.0651318654417991,0.0051952362991869,0.0690673440694809,0.0703841000795364,0.3648920953273773,0.4399062097072601,-0.0126997204497456,-0.6327009201049805,0.5944579839706421,-0.3083150088787079,0.5145155787467957,0.3459455370903015,-0.5750617384910583,-0.2742610871791839,-0.0764722600579261,0.0789083093404769,0.0509687885642051,0.2437104284763336,0.5642279982566833,-0.3491406440734863,-1.0541503429412842,-0.1875897049903869,0.253937304019928,-0.1902288049459457,-0.4174838066101074,0.2181191146373748,0.1227318570017814,-0.9403929114341736,-0.6611847281455994,-0.3907082676887512,-0.2368012964725494,-0.0750048086047172,-0.9417609572410583,0.2107371240854263,0.0918762311339378,-0.0685869976878166,0.4357554912567138,0.0065562450326979,0.0523173697292804,0.2633278965950012,0.4124357998371124,0.32712522149086,-0.5278412699699402,-0.0882996395230293,0.1802866458892822,-0.0107608418911695,0.0757314711809158,0.4335595369338989,0.0022350514773279,0.1346089839935302,-0.0360789820551872,-0.6570267677307129,-0.1326983571052551,-0.3951635062694549,-0.8622023463249207,0.3906485438346863,-0.0485257804393768,0.2440661787986755,-0.4389907419681549,0.3586048185825348,-0.2363224476575851,0.0419668890535831,0.1436831504106521,0.0125273689627647,0.0706452205777168,-0.6102577447891235,0.3147449195384979,-0.4907277226448059,-0.4119032323360443,0.8037401437759399,0.6327239871025085,-0.277031272649765,0.0262137148529291,0.3444098234176636,0.0450162589550018,-0.3139759302139282,0.0423781313002109,-0.0282185282558202,-0.0554161630570888,-0.1430779546499252,0.2068943828344345,0.3075024485588074,0.0210439786314964,-0.2298358529806137,-0.2397428303956985,0.5746675133705139,0.4281243979930877,0.2773855924606323,-0.1015438437461853,-0.0849071964621543,-0.2149445414543151,-0.3835354745388031,0.1777462214231491,0.1371704339981079,0.6504777669906616,-0.1978227198123932,0.90113627910614,-0.1241719648241996,-0.3456954061985016,0.2918019294738769,0.6946764588356018,-0.100216694176197,0.2651370167732239,0.1185874417424202,0.1118910908699035,-0.889651358127594,0.1925767362117767,-0.256352037191391,0.2200701981782913,0.1242488473653793,0.4356253743171692,0.467876672744751,-0.6214590072631836,-0.260323166847229,-0.1672984957695007,0.1883513331413269,0.0608341209590435,0.5436148047447205,-0.025854293256998,0.0934903025627136,0.2462126761674881,-0.1927277445793151,-0.0298794582486152,0.1243695616722107,0.0780878812074661,0.8339083194732666,0.2224399149417877,0.0871190205216407,-0.2118162512779235,-0.8105356693267822,0.3458636999130249,-0.0689836740493774,0.018697315827012,0.4625156223773956,-0.282231330871582,0.1249693036079406,0.3071497082710266,0.6096946001052856,0.1468066424131393,-0.2993062138557434,-0.793890118598938,0.1002339199185371,-0.0204421188682317,-0.0992076396942138,0.2560797929763794,-0.0415349118411541,0.3648510277271271,0.203915536403656,-0.1634592562913894,0.0352919995784759,0.5447142124176025,-0.1733648031949997,0.0036587237846106,0.304246574640274,0.1871929317712783,-0.4307031333446502,0.0009281226666644,-0.2076293379068374,-0.4050754308700561,-0.4266373217105865,-0.2039306312799453,-0.2270745187997818,-0.0535288043320179,-0.1840565502643585,-0.0797881931066513,0.2254985123872757,0.1304506063461303,-0.1006392464041709,-0.3923006653785705,-0.3506778478622436,0.5158728361129761,-0.7764759063720703,-0.1357771307229995,-0.1237556636333465,0.0765950009226799,-0.1074878200888633,-0.0110861044377088,-0.3666615784168243,-0.1664658933877945,-0.1050653979182243,0.1489000916481018,0.0398935228586196,-0.416027158498764,0.2048544883728027,0.2299579083919525,-0.1175116971135139,-0.788458526134491,0.1993530094623565,-0.0932439640164375,0.6569687724113464,-0.1900956332683563,0.2818269431591034,-0.2750597894191742,0.2358642965555191,-0.3131818175315857,-0.1302007734775543,0.0328198932111263,-10.583672523498535,-0.0490938015282154,-0.445158988237381,-0.1263294517993927,-0.4172158241271972,0.4067028164863586,0.6914451718330383,0.2893685698509216,-0.4186541438102722,0.0356551110744476,0.3733002245426178,0.3360385596752167,0.267772227525711,0.3577016592025757,-0.6444789171218872,-0.2057143747806549,0.1316499561071396,-0.0891802087426185,-0.1396465450525283,-0.2161887139081955,0.2653757333755493,-0.0017534146318212,0.2895424365997314,0.6346953511238098,0.0794324725866317,-0.5257126092910767,-0.4686369895935058,0.2963267862796783,0.0342756062746048,0.2951556444168091,-0.3470078706741333,0.142052948474884,0.0479567125439643,0.319089412689209,-0.3116777241230011,-0.2718498408794403,-0.1247318685054779,0.3276664912700653,0.1142612621188163,0.191989004611969,0.2599020004272461,0.657625675201416,0.285983681678772,0.0854373276233673,0.2722641825675964,0.4464370608329773,0.5172173380851746,0.294055163860321,0.6834058165550232,-0.0487478226423263,0.0203231442719697,0.3268148303031921,-0.1709272563457489,-0.1003255695104599,0.3273875713348388,0.0490538142621517,0.7690467834472656,-0.6563530564308167,-0.44570192694664,0.073697306215763,-0.0454915389418602,0.0713259354233741,0.9178944230079652,0.5181217193603516,0.0308233760297298,-0.0776502043008804,0.312881737947464,0.4847948849201202,-0.5009794235229492,-0.2229619175195694,-0.0355613268911838,0.2150739580392837,0.0117330383509397,-0.0769709050655365,-0.5127115845680237,0.275899589061737,-0.004084981046617,-0.2585968971252441,0.3279469013214111,0.2067940235137939,0.1488009393215179,0.2203200012445449,0.015926444903016,0.1426022797822952,-0.5167419910430908,0.1087146177887916,-0.2099006623029709,0.1725313067436218,0.0848772972822189,-0.4644400477409363,-0.07003665715456,-0.2248544692993164,-0.0309130512177944,0.7703751921653748,0.4164022207260132,-0.0329809635877609,-0.0987273156642913,0.102551057934761,0.5012519955635071,0.0252322237938642,-0.3623819,-0.8543314,0.3880855,0.9241833,-0.27504396,-0.31465983,-1.6242714,0.25784206,1.8974986,-0.37920815,-0.03075168,0.8600476,-2.385907,3.5335436,-1.0374999,0.08918598,1.1691763,-0.65726286,0.9984269,-0.37304783,0.36236855,0.41436803,0.715482,-0.71060836,1.1175843,0.46343973,0.5644543,-0.88278973,-0.4027036,-0.75772,0.35948595,-0.8260008,-0.7598369,0.2931928,-0.25650197,-0.95826787,-0.52796245,0.32198632,0.13154373,-0.7649821,-1.3193434,0.37022513,-0.3061621,0.33193037,-0.9622703,-0.41608244,2.0221467,0.6414174,0.76099414,0.34764576,-0.47499168,1.0585274,-0.46264118,0.7343578,0.61176103,0.0043857843,0.03787698,1.0659153,-0.14012575,-0.3726017,0.65260357,1.2702389,-1.1190301,0.6002214,0.6158758,1.2941755,-0.250138,-0.80522007,-0.9933792,-0.41848183,-2.6356444,-0.48459458,0.6318699,0.7542105,-1.0509647,0.5844408,1.6145746,-0.10087069,0.3933549,0.99143934,1.1873773,0.7083452,-0.66208184,1.1992431,-0.12105772,0.10629917,-0.37555224,-0.58303565,-0.8996978,-0.84277534,0.2867168,-2.3250117,-0.9010385,-1.1839983,0.6106635,-1.0654435,-0.501154,-0.827654,-0.7201756,-0.2187827,-0.31648964,1.1397693,-0.5204335,0.293028,-0.55566895,-0.39019406,-0.71014744,-0.980896,-0.1302695,1.7243282,-1.705401,1.0370295,0.23305015,1.0314682,1.2587383,1.0760229,-0.812086,-0.78923327,-1.2788914,-0.6592293,1.0744911,-0.09762962,-1.7061558,0.9349288,0.28032947,1.335649,-0.19748846,0.78389215,0.9041846,-0.38540474,0.592144,0.03538735,1.9709917,0.45628014,-1.306051,-0.073534936,-0.6377225,0.58689374,-0.9964159,-1.6478896,-0.26123804,0.32877684,0.5186803,-0.41045934,-0.17548752,-2.201858,-0.0006073564,0.30570242,0.5263872,0.24742654,1.0563266,-0.738384,-1.1973488,0.7422408,0.7825645,0.31315222,1.1975288,-0.7044715,-2.2005868,0.71258783,-0.034083344,1.5359974,-1.1276457,-0.23978868,0.32351753,1.7447356,-1.6875763,0.05356405,-1.4172406,-1.9024179,-0.67632526,0.14669707,-0.20637533,-0.102199376,0.5346903,-0.08652208,0.24353628,-0.26425475,-2.1772044,0.62879646,-0.35867774,1.12552,0.24879658,1.608702,-0.32674745,0.039188713,1.015006,1.0581815,-0.7030623,-0.69945616,0.26997492,-0.8470863,1.2882115,1.3293774,1.564712,3.0591772,1.1136801,-2.3843458,-1.336304,1.6939492,-1.4954536,-0.9659524,0.5677452,-0.9633197,1.4838357,-0.075386144,-0.5644514,1.8364375,0.0931934,0.47553724,-1.6775436,-1.3857561,0.4303388,0.32033783,-0.6750683,-0.14451033,-0.42529503,1.4562354,0.037990123,0.74288505,-0.58837426,0.44824702,0.67365646,2.1011147,-1.8743186,0.84587896,-0.34427223,-0.09708865,-0.5073761,0.18973708,-1.0088121,-0.121255115,0.41708913,-0.9531072,-0.1047407,0.6351483,-0.4303155,1.0237267,-0.5891074,0.161329,0.024835639,0.16321091,0.9011891,-0.41127902,0.6187712,0.37061822,1.0819359,0.4448979,-0.37210134,0.048433572,0.9075843,0.96568125,0.5333181,0.7741715,1.4820387,-0.07457963,-0.09351427,1.0173889,-0.85038126,0.12292783,0.019566081,1.2278371,0.78393555,0.23897843,-0.08137875,-1.45624,-1.2862856,-0.6644092,0.27370575,-1.4417841,-0.055903703,-0.7578963,-1.042906,0.15560871,-1.7931584,0.071192,-0.8435857,-0.70796883,-0.92459214,-0.31761885,0.18754336,-0.9904736,-0.3719213,0.17761028,0.3793859,0.644718,-0.37820897,0.10770551,0.4325571,0.7337171,-1.3586464,0.4561724,0.42842245,1.3935505,1.3477845,0.34411517,0.5424621,-0.28920585,0.9369296,-1.6419015,0.9551625,0.4948415,-0.87947387,0.64119565,0.8134885,-0.7842174,0.6665142,-1.6460025,-1.0765306,-0.11283185,0.30421945,-0.15254486,-1.4319766,1.7862438,-0.58321184,1.9378655,-1.4090993,-1.0743208,-0.45190516,-0.14858425,-2.4859324,1.3597231,0.4507533,0.04388764,0.7264884,-0.61381245,-0.9463623,-0.7629131,0.33148935,0.4017505,-0.68802917,1.3355646,-1.6306075,-1.1611904,1.0098379,1.0488791,-1.7237506,-1.4570222,-1.7986844,-0.6069534,0.41055924,-0.21887346,0.8717251,1.2012267,-0.41145018,0.6750818,-1.2951819,-0.3730803,0.46244046,-0.6560743,0.27662826,0.19347984,1.8973535,-0.31507736,-0.66338164,0.52470076,-2.5763621,0.46536663,-0.7565459,2.3753119,0.9249556,-0.22114196,0.4897868,1.2230384,-1.2040706,-0.44979003,1.1011908,-0.31654465,1.572175,-0.08469577,-0.68857396,2.4159966,0.24796839,-0.5002714,-0.8441173,-0.5659096,2.1613045,0.54060626,-1.367775,-0.7128046,-0.2503198,-0.78020775,0.07780212,0.2636155,0.8178191,0.09513146,1.0340226,0.053596817,-0.740479,-0.16024241,-0.26622713,0.71547157,1.3270767,1.4261076,1.230268,-0.084012225,-1.5363033,-1.7596842,0.023437768,0.62682164,0.14278601,0.38526532,-0.9468807,-0.31986555,1.132475,0.13553762,-1.3530959,-0.9957471,1.7353332,-0.093104266,0.46774706,1.4226437,-0.3588413,-1.6845858,0.26619372,1.0581226,0.5397345,-0.6053783,-0.2719279,1.3561807,-0.7880721,1.670647,0.4487134,-0.464308,0.10426744,0.41416788,0.6616707,0.48101237,-1.0418253,-1.2041566,0.5402181,1.1205196,-1.5845547,-0.3690138,0.7115203,-2.6154938,-0.30714193,-0.44252044,-0.18615414,-0.1575656,-0.5572055,-1.0243753,-0.604787,-0.8342333,-1.3875418,-0.98701,0.44774866,-0.3517111,-1.6340961,1.8361897,2.2618654,-1.5157257,0.57754904,0.15093943,-0.0048664957,0.08364807,0.5285517,-0.6671117,0.5708213,-1.1278868,-0.7585589,-0.15064259,-1.0252724,0.17195159,-0.383536,-1.4426275,-0.41559458,0.47155723,1.1357372,-1.5094813,-0.1252436,-0.9390667,-0.39953798,-0.0826993,0.16832086,0.35749355,0.006625114,-0.3964126,-0.5537788,-0.062061496,0.71807957,0.8212668,-0.8743442,1.5842795,0.05804508,-0.022391409,1.3787913,-0.4801213,0.9601362,1.0884486,0.45233616,-1.3111045,0.14182791,0.024797484,-0.008464813,0.97285855,-2.098651,-0.9276054,1.645139,-0.4993049,-0.7556286,-0.753079,0.6644203,-0.46476614,0.54174197,0.67309695,1.7233841,1.2500114,0.7366649,1.5592024,-0.76729214,-0.54335165,-1.1559519,-0.35635883,-1.1995367,-0.28756982,0.74278474,1.3431873,2.2756248,-0.85797495,0.24101177,0.3202558,-1.2462112,-1.0384424,0.16581969,0.8513324,-1.3800666,-0.71529454,0.015089661,-1.3329327,0.66894615,-1.6748477,-0.5278875,-0.47877407,0.5441716,-0.9487858,-0.6659627,0.45591778,0.6972796,-1.16926,0.8107029,1.2238066,0.635316,-0.61546,-0.728001,0.36227039,-0.31879112,-1.3476036,0.8171619,-1.0441035,-0.18067367,-0.22244631,-0.3643506,0.2614091,-0.09012957,-0.8520553,1.1227515,0.9074154,-0.6803626,-0.14865972,-0.4190932,2.399672,-0.48412248,-0.64033437,0.8748902,2.0202997,-2.3138142,-0.52690303,-1.0074804,-0.07145177,-1.2449396,0.8238969,1.069823,0.82802147,0.18144356,0.6459542,-0.26308194,0.0663154,0.15102394,1.0811262,0.33853918,0.46861488,-3.0711486,1.5978676,-1.3643508,-0.9763485,-0.23637313,0.9550595,-1.1175407,0.6966544,-0.7832661,1.0080094,0.20524366,-1.2216926,1.1787541,2.6958666,-1.6838505,0.23527263,0.21086457,0.6177207,-1.0626206,0.2889079,2.0923734,0.042566627,0.82322997,-1.037436,0.4306152,0.0772399,-0.053642407,-0.3676923,-0.6024014,-0.7222556,-0.0537754,-0.077790335,-0.5599245,1.5784278,-0.025152445,0.92431736,1.2819462,-0.6777895,0.38164234,0.036146976,-0.013964027,-1.6209317,-1.4730246,0.018589318,0.25142872,-0.124872416,0.13924891,0.87017286,1.2869499,0.98811436,-0.9124642,-0.5986036,0.71548784,0.60195756,0.97481287,-0.8647858,-1.1806903,1.3866678,1.7873743,-1.7848736,0.5192142,-0.78927624,-1.1061358,-0.7209662,1.5880327,0.34894755,0.23392831,1.5284765,0.49102208,-0.012828153,1.6300685,-1.8592868,0.44795206,-0.53091776,-0.20538077,-0.38483804,-0.41046774,-0.4140936,0.33556175,-0.9541955,-0.24332552,0.13530631,1.2069175,-0.3071953,0.0046282336,-0.6180486,0.8251091,-0.20184624,0.96515083,-0.8988553,-0.44899124,-1.2394619,2.2021155,0.71129614,-0.6036293,-1.8274364,0.12210505,0.3223586,0.91047883,0.17456484,0.32150728,0.02695866,-1.9298012,0.32518232,-1.6840427,-0.2749025,0.49690193,1.2907084,-0.26751384,0.6859419,-1.332329,0.61450565,-1.0925034,-0.9263551,-0.121398315,0.23321456,0.2560196,1.4965465,0.58910227,0.14309783,-0.076189,1.5936329,1.2110856,0.57661283,-0.742229,-1.1074166,0.35090756,0.79874516,-0.53290105,-0.36558384,0.42255908,0.5283962,0.02472514,1.7588314,-0.45902127,-1.0924743,-0.20398442,0.17921016,-0.43837845,-0.6100269,-0.60719746,-0.4330705,-1.3128738,-0.17232853,-0.67193294,-0.23935407,0.57331526,-1.4619049,0.3158743,0.6734887,1.4962325,1.1914357,1.0136578,0.6749634,-0.5421518,0.06242813,-0.8968048,-0.744843,1.2663462,-1.8177977,-0.9582796,0.1435505,1.3982602,1.824395,0.36097813,-0.69967866,0.14244436,-0.058571264,0.21259363,-0.70270056,-0.6824642,-1.0773377,0.6366265,0.4563135,0.3164063,-1.5486459,-0.9525697,-0.26613802,1.5274136,-0.25866905,0.79957545,0.10769519,0.6690658,1.4968035,0.6556381,0.15477148,-0.75379646,-0.778788,0.75380623,0.693863,-1.1072522,-0.19707112,-1.1401815,1.3762152,1.1066461,0.14678016,0.7533246,-0.5244541,-1.64551,2.1497624,-0.3590773,0.14102426,0.92636,-1.0002134,0.47980437,-0.71550685,1.0099051,0.5199374,0.5914702,-0.86300313,1.0920312,1.0933073,0.438497,-0.18011296,-0.91342086,-0.4964971,0.5665637,0.018863846,-0.6927827,-0.10299184,0.08343027,-1.909591,-1.1322806,1.0994561,0.064864054,-0.79306525,-0.5171944,0.77789533,0.032954883,0.041279607,-0.5090206,-0.22177441,2.0371597,0.37536317,0.77097756,-0.56756586,-1.2406327,-0.35487023,0.67437863,0.6443477,0.91219854,-0.2538899,1.6895317,0.7259897,0.68087494,-0.6494044,0.2965837,0.55506265,-1.4634798,0.10893917,0.92982197,1.1372936,-0.13394073,-0.68909144,-0.66902983,-0.107525826,-1.9651778,-1.0882728,-0.14924768,0.95136386,-1.1817687,1.0268834,0.16070966,-0.48483086,0.1119905,0.6470926,0.3043007,0.29727602,-1.3438798,1.4451389,-0.74824476,-0.6326963,-0.2832132,-0.42850772,-1.1188744,-0.27322012,-0.26306134,-1.5313199,-1.5256982,-1.5883878,1.0143598,-0.32896274,-0.85672253,-0.81119967,-1.2630674,0.069220275,0.111547686,1.2357696,0.2073102,-0.6903678,-1.3513243,-0.35283387,-0.9132929,-0.4724602,-0.501461,1.5685073,-0.5004147,0.40603733,0.5762345,1.3177849,0.49364066,1.3764158,-1.1442654,-1.1762416,-0.026471222,-0.2467515,1.4649165,0.34725863,-1.0736837,-0.09146486,-0.21262689,0.9534489,0.4693314,-0.92091495,0.69613475,0.15535244,0.8427528,-0.43872637,1.9572865,0.5154016,-0.86000377,-0.6029159,-0.4371345,0.47555012,0.105786346,-1.087455,-0.68219435,-0.76170087,-0.48105446,-0.19776432,0.16765037,-1.1880656,-0.02903241,-0.048650045,1.126263,0.56264544,0.021866119,0.28639865,-1.5830053,0.39036697,0.9957218,0.10319708,0.31430426,0.21290939,-1.3196528,0.7963817,0.29606774,1.281674,-0.5700855,0.49017033,0.3267495,0.31397888,-0.82956284,0.6055492,-0.6546929,-1.8241428,-0.017592197,-0.089813024,-0.034807585,0.067242876,1.1441462,-0.5971645,0.009717619,-0.009117854,-1.0019075,-0.40884128,0.8004503,0.9576292,-0.054581057,1.0299299,-0.43171233,0.5350035,0.8996857,0.5452464,0.5918921,0.026404392,0.87166727,-0.66232336,1.6395782,1.4947609,1.115258,2.8125834,1.207868,-1.6906143,-1.6344773,0.20507857,-2.0656986,-0.87147284,0.35727897,-1.165304,0.9253009,-1.3317362,-1.0693048,1.4950241,0.35564175,0.18409987,-1.389207,-1.3914671,0.61564195,0.9103152,-0.14250441,0.34792727,-0.4921317,0.34885356,0.17670615,-0.65029943,1.0931053,0.65907466,-0.0039362013,1.6876218,-0.82162905,0.345951,0.64189625,0.0120489355,0.39524356,-0.2436655,-1.1373191,0.19607738,0.7780963,-0.31324014,-0.5138284,0.5220763,-0.23401709,0.88443613,-0.17663234,0.7516863,0.73835737,0.07143389,-0.41053396,-0.41717497,0.8012584,0.5535222,2.0329366,0.14512673,-1.4491934,-0.6592417,0.47254115,0.54613775,0.62009335,0.03266678,0.3969311,0.7053016,-0.4785021,0.99140847,-0.107672915,-0.69620657,0.64095455,0.40441146,-0.3846218,0.4605917,0.0866756,-0.3047832,-1.0946305,0.61143285,0.543773,-0.94770813,-1.4610517,-0.8358884,-1.1522572,0.124094605,-0.101933494,0.016014587,-0.98980266,-0.25171095,-1.467877,0.17387024,0.25574133,-1.5822262,-1.1572963,0.205542,-0.83118755,0.4810566,-0.23847303,-0.2006394,0.83839715,0.05964911,-1.6998022,0.8800063,-0.075305395,1.1571846,1.2007247,0.49229354,0.97089463,-0.8309711,0.7501334,-0.27584267,0.7082618,0.9406295,-1.7772655,0.524329,0.06661199,-0.813961,0.47008115,-1.5282552,-0.5876926,-0.13344467,-0.07113658,-0.5780231,-1.3671126,1.901714,-2.0129437,1.4239607,-1.2868564,-0.55335265,-0.4693222,-0.78756344,-1.1643801,1.161689,0.124390975,0.3357831,0.7174498,0.07231346,-0.26525503,0.7093464,0.20100002,1.1484644,-0.8784437,0.19267456,-0.761749,-1.5028132,0.44487756,0.9253643,-1.3676183,-1.4622782,-1.3908492,-0.5543891,0.8729063,0.123951234,0.20120278,1.2377219,-0.35716376,0.29627746,-0.8622726,-0.24658127,-0.056574486,-0.5188426,1.2320517,0.17022535,1.6861048,-0.9036522,-0.61806077,0.4173564,-1.2491633,-0.06749875,-0.70400095,1.6397307,0.5680562,0.014891023,0.521042,0.5906854,-0.4756421,-0.40653858,1.121617,-0.1623057,1.5237643,0.04758535,-0.1945282,1.9967858,0.097075395,0.68116236,-0.5460648,-0.40104517,1.9864514,-0.3767044,-0.09740436,-0.48244196,-0.35646883,-0.28797853,0.574219,0.4278857,0.021712486,-0.2828855,0.80370265,0.5137251,-0.86382353,-1.5216318,-0.35171694,0.46976346,1.012773,1.4511487,1.3707324,-0.075131066,-0.2066586,-1.4711461,-0.22872417,1.0685506,0.26384097,0.9678814,-1.2920418,-0.20208383,0.5295952,0.24126545,-0.3815237,-1.265181,1.439591,0.31891733,0.29637927,1.8902584,-0.9762745,-0.8967719,-0.5331845,0.39931908,0.050541688,-1.07717,-0.63985527,1.3499625,0.015400735,1.1345028,0.4734148,0.22521591,-0.1925791,0.25665537,0.8409479,0.43375668,-0.73791254,0.07894416,0.33100373,0.68834317,-0.9739233,-0.42327785,0.56382334,-2.174581,1.0702311,-0.33604836,0.14015064,0.020567697,-0.14123416,-0.28156847,-0.5127888,-0.4935735,-1.2561846,-1.0189264,0.08790815,-1.0858376,-1.2750891,1.3636302,1.3988187,-1.580335,-0.03973656,0.94711816,0.16793714,0.6828345,-0.18355528,-0.3784005,0.50559604,-0.498902,-0.09547931,-0.009875056,-1.0311463,-0.54063743,0.35095972,-1.2866853,-1.0856116,0.7421632,0.96805364,-2.02092,-0.6792609,-0.04057331,-0.23576912,1.285726,1.1264943,-0.23039642,-0.112902366,-0.36097223,-0.5699421,0.14485468,0.6670468,-0.50570154,-0.18469295,0.23453763,0.060306467,0.38423932,1.7998527,0.19088289,0.8813566,0.91626436,0.5828642,0.010566679,0.31584758,0.33414972,-0.57658494,0.37586537,-1.9625756,-0.5817485,1.7563868,-0.7569045,-0.7274601,-0.055086344,0.8666121,-0.6435654,0.1233958,-0.04176771,0.6136552,1.7498882,1.1562688,1.7132342,0.26585615,-0.35480264,-0.62745583,0.5402778,-1.311105,-0.95276546,0.7232207,0.73628795,1.893432,-0.31999356,-0.014594853,1.129987,-1.0088985,-1.4003887,0.19169454,0.26121822,-0.29444283,-0.028998327,0.2993364,-1.0451685,0.86563826,-1.7060554,-0.16901298,0.3015775,0.9298868,-0.39271307,0.47424212,0.6467845,0.52151096,-0.7741188,0.812438,1.1930764,0.98938644,-0.061376084,-1.152088,0.3567864,-0.35847026,-2.4341989,0.21850152,-0.75079733,-0.7449211,0.57493514,-0.4874217,-0.45904192,-0.52879196,-0.6241662,2.020804,-0.0405586,-0.8337824,0.9732448,-0.9200794,1.043361,0.5478133,-0.17297995,1.1527748,0.69575465,-1.51882,0.18630226,-1.2315754,0.7663432,-0.8651859,0.50729865,1.4061745,0.59419847,-0.69643486,0.80158585,-0.70093036,-0.3524588,0.07780351,0.9133088,-0.38006178,0.4221472,-1.8526976,1.010161,-0.9578611,-0.6133959,-0.63121367,0.26670092,-0.97941476,-0.47482595,-0.46614957,0.40414447,0.32046288,-1.0102316,0.7237154,1.652694,-0.8340049,-0.9950075,-0.20011401,0.45030633,-0.3391467,-0.057753444,2.2248797,0.500006,1.0160656,-1.3585516,-0.848176,0.4377183,0.03446839,-0.9931874,0.12446684,-0.31460065,0.38072532,0.13795125,-0.014124483,1.2475541,-1.0164055,-0.21938801,1.1528137,-0.679378,-0.46210712,0.42995405,-0.10365399,-1.3990492,-1.92225,0.62822664,0.745258,-0.54220045,0.4247675,0.5289008,1.3322275,0.69774276,-0.101000145,-0.43546718,0.8326355,1.0571619,0.37659398,-0.9812915,-1.2746336,0.7478899,1.1638209,-0.9241024,0.24552837,-0.41708088,-0.043828763,-1.583444,1.4546254,0.28316537,0.13815232,1.2248247,0.008246124,-0.15125895,0.44015685,0.11241953,0.007402809,-0.23517652,-0.7922142,0.07360276,-0.22067818,-0.1871002,0.1960031,-0.88936204,-0.03708273,0.21496387,0.7969155,-1.5547204,0.28938356,-0.702302,0.65387076,-0.19858535,0.29286584,-1.2155707,-0.4716599,-0.7085415,0.8991281,0.85351497,-0.28510755,-1.7276665,-0.22866149,1.6012955,0.9777589,-0.9018316,0.44181672,0.7206756,-0.66681254,-0.42939696,-1.0259374,-0.31959105,0.2924616,0.68015414,-0.55975175,1.5266325,-1.8128954,0.6039518,-0.24142317,-1.7793709,-0.60556686,0.40445113,-0.5881655,1.6979774,1.1675081,0.12070348,0.3482376,1.0636731,0.45592403,-0.41679907,-0.6390051,-1.7922182,0.6277486,1.4087989,0.50603694,-1.0854639,-0.040189266,0.60254365,-0.50212526,1.2549756,-0.536234,-1.0696318,-1.0767853,-0.2863184,-0.6237225,-0.037905127,-0.6938671,0.1843541,-1.2792206,0.40139455,-0.32218844,-0.6871942,0.23458633,-0.73184395,0.14583737,-0.41932935,1.1585236,0.42445174,0.24395557,0.15560748,-0.29655823,-0.58090717,-1.1378323,-1.2176371,1.1185576,-0.19870195,-0.12516701,0.69410443,0.59903955,1.7184372,0.34292513,-0.9325892,0.009476853,0.18166576,0.023525964,0.29887265,-0.940252,-0.11574088,-0.2403688,-0.07470937,0.67882025,-1.8905513,-0.6530754,-0.21918435,0.74545187,-0.27210099,0.8271615,0.8094371,0.35243112,1.7611812,0.38317138,0.07870345,1.0
バ,0.2234925776720047,-0.1472303420305252,0.6045969724655151,-0.9987636804580688,0.1014909371733665,-0.1863888800144195,-0.3335916996002197,0.1971122622489929,-0.2144107073545456,-0.3091648519039154,0.5515444874763489,-0.2572675347328186,0.1566852480173111,-0.6422751545906067,0.8133845925331116,-0.3115048408508301,0.2401590198278427,-0.3599894344806671,0.2617224454879761,-0.5669348239898682,-0.2583977580070495,-0.4423581659793854,-0.3614253103733063,0.5418098568916321,-0.0272164903581142,-0.3382428288459778,-0.0002002465189434,-0.1512831449508667,-0.5852401852607727,0.0638441145420074,-0.5029356479644775,-0.2885840237140655,0.0772766768932342,0.0403101965785026,-0.7864038348197937,-0.0132904797792434,0.3241820633411407,-0.0704916939139366,0.7847050428390503,-0.8925842046737671,0.0338814482092857,0.0092491880059242,-0.3888517320156097,-0.228520929813385,-0.1091461330652237,-0.1300661563873291,-0.2691955864429474,0.6054499745368958,0.3951774537563324,0.4446080923080444,-0.2260571271181106,0.3657398521900177,0.2998800575733185,-0.4314461350440979,-0.4309680759906769,0.6274374127388,0.8243589997291565,-0.3457641005516052,0.3788660168647766,0.211452230811119,-0.1545304507017135,-0.1789228618144989,0.383542388677597,-0.362125813961029,-0.2939485013484955,0.1178496927022934,0.1806958466768264,0.4351203441619873,0.2538610696792602,-0.1627464294433593,-0.1114373803138732,0.2327451258897781,-0.4105508327484131,-0.5750738382339478,-0.0471131950616836,0.0580017194151878,0.3758847415447235,-0.2329282015562057,0.5602998733520508,-0.2504802644252777,-0.3135339319705963,0.200688749551773,-0.3053543865680694,-0.7193450331687927,-0.8146046996116638,0.3943313360214233,-0.2031508982181549,-0.8469417095184326,0.7740106582641602,-0.0669694766402244,0.3810162842273712,-0.2095873653888702,-0.0454765707254409,-0.0223698560148477,0.2750561237335205,-0.1035663112998008,0.3724376857280731,-0.2562397420406341,0.1883832365274429,0.243953987956047,-0.3857215642929077,-0.0843820944428443,-0.0205203909426927,-0.6469945907592773,0.1495313644409179,-0.4613695740699768,-0.3454636633396148,-0.2557938694953918,-0.0172240957617759,0.1134849265217781,-0.4816272258758545,-0.889858067035675,-0.9177387952804564,0.0751974806189537,0.0085344202816486,-0.180788367986679,-0.1709035784006118,0.5740495920181274,-0.1609432697296142,0.4731749594211578,-0.2851768434047699,0.3802436292171478,-0.4995046257972717,-0.662254810333252,-0.1369860172271728,0.3745785057544708,0.1632135957479477,-0.2155988812446594,0.1840458810329437,-0.6014800667762756,0.5738489627838135,0.6303282976150513,0.2310205250978469,0.4059126675128937,-0.2713905870914459,0.6788829565048218,0.1179895922541618,0.2782779335975647,0.1633163392543792,-0.59432452917099,-0.2813557982444763,-0.0735498145222663,0.3808215856552124,0.3438430428504944,-0.0482020489871501,0.2121692150831222,0.2709172666072845,-0.5354586243629456,0.689833402633667,0.5661449432373047,0.1682345122098922,0.5063645839691162,-0.2090030759572982,0.4687124192714691,0.0338612757623195,0.5733480453491211,-0.567353367805481,0.2367566078901291,0.0442950278520584,0.5528391599655151,0.4119088053703308,-0.3160198926925659,0.327964186668396,0.2617875635623932,0.3923147022724151,0.443546324968338,-0.3031439185142517,-0.1080220937728881,0.2133442908525467,0.6089250445365906,-0.0937312692403793,0.2484412789344787,0.7062355279922485,-0.7695028781890869,-0.4935321807861328,0.6958505511283875,0.4206518530845642,-0.0232944134622812,0.3433484435081482,-0.2875775098800659,-0.3757398128509521,0.1981619298458099,0.2303411364555359,-0.3141049444675445,0.8359267711639404,-0.3087042868137359,0.4685792028903961,0.3048252463340759,-0.0460431575775146,-0.110795073211193,-0.2642998993396759,-0.4835892915725708,0.542090117931366,0.2986390590667724,-0.3193580508232116,-0.7960116863250732,0.1192913576960563,0.0236464813351631,-0.7827026844024658,0.1171759292483329,-0.2529725432395935,-0.0642938166856765,0.0480459332466125,-0.0828247517347335,-0.7026240825653076,0.5296923518180847,0.0776745304465293,0.4941557347774505,0.2799553275108337,0.2245543897151947,-0.353358507156372,0.1131525635719299,-0.1540199816226959,0.4722793400287628,0.9767853021621704,-0.1344996392726898,-0.3671567738056183,-0.5966321229934692,0.4525417983531952,-0.2736806869506836,-0.1635738611221313,-0.1578843891620636,0.569378674030304,0.1901007443666458,-0.6476287245750427,0.1260875612497329,0.4000907242298126,-0.3887071013450622,0.0083717163652181,0.0434352792799472,-0.3971701264381408,-0.3312400281429291,-0.4310771822929382,-0.1286560893058776,-0.4190772771835327,-0.2576436996459961,-0.6865807175636292,0.1404095590114593,-0.5184717774391174,0.6703821420669556,-0.2289454936981201,0.2028089612722396,0.2345074415206909,-0.4843266606330871,-0.3636048138141632,-0.1272783130407333,0.1507331579923629,-0.2716393172740936,-0.0808911845088005,-0.288665622472763,-0.6834526658058167,0.0887773782014846,0.0478691570460796,-0.3875190913677215,-0.1409158706665039,0.3006463646888733,-0.0490157194435596,0.0023316841106861,0.3629220724105835,-0.8311783671379089,-0.6292593479156494,-0.3576864004135132,-0.5437831282615662,0.1408867537975311,-0.4878081381320953,0.2969547808170318,-0.1504689902067184,0.1228461265563964,-0.7918827533721924,-0.430143803358078,0.314280241727829,-0.242057129740715,0.0475729443132877,-0.1354797035455703,-0.2641438245773315,-0.132748082280159,0.3330125510692596,0.8600601553916931,-0.5170047879219055,-0.0126590197905898,0.0842271447181701,-0.0916683301329612,-0.5270578265190125,-0.519239604473114,0.8143720626831055,0.4428776204586029,-0.8014969825744629,-0.5765238404273987,-0.5428711175918579,0.5669286847114563,0.3880112767219543,-0.4421096742153168,-0.2019145190715789,0.4327168762683868,-0.237800195813179,0.3818188905715942,0.4554056227207184,0.0363222025334835,0.2929367423057556,0.3123887479305267,0.3344309031963348,0.223947986960411,0.1160189807415008,-0.2605857849121094,-0.2157033681869506,-0.5852783918380737,0.487289547920227,0.0785499587655067,0.3262604773044586,-0.1415112614631652,0.1173694431781768,0.4948814511299133,-0.5260054469108582,-0.2091131806373596,1.2828718423843384,0.8209061026573181,-1.4794634580612185,0.0078890556469559,0.632879912853241,0.2731427252292633,-0.3832475841045379,0.4946576356887817,0.2508338689804077,0.2071875482797622,0.4682758450508117,-0.6189122796058655,0.9218330979347228,0.0508714877068996,0.0747455060482025,-0.4869116842746734,-0.0166893135756254,0.2660711109638214,0.227532610297203,0.1559442281723022,0.0556032247841358,0.3763537406921386,0.2288556843996048,-0.1518398821353912,0.1236714571714401,-0.5298824310302734,-0.117488794028759,0.5958302617073059,-0.3703364133834839,0.069259874522686,-1.0098358392715454,-0.2783428728580475,-0.1212732940912246,1.1685954332351685,0.1961096227169037,0.7700421214103699,-0.878673791885376,-0.0409854985773563,0.3037607669830322,0.2894453406333923,0.4268209040164947,0.2838753163814544,-0.4582703411579132,-0.1500152796506881,0.3439646661281585,0.2398428618907928,0.3745096027851105,0.2350220531225204,0.3889703750610351,0.0113791720941662,-0.2287969887256622,0.1851913928985595,-0.1928945779800415,-0.065912976861,0.459059476852417,0.2594346404075622,0.3285475671291351,-0.1457818895578384,-0.1898121684789657,-0.4873992800712585,-0.014804121106863,0.0114446114748716,0.1430768519639969,0.4915604889392853,-0.0306045860052108,-0.0882262960076332,0.290978729724884,-0.3402867615222931,-0.0692888423800468,-0.1067940890789032,-0.2437655478715896,-0.4090252220630646,-0.3102192878723144,0.3208128213882446,-0.1460761427879333,-0.2810088396072387,0.8937571048736572,0.0070027839392423,0.5304586887359619,-0.1689222455024719,-0.4457268416881561,0.7186323404312134,-0.1472624242305755,-0.3558822274208069,0.4943793714046478,0.2518311738967895,-0.0526898503303527,0.2925050258636474,-0.7151827812194824,-0.3834176659584045,-0.2973487377166748,-0.1481689661741256,-0.4246176779270172,0.4089362621307373,0.0907015353441238,-0.2794979214668274,0.4052858650684356,0.1986041367053985,-0.0643145516514778,-0.1239369735121727,-1.0670982599258425,0.0832146108150482,-0.0123735796660184,0.2909246683120727,0.582687497138977,0.2371938973665237,0.8595178723335266,0.0591814257204532,0.6610333919525146,0.3137524127960205,0.2968838214874267,0.5399304628372192,0.2939823865890503,-0.5639665126800537,0.5062299966812134,-0.3788406550884247,-0.2315251976251602,-0.5803262591362,0.2291831970214843,0.8391780257225037,0.0615971572697162,-0.4129176437854767,-0.0331018045544624,-0.1588812321424484,-0.052147053182125,0.072300761938095,0.404828816652298,0.4083702862262726,-0.2748841345310211,0.3741419017314911,0.061465885490179,-0.1943718940019607,-0.0629763528704643,0.061773020774126,0.4849224090576172,-0.3124108016490936,0.4320895969867706,1.098605990409851,-0.0782990679144859,0.7537015676498413,0.4821658730506897,0.6648191809654236,-0.6163265109062195,-0.2770489454269409,0.1658495664596557,0.3155244290828705,-0.0080336257815361,0.1059940829873085,0.2071292996406555,-0.2626721262931824,-0.4905700385570526,-0.0427101328969001,0.1818477064371109,0.108382873237133,0.5037315487861633,-0.5364966988563538,-0.2717548906803131,-0.0890407040715217,-0.3389132022857666,0.2087330818176269,0.1589838713407516,-0.3008914887905121,0.7467272877693176,0.227647453546524,-0.2629939019680023,-0.3635835647583008,0.0960621461272239,-0.1069652289152145,-0.0019061119528487,0.0158790275454521,-0.2965772151947021,0.0953020006418228,0.4432135820388794,-0.1184146776795387,0.2794297337532043,-0.0660874918103218,-0.5591092109680176,-0.5398919582366943,-0.240220233798027,0.2805913686752319,0.0747533217072486,-0.3837614357471466,0.4120746850967407,-0.3294306695461273,0.2088640183210373,-0.1587655544281005,-0.0989341214299202,-0.0293118115514516,0.3084571659564972,-0.3312134146690368,-0.7013442516326904,0.0430531240999698,-0.0008766440441831,0.155329018831253,0.4828935861587524,-0.981566846370697,-0.005478823557496,0.3343556821346283,-0.1420341581106186,0.2791902422904968,-0.3824841976165771,-0.3362383842468261,-0.1160417199134826,-0.0132092162966728,0.1919662654399871,-0.4164227247238159,0.784318208694458,-0.4258321225643158,-0.4263544082641601,-0.4183791577816009,-0.069212332367897,-0.9470552206039428,0.1687767505645752,0.2924543619155884,0.470099002122879,0.2119177430868148,0.138756588101387,0.3944144546985626,-0.3498806953430176,0.0381155312061309,0.3534780740737915,0.1406294703483581,-0.6822034120559692,-0.0134551338851451,-0.1079128012061119,-0.7780842781066895,0.4274328649044037,-0.6506279706954956,-0.3593244850635528,-0.1089041456580162,0.2189894467592239,-0.6296373009681702,0.1329854428768158,0.5668400526046753,-0.0517196021974086,0.1166729927062988,0.4986079633235931,-0.1022858768701553,0.5444421768188477,0.1046438813209533,0.3514169156551361,-0.0053713819943368,0.9001857042312622,0.5887705683708191,0.5288068056106567,0.4848986864089966,-0.0948062688112258,0.0916526690125465,-0.6807351112365723,-0.0095910355448722,0.0627114847302436,0.2865784764289856,-0.3407144844532013,0.6250203251838684,0.3483123779296875,-0.2492344081401825,0.2310072630643844,0.6355745792388916,0.6158918142318726,0.0231663454324007,-0.5373980402946472,0.5415886640548706,-0.9532782435417176,0.2500708401203155,0.0463769547641277,0.1340813785791397,-0.3023148477077484,0.6650322675704956,-0.1660036146640777,0.2117059528827667,0.2864916026592254,0.0307025965303182,0.5598154067993164,-0.039643682539463,-0.2264560908079147,-0.8428118228912354,0.9875393509864808,0.3231677114963531,-0.2343112379312515,-0.3884709775447845,-0.3441693782806396,-0.2412770092487335,-0.012764791958034,-0.1057834699749946,-0.0843189731240272,-0.2119579911231994,-0.8637239336967468,-0.1755698025226593,0.2447104156017303,0.0172258224338293,0.379573255777359,-0.3810368776321411,-1.027681827545166,0.8993090987205505,0.3584030568599701,0.0294167287647724,-0.208878144621849,-0.4631770849227905,0.4602570533752441,0.2691000401973724,0.1016428619623184,0.433318018913269,-0.0102347461506724,0.3587828576564789,-0.0525845251977443,0.3245524764060974,0.2739736437797546,1.03108549118042,-0.1221320554614067,0.1425978392362594,0.6720529198646545,0.0444999299943447,-0.1947641372680664,0.0254772882908582,0.3440434336662292,0.0780376121401786,-0.0508105494081974,0.3260102570056915,-0.041287388652563,-0.0198827218264341,-0.3251315951347351,-0.4469963908195495,0.3460937440395355,0.3726649284362793,-0.1527919173240661,-0.1491626650094986,-0.0263854954391717,-0.2493703663349151,-0.2605189681053161,-0.3580676317214966,0.1132845133543014,0.0768656209111213,-0.4629396498203277,0.2685522139072418,-0.6785457134246826,-0.2274382263422012,-0.2812549769878387,0.8536306619644165,-0.5896588563919067,-0.4250241816043854,0.325942188501358,0.062720350921154,-0.6821889877319336,-1.079302191734314,0.2441608309745788,0.1950138956308365,0.3023223280906677,-0.255126416683197,0.0322520695626735,0.2768104374408722,0.1939064562320709,-0.5523048043251038,-0.633868932723999,-0.1671911776065826,-10.015694618225098,0.1237430199980735,-0.3367964625358581,-0.541403591632843,-0.6735444068908691,0.3344224989414215,0.5061506628990173,0.4628312587738037,-1.0591202974319458,0.5334224104881287,-0.389448881149292,0.1474240273237228,-0.305150032043457,0.3909831941127777,0.1075217202305793,-0.0414542630314827,-0.1339887529611587,-0.027499496936798,0.3290104568004608,-0.0095967045053839,-0.0252509973943233,0.4355919957160949,0.1388554573059082,1.0290783643722534,-0.0158207025378942,-0.5497151017189026,-0.1744982153177261,0.323923110961914,-0.0213169325143098,-0.3673664331436157,-0.6621925830841064,0.5257503986358643,-0.3946948945522308,0.0658583790063858,0.0148690519854426,-0.0333148017525672,-0.3805307745933532,0.1275874823331833,-0.8811947703361511,0.3034308552742004,0.0115314722061157,-0.2794837355613708,0.1396738737821579,0.1289680302143097,0.0357232540845871,0.292829692363739,-0.0038773124106228,0.237318217754364,0.2885525524616241,0.0184964146465063,-0.0938384756445884,-0.8031960725784302,0.745608389377594,-0.706985592842102,0.4190720319747925,0.220449760556221,0.3710364699363708,-1.1886287927627563,0.4204989969730377,-0.0546636283397674,0.5019701719284058,0.6590653657913208,1.1615749597549438,0.0980616062879562,-0.6760125756263733,0.2199421823024749,0.1494306027889251,-0.0741434320807457,-0.6308296918869019,-0.6571529507637024,-0.1563860177993774,-0.441574215888977,-0.0136949997395277,-0.0868628695607185,0.0521718449890613,0.5944127440452576,-0.0746986791491508,0.1150368750095367,0.7478021383285522,-0.3659713864326477,0.773860514163971,0.3236271739006042,0.2030487060546875,0.2283240258693695,-1.2272571325302124,0.3939861357212066,-0.2068574428558349,-0.2730030715465545,0.0425030328333377,-0.2264152914285659,0.0017168149352073,0.0295704416930675,-0.1857690662145614,0.3598330020904541,0.3389252126216888,-0.1858856379985809,-0.2513048052787781,0.1741192489862442,-0.192223459482193,0.0425408743321895,-1.0638708,-1.2046322,0.59918106,1.5820886,-0.92288446,-0.4360349,-1.3712624,0.18168445,1.0795538,-0.501193,1.0861123,0.47237113,-0.82910675,1.8579779,-0.7174868,-0.2455426,0.86933416,-0.9956588,0.5482288,-0.5276156,0.6817689,0.12686673,0.7935993,-0.8131457,0.55613476,1.0557004,0.46375242,-0.5275649,-0.57437354,-0.5449749,-0.29866406,-0.4690775,-0.5807219,-0.49516186,0.35427514,-1.0720832,-1.5271243,1.4830453,0.06892927,-0.2600148,-0.91938466,0.98096687,-0.34327486,-0.16264686,-0.61913306,-0.34484413,1.8308488,-0.25552365,0.55666524,-0.489192,-0.45123512,-0.15591618,0.8104472,0.8662681,0.7895377,0.18915819,0.82829314,0.8114309,-0.27287057,0.05155446,0.84910524,1.0054367,-1.0156564,0.32149675,0.050597455,1.0815378,0.32306352,0.0066770506,-0.15992975,-0.15497991,-2.8503737,-0.9619321,-0.30060855,1.1823721,-1.5395268,0.58399665,0.09409968,-0.4410399,-0.05933473,-0.04516187,0.008113946,-0.004989522,-0.6723763,1.6868483,-0.97418064,-0.6845802,-0.5098374,-0.5656782,-1.1029392,-0.35397676,0.40382645,-1.8564456,-1.3510962,-1.594822,1.2461778,0.07353413,-0.6607213,-0.57355165,-1.0451237,0.32352915,0.22887067,1.2432184,0.14610882,-0.004332253,-0.9721066,-0.34108326,-0.7778425,-0.3836324,-0.79439,0.5704016,0.2869596,0.2745726,0.8296272,1.7428,0.7420445,0.786004,-0.8587032,-0.7245472,-0.5730707,0.3324117,1.0789195,0.34093195,-0.48593715,0.69821155,0.44248718,1.202284,0.059634287,-1.3092865,0.44045538,-0.013137273,0.6656622,0.10693448,1.6331041,0.6739058,-0.43703103,-0.0635123,-0.39615127,0.025956746,0.8388892,-0.6509656,-0.7965657,-0.016626606,-0.55958694,-0.21170892,-0.014291255,-1.2814503,0.3514715,0.9560099,1.3484803,0.04070505,-0.29818434,-0.19309402,-1.0250728,0.46738535,0.51694447,-0.3938983,-0.08390025,0.070129566,-1.1379844,1.2771767,0.20962493,1.1330469,-0.8060807,0.5027361,0.0030924587,0.9086847,-0.68704337,1.0401834,-0.80949783,-2.1709895,-0.4288226,-0.3913036,0.58484495,-0.5377389,0.6733242,-0.035470817,1.010998,0.05296186,-0.96732706,-0.34894848,0.91996336,0.72655094,-0.1723579,1.4236666,-0.19572489,0.44924116,0.6861187,0.39969915,0.34654528,0.33623716,1.0553507,-0.9945455,0.8553294,0.94440156,0.803883,2.9988017,0.86937416,-1.3944656,-0.9003994,0.899478,-2.324279,0.060452484,1.1405332,-0.9787279,1.780867,-1.2874289,-1.096362,1.8517917,0.42061898,-0.05510395,-1.6925266,-1.1665555,0.6574839,0.7081046,-0.79941374,0.19348557,-0.8891772,0.7365285,-0.56466997,-0.28434277,0.21812047,0.55001163,0.39069876,1.8367412,-0.9509636,0.66946983,0.3420495,0.14234133,0.6512346,1.1509784,-0.7732546,0.10290867,0.3742785,-0.16473791,-0.38393956,0.19218259,-0.85472476,0.2319089,-0.71531445,0.18922387,0.456435,-0.5106398,0.3810433,-0.010882931,0.7941163,0.17893717,1.7202051,0.0009181154,-1.7678772,-0.13044755,0.04848849,0.92063504,0.33816734,0.19567552,0.5780572,0.7462729,-0.592326,0.1992812,-0.44322732,-0.38981086,-0.43790582,0.67321694,0.098346755,0.7187039,0.0623031,-0.7721858,-0.8018578,-0.24050985,-0.021294642,-0.78999704,-0.7998042,-0.2979057,-1.0962609,0.3006007,0.50891,0.68852514,-1.3594536,-0.4492819,-0.4041374,0.28750065,0.6145698,-1.6123621,-0.5105259,0.3867682,-0.5332082,0.3749733,-0.11814745,-0.09183015,0.10234199,0.30917448,-1.5507458,1.2123672,0.25233248,0.7411992,1.3412553,0.050768834,1.3597428,-0.36416215,0.5342266,-0.36456913,0.8031048,1.0235394,-1.6538646,0.77937174,-0.23692302,-0.30528602,0.745036,-1.1353569,-0.10702739,-1.1882218,0.12259006,0.004072287,-1.0391624,1.550126,-1.9553875,1.4120611,-2.0313096,-0.2846064,-0.744121,-1.0598887,-1.6476632,0.39025766,0.2561552,-0.020765202,0.44507697,0.16969918,0.41578633,0.6240201,0.16682553,1.0292543,-0.29522747,0.5528307,-0.6398498,-1.5457326,-0.033461597,0.5415829,-1.1847137,-0.87700754,-1.7657303,-0.6513259,0.60437864,-0.5099807,0.116780385,0.23936501,-0.03261218,0.6699668,-0.95859194,-0.616158,0.21575393,-0.6211549,1.5702317,-0.23184489,1.823486,-0.7482418,-0.49107268,0.6758185,-1.787019,-0.37366337,-0.797125,2.0692012,0.7108841,0.5006709,0.33374578,0.68713504,-0.6062204,-0.20208836,0.92129713,-0.1212415,1.3185133,0.3615716,-0.3944084,1.619429,-0.13364342,0.9279693,-0.77672666,-0.17404376,1.8134347,-0.2944751,-0.7234687,-0.33411855,-0.28933948,-0.045893997,0.29744634,0.44785315,0.19099817,0.07301695,0.9691905,0.66367245,-1.1225795,-0.76187754,-0.41797462,0.7318674,1.0219095,1.7320169,1.6580564,-0.36817265,-0.74184287,-1.7341,0.23928796,1.2823384,0.006568917,0.5777442,-1.364803,0.13983342,0.46184126,0.1441337,-1.5529624,-1.9542814,1.9319704,0.51887834,0.5911846,1.5846102,-0.6150838,-1.7106619,-0.6631002,0.23604798,-0.0075401408,-0.82109565,-0.77787066,0.841806,-0.693519,0.8895977,0.57603884,0.5458821,-0.20571049,-0.1296912,0.87632996,0.53894836,-1.0115407,-0.43938988,0.13218704,0.545764,-1.4790651,-0.59869105,-0.091359936,-1.649649,0.52160066,-0.77375615,-0.3964452,-0.1728705,-0.8020326,-0.81904423,-0.76170164,-0.15911518,-0.976263,-0.3322753,1.0155395,-1.3560251,-1.8493909,0.4330146,1.2011906,-0.7480641,0.06687942,-0.068481274,-0.13250187,0.90806866,-0.506759,-0.67004836,0.33721974,-0.37375832,-0.42339683,-0.515048,-1.0510662,-0.5659108,0.1332665,-0.9152417,-1.3737041,0.8776031,0.6279429,-1.6393312,-0.47982448,-0.32679456,-0.29670522,0.9487272,0.3459795,-0.011979789,-0.22297157,-1.0248196,0.19771491,0.13510098,0.9009614,0.0025690964,-0.12539926,0.4802144,-0.17425552,0.25531045,1.5359818,0.19035146,0.35875362,1.3155197,0.20108844,-0.30924448,0.5176353,-0.28070462,-0.47743264,1.006723,-1.3735648,-0.54406923,2.241244,-0.5279521,-1.0218765,0.19661355,0.3379232,-0.39586386,0.41492185,0.16985716,0.93778557,1.5532457,0.6655348,1.8816993,-0.115345836,-0.29550022,-0.18272294,0.6644644,-0.9282675,-0.7081211,-0.13419059,0.3908451,1.9504583,-0.512472,0.28375933,0.30982924,-0.5825251,-1.2007139,0.5017345,0.06708397,-0.045643207,-0.7194128,0.10440432,-1.3640748,-0.29139164,-1.5126361,-0.48935637,0.65761703,0.8418578,-0.3144364,0.007851662,0.43500742,0.44604227,-1.2091244,0.44684833,1.1438417,1.6950252,0.082805835,-1.1302689,0.26833048,-0.33399707,-1.4486474,-0.39362055,-0.9779825,-0.26586035,0.04161636,-0.735588,-0.27814767,-0.7214974,-0.47715947,1.5864944,-0.14200716,0.1944406,0.30955523,-0.96298206,2.0645525,-0.4118256,-0.60487276,1.0547053,0.44996113,-1.4502991,0.8996673,-0.8168898,0.6956038,-0.5681655,0.4477094,0.9429494,0.36567712,-0.50994444,1.5068966,0.16534276,-0.29370785,-0.08818084,0.32009298,-0.54752296,0.48652142,-1.7003087,1.1167071,-1.5227944,-1.1990917,0.24882467,0.77161855,-0.48878655,0.30324396,-0.04659046,0.53131694,0.16502564,-1.3627017,1.2251482,1.633848,-0.16335012,-0.8280534,1.006684,0.7170289,-0.3783192,-0.36370796,2.2302544,0.59385026,0.8843614,-0.9374,-0.7119976,0.20546241,-0.3240213,-0.70379585,-0.14666568,-0.39411688,-0.17028984,0.70058125,-0.36473277,0.6225768,-1.3796147,0.3581644,0.4711192,-1.1422161,-0.058163904,0.49781665,-0.4405144,-1.2516159,-1.3768797,0.5778619,1.0153109,-0.6958005,0.45438007,0.35130796,1.6972754,0.5464425,-0.6216078,-0.6626724,0.41699082,0.8766674,0.8314641,-0.9670466,-1.6604233,0.2622886,1.377075,-0.75204045,0.5149623,-0.14627327,-0.17013359,-1.8826878,1.0193999,0.20492215,-0.013872524,1.3065188,0.6157589,-0.003712705,0.5869713,-0.21471174,-0.030821035,-0.521082,-0.51181024,0.08951444,0.23850003,-1.0553933,0.02289489,-0.69549185,0.18699935,-0.3156323,0.50147426,-1.6472741,0.6840292,0.15297578,0.52664244,0.34568915,-0.0766126,-0.9401401,-0.75298065,-0.8855836,1.7637463,1.2001182,0.07568715,-1.0633416,0.5118206,0.6856387,0.42884657,-0.424341,-0.0012679824,0.22388498,-0.8746063,-0.75089633,-1.2519213,-0.4430249,0.43574926,0.91919565,-0.7736877,1.0655568,-1.8336984,0.8999382,-0.25662455,-1.1646636,0.52893627,-0.16384181,-1.169665,1.6763163,1.4028412,0.16694398,0.2138076,0.8514238,1.152498,-0.26345825,-0.47748652,-1.4646157,0.70616233,1.0286062,0.2884762,-0.9796838,-0.031343084,0.3280438,-0.7058969,1.6065671,-0.42966995,-0.37086722,-0.8263527,-0.43165228,-0.83451277,-0.6161022,-0.60968095,0.058285706,-1.2926524,0.3611669,-0.74869317,-0.33438474,0.28984576,-0.8349435,0.30132547,0.17785743,1.2235483,1.0212079,0.5395338,0.48218426,-0.46214718,-0.58410966,-0.6566531,-0.7370431,0.40047312,-1.0902034,0.44662258,0.15746057,1.1046755,2.0819392,0.5569775,-0.8864941,0.2037554,-0.13300458,0.6243719,0.15023337,-0.99899864,-0.27336475,0.37109485,0.047777716,0.75580275,-1.024224,-0.39776465,-0.28048307,0.48943976,0.21091352,0.56555015,0.022643583,0.53579056,1.5324336,0.9920079,-0.29271024,-1.1322879,-0.53783685,0.56798613,0.87088805,-1.0676745,-0.75722337,-2.0287898,0.3621297,1.0021027,-0.42999414,0.61420673,0.12502784,-1.2262138,1.9389234,-0.9774788,-0.16263746,0.9688024,-0.92747426,0.4449618,-0.13584734,0.50753933,0.46913838,0.66072637,-0.8294177,0.8255506,1.1306806,0.34620157,-0.6220512,-0.1460631,-0.27830023,-0.25279668,-0.7813434,-1.1774509,-0.86218005,0.1390085,-0.89469427,-1.575235,1.972909,0.06255816,-0.38106108,-1.3384215,0.89416534,-0.084171526,-0.0019827858,-0.59328765,-0.01585194,1.6711936,-0.48324767,0.70012885,-0.7123943,-0.95381975,-0.10275912,0.1051079,1.0861036,0.1118471,-0.20082252,0.644045,0.8654633,0.12261344,-0.45619312,0.85374993,1.1943702,-0.59030294,-0.032624494,0.82557535,1.1264882,0.124530494,-0.1495762,0.18968125,0.48576865,-2.0152724,-1.0363616,0.009479958,1.8727511,-1.498691,0.70641357,-0.09672318,-0.6958143,0.32064074,0.54150206,0.19886334,0.098207034,-0.57995963,1.4742823,-0.4068186,-0.9063475,-0.34761986,-0.5490197,-1.2088683,0.31243125,-0.47134638,-1.628693,-1.6661105,-1.3565401,1.1975296,0.209938,-0.68705875,-0.10517188,-1.2727867,0.13566847,-0.2573438,1.1392235,0.34096465,0.46766737,-1.6590776,-0.6100314,-0.9310172,-0.4809889,-0.43582463,0.26774558,-0.27031,1.0309888,0.39851478,1.242313,0.6970081,0.41231403,-1.0359131,-0.9269313,-1.2437226,0.43776497,1.3675117,-0.3153647,-0.58953017,0.21007992,0.16651331,1.2174915,0.21407694,-0.6881351,0.9663808,0.13346489,1.1727585,-0.1728887,2.0974987,0.8967061,-0.7603979,-0.44881344,-0.13095212,0.8320449,0.6646469,-0.9222269,-0.89846045,-0.44854268,-0.16195007,-0.15721077,-0.24025638,-1.6178375,0.5221692,1.0681347,2.0707695,0.272552,-0.13400374,0.39741066,-1.2657356,0.54786587,1.3295887,-0.39210954,-0.08132198,0.4311217,-1.4780755,1.6500216,0.030412586,1.0474526,-0.8432534,0.33478346,-0.08152399,0.5039962,-0.33219653,0.43615866,-1.1702971,-2.6505826,-0.61541694,0.37367007,0.35047832,-0.27079502,0.5690237,-0.1921506,0.07925477,0.22825575,-0.79323316,0.080698706,0.52410585,0.64816946,-0.116008945,1.461645,-0.06366493,0.771444,0.753262,0.763694,0.53501314,-0.07836359,0.84411365,-0.65926504,1.3075732,0.858057,1.2583066,2.483015,0.3823265,-1.6321653,-1.3190366,1.1321725,-2.796871,-0.24787392,0.71139336,-0.8450667,1.1811968,-1.2991781,-0.7797391,2.037997,0.5144553,0.29288813,-1.9117085,-1.5908647,0.573425,0.7748599,-0.38061535,-0.12642856,-0.9909604,0.6481661,-1.1339886,-0.40562627,0.7758859,0.7976346,0.86111957,1.1482967,-0.87953776,0.8112607,0.10239595,0.2813758,0.17254652,0.8898322,-0.8960061,0.059593096,0.7775636,-0.3636719,-0.33010462,0.0060648597,-0.8937993,0.83235353,0.04340905,0.30711544,0.023247985,-0.8180118,0.517041,-0.10674584,0.44583142,0.94211745,1.8148702,0.76169735,-1.9317656,-0.5196667,0.4762005,0.6734622,0.7641144,0.18293075,1.196725,0.4680203,-0.8613572,0.19764285,-0.18470764,0.17746289,-0.31828192,0.45796728,0.04449876,0.8293939,0.38678768,-0.8066855,-1.0091981,-0.07003138,0.32957807,-0.19479533,-0.50068915,-0.4345639,-1.6859611,0.1487206,0.1441908,0.021821788,-0.79664755,-0.77697784,-0.32322437,0.34881422,0.64296275,-1.8715715,-0.6128829,0.110193886,-0.37053692,0.44784573,-0.31119034,0.43583965,0.39526248,0.5515534,-1.717961,1.1035786,-0.40944442,0.96449953,1.1135055,0.1019901,1.1111037,0.032354906,0.30997983,-0.8843853,0.21729974,0.39651144,-1.7143995,0.60100776,-0.6281482,-0.790701,1.1336685,-1.3734089,0.08800343,-1.1563226,0.5551763,-0.030621687,-1.2247169,1.8481501,-1.6454018,1.1465771,-1.6161275,-0.5531011,-0.122572094,-0.6197402,-1.8362727,1.0346805,0.14863749,0.3167566,0.069042146,0.0967803,0.31636694,0.54506767,0.18942268,1.0505086,-0.2402119,0.5668973,-1.4005648,-1.3578688,0.43900812,0.45184684,-0.9833741,-0.9731279,-1.6338273,-0.077575274,0.6619819,-0.5061925,-0.111238815,0.62081766,0.15810202,0.30390817,-1.348883,-0.70970535,0.36399695,-0.8597998,1.963643,-0.5881343,1.4885482,-1.1817747,-0.91912603,0.5660796,-1.4080399,-0.7505174,-0.4573934,2.1101635,1.2840396,0.42878103,-0.07094986,0.45469436,-0.89928174,-0.06786958,0.6984927,-0.313174,1.4819155,0.53910154,-0.5294253,1.8536967,-0.013154939,1.1026908,-0.6533878,-0.43192735,1.6163124,-0.43533817,-0.69143605,-0.6155565,-0.4690756,-0.3183469,0.39542022,0.3022379,-0.121117316,0.10113307,0.58416754,1.0606061,-0.89701015,-1.053016,-0.606036,0.77268434,1.3893648,1.3860797,1.8508731,-0.35124895,-0.38454607,-2.0347996,-0.16950738,0.9654865,0.037722576,0.5982185,-1.4121021,0.22733669,0.28210846,0.111249626,-1.6708546,-1.6550531,1.3269409,0.4016944,0.034371775,1.6982075,-0.7511971,-1.4762502,-0.64378226,0.5112428,-0.10942215,-0.95781404,-0.7834704,0.6268761,-0.5310178,1.1479005,0.77140766,1.0534123,0.31636867,0.00077910227,1.0964247,-0.11101244,-1.1195636,-0.20155425,-0.3010415,0.49542034,-1.4263326,-0.5551302,0.47609183,-2.0801818,0.8890548,-0.6531226,-0.4371432,-0.02575385,0.021801611,-0.6785359,-0.3311636,-0.13334905,-0.6566219,-0.8041765,0.64082277,-1.4553457,-1.5177428,1.1429588,0.9569114,-0.46937552,-0.047450703,0.249672,-0.32355368,0.6161074,-0.21766354,-0.42497444,0.19823729,-0.56251276,0.06349548,-0.35403052,-1.1714058,-0.61795247,0.42300093,-1.1434623,-1.2805369,0.75552756,0.70568734,-1.3297247,-0.46062902,0.014233355,-0.46490213,1.0572544,0.11986258,0.19080724,-0.10668286,-0.76394606,-0.108976394,0.08089097,0.5990433,0.18577552,-0.21556936,0.613923,-0.40358594,0.4447128,1.5062629,-0.07719314,1.0174216,1.423223,0.23500483,-0.17045085,0.6994292,-0.11606679,-0.2298819,1.401755,-1.6089772,-0.5612679,2.016165,-0.47201562,-0.9601756,-0.3927879,0.03212441,-0.2863199,0.32212684,0.12641494,0.8406783,1.1271166,1.0856124,1.7996546,-0.24667446,-0.18166287,-0.498909,0.28213894,-0.7573941,-0.91566783,0.5819246,0.82583183,2.3412282,-0.45582137,0.5772822,0.59826314,-1.2199954,-1.2301193,0.7535608,0.8776768,0.08892191,-0.95476013,0.26493827,-1.1789092,-0.119796276,-1.6726223,-0.066758044,0.72622806,0.46249962,-0.6696972,0.45633793,0.62955326,0.17235254,-1.497001,0.289783,0.8335872,1.1606292,0.08774457,-0.79954416,-0.047145624,-0.60452604,-1.3785664,-0.29947755,-0.3665273,-0.7762153,0.060726654,-0.3310608,-0.23552375,-0.7347979,-0.6875429,1.1806334,0.14520152,0.047923904,0.09737448,-1.162095,2.1046956,-0.7850229,-0.9109669,1.5206264,0.5415999,-1.5684274,0.38665378,-1.1581535,0.4627334,-0.87634486,0.029824207,1.0790591,0.33034012,-0.68290275,1.3734273,-0.4153606,-0.19751914,0.09002704,0.8380661,-0.18287319,0.25806573,-1.5443245,0.90907,-1.3262624,-0.86509776,0.42355475,0.7071607,-0.6781216,0.014770269,-0.57461154,0.5099025,0.35008273,-1.5056218,1.0410014,1.6785927,-0.3108361,-0.69247395,0.89165145,0.37873563,-0.6366753,0.036628753,2.0684626,0.5876551,0.66617256,-1.0507267,-0.5847629,-0.015527996,-0.39646137,-0.7185767,-0.38504764,-0.1994533,-0.18119656,0.82163644,-0.13879955,0.8872469,-0.52411884,0.13019636,0.9543855,-0.6423443,-0.64242965,-0.09182793,-0.53604174,-1.5413771,-1.2207072,0.62010354,0.7962305,-0.41639736,0.42815265,0.70814615,1.4510269,0.83404094,-0.5980916,-0.09311193,0.47198927,1.0089008,0.7965555,-1.1876401,-1.2295278,0.8387487,1.0098977,-0.96261245,0.4965366,-0.036899935,-0.28673562,-1.7708334,0.7811134,0.3231754,-0.11586567,1.1979529,0.48450598,0.37722743,0.9500509,-0.19972527,0.2570241,-0.024460072,-0.26954454,0.21045673,-0.39293328,-0.6004166,-0.42133895,-0.27347267,0.28567034,-0.12628566,1.1224995,-1.5496143,0.47554848,0.05762313,0.4240211,0.44924316,-0.59394664,-0.50793415,-0.518825,-0.6438253,1.7252827,1.0385237,-0.25703928,-0.9422653,0.58294725,0.9787752,0.44055322,-0.03719882,0.23210686,0.40797114,-1.3237901,-0.47549176,-0.91732436,-0.48138794,0.6482352,0.74253845,-0.7673316,1.4843432,-1.3703189,0.55217826,0.09369861,-1.2778999,0.09972119,-0.37526846,-0.55983275,1.9982376,1.7262591,0.7436474,0.2504345,0.840194,1.0811578,-0.38691857,-0.913112,-1.7296453,0.580653,0.94908667,0.5475214,-1.3420367,-0.08179101,1.0730026,0.010346398,1.0408324,-0.21914996,-0.4342718,-0.99129033,-0.14794545,-0.30677772,-0.38781276,-0.5931416,0.3799478,-1.6455283,0.42145738,-0.2992836,-0.4420681,0.7761461,-1.2263311,-0.16208392,0.2283817,1.1322721,0.6836181,0.6120112,0.40773514,-0.83629066,-0.21280415,-1.3901576,-0.7872793,0.4108045,-1.1253272,0.04359068,-0.033682186,0.57392234,2.3372657,0.33015653,-0.4914495,0.03115648,-0.41178706,0.060486913,-0.13606414,-1.0162057,-0.35566416,0.284573,0.24836285,-0.15795879,-1.1395577,-0.30039993,-0.3559358,0.3588483,0.25028062,0.03914401,-0.030990208,0.7751341,1.9027704,0.5802614,0.199327,0.0
カ,0.3586235046386719,-0.0246663745492696,0.7754485011100769,-0.8844077587127686,0.0205631572753191,0.3392025232315063,-0.1355293840169906,-0.0529141798615455,-0.4171533584594726,0.307938814163208,0.7799731492996216,-0.1584917306900024,0.2739543914794922,-0.6795698404312134,0.6546946167945862,-0.5095005631446838,0.2791526913642883,-0.1557860970497131,0.0791591852903366,-0.4014647603034973,-0.8990652561187744,-0.9262132048606871,-0.1831101924180984,0.154470607638359,-0.0902618244290351,0.0137811098247766,0.0121721886098384,0.2656416893005371,-0.1975154876708984,0.0017380045028403,-0.1448732018470764,-0.5539519786834717,-0.1022625416517257,0.0579993426799774,-1.0950565338134766,-0.195033997297287,0.1503302156925201,-0.1417342275381088,-0.0951748266816139,-0.5363784432411194,0.3325586020946502,0.0311147775501012,-0.6130945086479187,-0.1334844380617141,-0.1431507021188736,0.5453366041183472,-0.229549840092659,0.367545485496521,-0.0144952787086367,-0.0786912739276886,-0.4052870869636535,0.160253420472145,0.1486576050519943,0.1468552052974701,0.1350431591272354,-0.3601643145084381,0.1212152615189552,-0.8884081244468689,-0.0386912338435649,0.0089029129594564,-0.4122975766658783,0.1841042041778564,0.2635621130466461,0.3959721624851227,-0.2631439566612243,0.0452321544289588,0.0961821600794792,-0.0472497045993804,0.0739715620875358,-0.6487445831298828,-0.0336413718760013,0.164206326007843,0.1290869265794754,-0.4542910456657409,0.7616341710090637,-0.2880868315696716,0.1886349618434906,-0.151704654097557,0.3141540884971618,-0.0434453412890434,-0.4349846839904785,0.1722281128168106,-0.1459560394287109,-0.3821792304515838,-0.2669380307197571,0.1747135072946548,-0.4731841683387756,-0.8139368891716003,0.8416064381599426,-0.1633704453706741,0.398811787366867,0.3357173204421997,0.1424184739589691,0.2348209768533706,-0.3758234977722168,0.1531011164188385,0.1802000254392624,-0.0568276718258857,-0.3802551031112671,0.6075312495231628,-0.1827001422643661,0.0576381757855415,-0.0303319804370403,-0.2173190414905548,0.3214604556560516,-0.3659038841724396,-0.3783417344093323,0.1673703789710998,0.3260456919670105,-0.177744448184967,-0.4289966523647308,-0.3378853797912597,-0.5367929935455322,0.3362517654895782,0.3132054209709167,-0.0323720835149288,-0.2094873338937759,0.2365705668926239,0.0392595268785953,0.4166017472743988,0.2066131979227066,0.5641819834709167,-0.1325835436582565,0.0099416654556989,-0.0932277664542198,0.4952303469181061,0.0901037603616714,-0.6326240301132202,0.158358559012413,-0.2867668867111206,-0.0173558443784713,0.107340008020401,-0.0451720394194126,-0.1583792865276336,-0.3470660746097564,1.0091145038604736,-0.1720819026231765,0.0428343191742897,-0.1088468357920646,-0.5532451868057251,-0.0317088961601257,0.1576555669307708,0.2147662192583084,-0.2545504868030548,0.1049708873033523,0.2996875941753387,0.1895471960306167,-0.7632226347923279,0.0111502408981323,0.1368252038955688,-0.1470520794391632,1.066796898841858,-0.7711522579193115,0.2616840302944183,-0.2608645856380462,-0.040651224553585,-0.5023216605186462,0.088080994784832,0.501655638217926,0.4692065119743347,0.1573397517204284,-0.5436323881149292,0.5917591452598572,0.5716028809547424,0.4121880233287811,0.3372128307819366,0.0857105329632759,-0.2183679044246673,-0.1453911662101745,0.2892410457134247,-0.2568687200546264,0.1158893778920173,0.1483827829360962,-0.454930305480957,0.1390462219715118,0.4084529876708984,0.268079936504364,-0.1322606205940246,0.4458299577236175,-0.9173943996429444,0.0121634928509593,-0.1293108463287353,-0.2407212853431701,-0.655108630657196,0.5757667422294617,-0.1570649445056915,-0.2027263194322586,-0.2569780647754669,0.0370329581201076,-0.5157102346420288,0.095952495932579,0.0432647280395031,0.684190571308136,-0.1562862247228622,-0.1192012578248977,-0.4013515114784241,0.1618971526622772,-0.143419474363327,0.0497052147984504,0.56205153465271,0.1374651789665222,0.1464396864175796,0.0063964049331843,-1.1057502031326294,-0.5280543565750122,0.1395886838436126,0.7025129795074463,0.6469906568527222,0.3365605473518371,0.3559617102146148,-0.3146827220916748,-0.2045052647590637,0.2062235176563263,0.3486829698085785,0.5529441237449646,-0.016566663980484,-0.7394495606422424,-0.3700011372566223,0.3480413854122162,-0.1952962279319763,0.3645149171352386,-0.3964727222919464,0.1479096561670303,-0.1230077594518661,-0.1660883575677871,0.3021289706230163,0.2427328675985336,-0.432539165019989,-0.1254675686359405,0.7219329476356506,-0.5374917984008789,-0.3943407833576202,-0.6420092582702637,0.1480622142553329,-0.3879353404045105,0.1265142112970352,-0.3879170715808868,0.2455029189586639,-0.5147812366485596,0.1670347154140472,0.2136788368225097,-0.0973865538835525,0.1902671456336975,-0.3023533821105957,-0.1986513286828994,0.2059695422649383,-0.0491631291806697,0.1524078249931335,-0.3032713234424591,-0.0656548961997032,-0.5807090997695923,-0.4501806795597076,0.1670434176921844,-0.3809289634227752,0.6607704162597656,0.1631241738796234,0.1359750479459762,-0.0701999813318252,0.3478787839412689,-0.6328304409980774,-0.1447628289461136,-0.4550751149654388,0.2436263114213943,-0.0120690781623125,0.3931418061256408,0.2132409363985061,0.0869434028863906,-0.4913892447948456,-0.4093371629714966,-0.4929644167423248,0.2152226120233535,-0.2128570526838302,-0.2557368278503418,-0.1298930346965789,-0.024274805560708,0.04751892760396,-0.2410119771957397,0.3789639770984649,-0.6740599870681763,0.3417744934558868,-0.1215574964880943,0.5535191297531128,-0.4472485780715942,-0.1685982942581176,0.3951951265335083,-0.049195297062397,-0.4267884194850921,-0.414090096950531,-0.2033648788928985,0.2097956538200378,0.388204962015152,-0.6768291592597961,-0.2198648601770401,0.3544965386390686,-0.4503610134124756,-0.0210239253938198,0.5212361812591553,0.0284831039607524,0.0804966911673545,0.2866666316986084,-0.089926429092884,0.1582807600498199,0.5975357294082642,-0.5801597237586975,-0.2414451092481613,-0.5601361989974976,-0.0293470304459333,-0.3483292758464813,0.556526780128479,0.0230383947491645,0.1481944918632507,0.7260949611663818,-0.4633060693740845,-0.0925065577030181,0.9196696877479552,0.5360009670257568,-1.6513739824295044,0.289298415184021,0.6973103880882263,-0.1962223649024963,-0.2482532858848571,0.0548110119998455,0.0119285555556416,-0.0102505404502153,-0.2157996147871017,-0.7553359270095825,0.8927761912345886,0.2450911849737167,-0.2065581828355789,-0.2450914531946182,0.4924006760120392,0.0727382153272628,0.0552626326680183,-0.4773213267326355,-0.2581067681312561,0.3700799643993377,0.2186993211507797,-0.1692437827587127,-0.2959271967411041,-0.1563395708799362,-0.5493754148483276,0.1432756632566452,-0.2391412258148193,0.2105724662542343,-0.4816707372665405,0.0363241843879222,0.3828274607658386,1.131384015083313,0.3203997015953064,0.5801156759262085,-0.3884201049804687,-0.0716237649321556,0.8466631770133972,0.457819789648056,0.4994423389434814,0.3784675598144531,-0.2813080549240112,-0.2930530309677124,0.6196814775466919,-0.050277542322874,-0.3033430278301239,0.3204991817474365,-0.1048931702971458,0.2078468948602676,-0.1034251824021339,0.0694383829832077,0.1110826358199119,-0.1496219038963318,0.1321352124214172,0.7338179349899292,0.6123164892196655,0.1744691282510757,-0.0940590947866439,-0.4335092604160309,0.0579937808215618,-0.1725084483623504,0.255798876285553,0.4385444521903991,-0.2900402843952179,-0.2993480265140533,-0.1937111467123031,-0.2491368055343628,-0.2325776368379593,-0.3403624296188354,-0.400767982006073,-0.9239010810852052,-1.0663666725158691,0.0514844134449958,0.0364310033619403,-0.7813575267791748,0.2973428666591644,0.1253112405538559,0.6626867055892944,-0.4192781746387481,-0.5313348174095154,0.1362084597349167,-0.469912588596344,0.0440434291958808,-0.1709395498037338,0.040976446121931,-0.254860371351242,0.288720041513443,-0.5707607269287109,-0.2336601018905639,-0.3975604176521301,-0.2706895470619201,-0.4771449267864227,0.0833981111645698,0.1562682390213012,0.7864431142807007,0.0329351238906383,0.2744109034538269,-0.0830293223261833,0.1661955714225769,-0.1352051496505737,-0.1193107739090919,-0.6013108491897583,0.3270958065986633,0.6027277708053589,0.7362671494483948,0.2225320637226104,0.4853352904319763,-0.0107432296499609,-0.1678165048360824,0.2710961103439331,-0.2332077175378799,-0.286459356546402,-0.2649374604225158,0.5488170385360718,-0.4618846178054809,0.2983710467815399,-0.3070251047611236,-0.0251187942922115,0.8155043721199036,-0.2759130299091339,-0.6447542309761047,0.019334452226758,0.4444313943386078,0.2741967439651489,0.2018985152244568,0.2217877656221389,1.1126266717910769,-0.1611074060201645,0.6747143268585205,0.2079386562108993,-0.3065947294235229,0.0153259988874197,-0.2526099681854248,0.0108531191945075,0.1808147132396698,0.5403428673744202,0.8989946842193604,0.2680794596672058,0.387798011302948,0.4225503504276275,0.0394640564918518,-0.3098432421684265,-0.0448453351855278,0.5020272731781006,0.0876635760068893,-0.5822703838348389,0.0671888217329979,-0.4893506169319153,-0.3110739886760711,-0.3760032653808594,-0.1529198884963989,0.2548675239086151,-0.1874099820852279,0.4831192791461944,-0.4073148667812347,-0.6556465029716492,-0.4325756430625915,-0.7924972772598267,0.1225211918354034,-0.1237589567899704,0.2850375175476074,0.5576971769332886,0.5667896866798401,0.151675283908844,0.0797831639647483,0.305660992860794,0.7309637069702148,0.2399234920740127,-0.1629074960947036,-0.1688187420368194,0.3584931790828705,0.1539022028446197,0.4346175491809845,0.2286254167556762,0.0695969685912132,-0.3132855296134949,-0.5330155491828918,-0.3979867100715637,0.1479430347681045,0.0100019462406635,-0.0302755665034055,0.3525822162628174,0.0273273456841707,-0.1545535176992416,-0.5193030834197998,-0.2445397675037384,-0.3318242728710174,-0.1690635979175567,-0.7040066123008728,-0.1218400225043296,-0.5307708978652954,0.1147366911172866,0.4098197817802429,0.4931957721710205,-0.5638531446456909,0.1662935465574264,0.3007017076015472,0.1204905360937118,-0.0154460817575454,0.1163259223103523,-0.0711223110556602,-0.2879864573478699,-0.0643923953175544,0.0923106297850608,-0.0817050263285636,0.6598289608955383,0.1591884344816208,-0.5559541583061218,-0.2439369857311248,0.115936778485775,-0.9041750431060792,0.433933824300766,-0.1377756744623184,0.1395601332187652,-0.6946619749069214,0.1776384264230728,0.0566961802542209,0.0287550706416368,-0.234372466802597,0.1439073234796524,0.1385184079408645,-0.7581139206886292,0.3103348016738891,-0.1813197135925293,-0.3846227824687958,0.7979161143302917,0.5467738509178162,-0.1853010505437851,0.2618381977081299,0.5007081031799316,0.0613263137638568,-0.4154864549636841,0.3247176110744476,-0.1609259694814682,0.1054156497120857,0.3049433827400207,-0.1889155358076095,0.5684009790420532,0.1683012545108795,0.1198823079466819,0.1038140431046485,0.3489070832729339,0.6846362352371216,0.4384132027626037,0.2534331381320953,-0.1556078344583511,-0.470798522233963,-0.7940940260887146,0.0376302748918533,0.2783031463623047,0.5752158761024475,-0.3884532749652862,0.5000850558280945,0.6709069013595581,-0.0261370316147804,0.3636739552021026,0.921187937259674,0.1954237669706344,0.4207964837551117,-0.4991807341575622,0.0607120133936405,-0.9316931366920472,0.4198193550109863,0.3131798803806305,-0.0941114202141761,-0.1071772128343582,0.1388003677129745,-0.5112866163253784,-0.4666632413864136,0.1720971912145614,-0.1056281924247741,-0.1700824797153473,-0.2413229346275329,0.6426102519035339,-0.1109598949551582,0.9409220218658448,0.3932240307331085,0.0111649427562952,-0.4847569167613983,0.1631693243980407,-0.1479229778051376,0.6438269019126892,0.0549303963780403,0.4049669504165649,-0.2156396359205246,-1.03778874874115,-0.4044138193130493,0.2613549530506134,0.2089057564735412,0.286806046962738,-0.5070863962173462,-0.0036206315271556,0.4516017735004425,0.5596505403518677,0.2337265461683273,-0.1101813688874244,-0.4991564750671386,0.0602733492851257,-0.1417141854763031,-0.2067635357379913,0.3999647796154022,0.0863533318042755,0.3394351601600647,0.3769959211349487,-0.1770133674144745,0.0854547098278999,0.4841074049472809,0.1963625401258468,-0.1337948441505432,0.6522935032844543,0.0557423271238803,-0.1153806075453758,0.068910077214241,0.0201813541352748,-0.2673791050910949,0.0112823247909545,0.6305686235427856,-0.0938891470432281,-0.018041593953967,-0.5155843496322632,0.3149875104427337,-0.0319119431078434,0.1470301896333694,-0.4010014533996582,-0.4669030606746673,0.2831065356731415,0.2526891231536865,-0.3539333045482635,0.0224920939654111,-0.2453508973121643,-0.2295989990234375,-0.3570439219474792,-0.3350311815738678,-0.5432419180870056,-0.1944839358329773,-0.3953049778938293,0.4299406409263611,-0.770074725151062,-0.5165455937385559,0.4467598795890808,-0.1453765481710434,-0.1557761132717132,-1.1232340335845947,0.6056432723999023,-0.400147795677185,0.636294960975647,-0.1855069398880005,-0.096103236079216,0.0183214973658323,-0.3138656318187713,-0.322945773601532,-0.5746438503265381,0.4832221865653991,-10.23126220703125,-0.1531709879636764,-0.2061832696199417,-0.6949334144592285,-0.3927797973155975,-0.1074967384338378,1.0815861225128174,0.0150632699951529,-0.5576997995376587,0.1200396791100502,-0.2452751398086547,0.1355503350496292,0.534533679485321,0.3761050999164581,-0.0703593641519546,-0.030170764774084,-0.1402267664670944,-0.5821368098258972,-0.3437755107879638,-0.1215213239192962,-0.077371560037136,-0.1950564831495285,0.6719056367874146,-0.0401544831693172,0.0759009197354316,-0.3982008695602417,-0.1598372608423233,0.2665517330169678,0.1228524073958396,0.4765311181545257,-0.2146400511264801,0.8284003734588623,-0.1778043061494827,0.0664553940296173,-0.1844103336334228,-0.0297167152166366,-0.0254587046802043,0.4636370539665222,-0.1103347167372703,0.490783154964447,0.3837138414382934,0.358788251876831,0.1400733739137649,0.0472070164978504,0.3781290054321289,0.4283336102962494,0.1367486715316772,0.32080739736557,0.7621679902076721,-0.0751866400241851,0.4969749450683594,-0.7559500932693481,0.3250588178634643,0.068393275141716,-0.4673557579517364,0.0409008339047431,0.932538628578186,-0.5532816052436829,0.0047107227146625,0.2532929480075836,0.3740162253379822,-0.0409752391278743,1.1663835048675537,0.404410570859909,-0.2600726783275604,0.3022530674934387,0.1110511496663093,0.122262954711914,-0.4746184349060058,-0.4054569900035858,0.3808251917362213,0.0147620821371674,0.1461379677057266,0.3145440816879272,-0.3718342185020447,-0.085900068283081,-0.0263521336019039,0.2055089026689529,0.3818835616111755,-0.0679506063461303,0.8542038798332214,0.0212811939418315,-0.41378915309906,0.4242964386940002,-0.5259703397750854,0.1248574405908584,0.1416054666042328,-0.0715519413352012,0.5414227843284607,-0.6794898509979248,0.7729988694190979,-0.3009038865566253,-0.3189559578895569,0.7000997066497803,0.3129055202007293,-0.5655158162117004,0.31784188747406,0.1308512240648269,0.0886329114437103,-0.2186778038740158,-0.70335716,-0.36564687,1.0599624,0.76400405,-0.91905403,-0.15718673,-1.1232553,0.4949331,0.9451185,-0.07968097,0.9983036,-0.80582,-1.4820122,2.2544348,-0.40390038,-0.07318965,0.53997844,-1.0887529,0.54338586,-0.12682296,0.7064292,0.52039105,0.54721683,-1.0095185,1.5407571,0.37036976,0.8493624,-0.5601478,-0.07980946,-0.88416594,0.28915676,-0.5978263,-1.5459446,-0.53690445,-0.120035864,-1.1001874,-0.9448193,1.5058165,0.03159783,-0.95079786,-0.3670706,0.9449803,-0.19934545,-0.87839955,-0.9707358,-0.48615834,2.3667648,-0.7802046,1.425579,-0.3762633,-1.2979494,-0.56304616,0.6231156,1.2512839,0.707778,-0.39390662,1.3487986,1.1273575,-0.122520395,-0.48004553,0.106530845,0.54217595,-0.7135649,-0.27461377,0.19271666,0.9224674,-0.27694136,0.28275988,-0.19984007,0.025132516,-1.5756186,-1.5168439,-0.19019784,1.2824857,-1.3950882,1.1131501,0.18149386,-0.7887573,0.5586429,-0.39462233,0.6005028,-0.36092862,-0.92362565,1.4597998,-0.71796966,-1.1194593,-0.57969695,-0.5705412,-1.241732,-0.324671,-0.6540968,-1.7931389,-1.1654845,-1.1493763,1.4341139,0.17342854,-0.8351366,-1.0199537,-1.26449,0.031552117,0.35131443,0.79885715,0.050014168,-0.6043194,-0.51606137,-0.20698762,-0.36325893,-0.20517397,-0.16013728,1.009191,0.21847583,0.415378,0.5888388,1.5004834,0.91690034,1.0655969,-1.1514368,-0.42086366,0.073458575,0.2595351,1.6122984,0.51152915,-0.7332127,0.47795758,-0.3038511,1.1728549,-0.02258718,-0.6888624,0.22898173,0.62173295,0.5257631,-0.21113141,2.3538194,0.34637833,-0.55354464,-0.63738114,0.24730241,-0.181165,0.8649269,-1.1885026,-0.37596837,0.033123117,-0.29730493,-0.18218653,0.77165,-1.0371813,-0.012358789,0.8060825,1.6311307,0.34862757,-0.44494936,0.14014001,-1.5098091,0.51206875,1.2285991,-0.09769528,-0.34367943,-0.06407663,-1.0983124,0.9437482,-0.29550517,1.5102204,-0.79208,0.73863024,0.13530591,0.8267965,-0.7051592,0.8393952,-1.1721983,-2.2221189,-0.13359514,-0.10082378,0.75821465,0.12698783,0.12566705,-0.23025529,0.24011844,0.15565443,-1.1830579,-0.14811115,1.1399852,0.69659024,-0.06911721,1.2052134,-0.13911387,0.35546672,0.76823074,0.8766127,0.8469258,0.18654644,1.2257797,-0.281703,1.0263075,0.7126582,0.42187902,2.8258574,0.7808895,-1.7110573,-1.8823761,1.3208684,-2.289567,-0.60494006,1.503406,-1.301998,1.4712614,-1.1355605,-0.74348885,1.4460998,0.5704329,-0.1626245,-0.809726,-1.1324943,0.96282315,0.745502,-0.3855261,0.0670423,-1.1808442,0.33261344,-0.39483508,-0.098522626,0.68748635,1.1170697,0.08679067,1.1299797,-0.8371207,0.629663,0.21859781,-0.20491423,0.18511868,0.71479726,-1.1270549,0.49681804,0.9255143,0.20372756,-0.12228799,0.29887536,0.009194878,0.8740966,-0.15947048,0.94188094,0.52648365,-0.3444682,0.16064434,-0.49906132,0.16134752,0.36123392,1.6373459,-0.25880373,-1.916166,0.08424538,-0.16454098,0.83845806,-0.2824115,0.045675933,-0.13800232,1.2756761,-0.21987413,0.2587557,-0.8413882,-0.5535415,-0.08965982,0.44272754,-0.043899193,0.017694062,-0.10676467,-0.5364631,-0.77187735,0.5040069,-0.26934263,-0.89685327,-0.96485966,-0.7414615,-0.61300796,0.46889114,0.61289597,0.29259908,-0.46545148,-0.7040863,-0.44342828,0.5810699,0.8823962,-1.6815773,-0.71785814,0.15238202,-0.7550518,0.29693702,0.33772922,-0.3375369,0.3751805,0.60845286,-1.6907482,1.3070151,-0.57354516,0.9560042,1.499812,0.19338135,0.8182469,-0.61004585,0.048727646,-0.5608999,0.4347972,0.3225679,-2.0299108,0.8968072,-0.2927947,-0.4540877,0.8189323,-1.3219112,-0.3794463,-0.95295095,0.34832475,0.22163928,-0.768089,2.3665876,-2.3956716,1.4131885,-1.7593346,-0.5174517,-0.6524524,-1.0850575,-1.445188,0.42322943,0.35687292,-0.13277185,0.8242751,0.17037326,0.38145503,0.34501234,-0.12046275,1.205012,-0.035462517,0.73304343,-0.8905975,-1.5198797,-0.6012807,0.48568258,-1.333234,-1.2564679,-1.416656,-0.35466948,0.27961543,-0.54654795,-0.5655908,1.139163,-0.09490887,0.37488475,-0.85987955,-0.44309357,0.13257478,-0.73506767,1.2940642,-0.6467879,1.5745482,-1.3892947,-0.36440194,0.030512502,-1.5408974,-0.034694094,-0.51655513,1.9072746,0.3479035,0.5487168,0.089407064,0.26281285,-0.1793363,-0.87386054,0.99818045,-0.23721232,1.8255142,-0.025588563,0.29071337,1.5115479,-0.31450513,0.81129926,-0.45896968,-0.28552145,1.3051463,0.23278423,-0.78253007,-0.36764455,-0.39193407,-0.24802645,0.11320901,0.4905126,0.4522927,-0.15511994,0.63720334,0.73510265,-0.42826495,-1.259927,-0.4410409,1.0441858,1.0344251,1.348514,1.465319,-0.4325712,-0.85010153,-1.9955565,0.65114826,0.9040132,0.90847737,0.36790815,-1.4619287,0.07328419,0.40034318,0.48341027,-1.5526336,-1.971578,1.6398677,0.9766882,0.36362696,1.3359593,-0.6316548,-1.6121216,-0.50845456,-0.089311235,0.33036402,-0.97933507,-0.78960466,0.39354646,0.095811784,1.3810029,1.1599616,0.83764666,-0.2468608,-0.25326517,0.4013362,0.021492502,-1.1101668,-0.44148552,0.0089654075,-0.12415894,-1.4090142,-0.92202574,0.5771861,-1.9870416,1.0644802,-0.28775895,-0.37751392,-0.046190422,0.057618063,-0.66349953,-0.1121913,-0.18575232,-1.4712614,-0.45345083,0.88327456,-1.2476064,-0.52741665,0.48300496,1.1742203,-0.84068793,0.60626763,0.36138615,0.29182813,0.60604644,0.17334057,-0.49192634,0.6482937,-0.30694154,-0.111640275,-0.6369128,-1.1932712,-0.5909439,0.65344304,-1.0604845,-1.6996206,0.5759848,0.46009994,-1.5222478,-0.5802693,-0.2812076,-0.23880576,0.7410474,0.84329253,-0.21482104,-0.7956889,-0.7072126,-0.4874709,-0.44550994,0.6519266,-0.376394,0.45699048,0.14991294,-0.14275765,0.32682288,1.6714878,0.44518027,1.4024744,1.0196682,0.3864862,-0.19328655,0.71711653,-0.17264521,-0.55419034,0.533173,-1.4349972,-0.7817185,1.0827681,-0.022571325,-0.8783179,-0.14170094,0.41069114,-0.5730093,0.07591989,-0.036381528,1.1055915,1.8205725,1.2735132,1.6140684,0.21108629,-0.48882762,0.073991075,0.5357713,-1.3026435,-0.8446291,0.113708496,0.45085478,1.7420062,-0.613066,0.02053059,1.0252637,-0.93073887,-1.6967555,0.5496165,-0.012477775,-0.35191783,-0.8284998,0.38440642,-1.1194391,0.20108123,-1.9242789,-0.15853482,1.0690308,1.1569773,-0.38493145,0.16397564,0.6129421,0.5839761,-1.1755971,-0.2985778,0.7917867,1.7437629,0.1915874,-0.6289476,0.75962996,0.126278,-1.7543964,0.05479631,-1.0549657,-0.69868517,0.27929613,-0.65951145,-0.2796243,-0.43110016,-0.5940458,1.4136705,0.04382224,-0.2592508,0.872008,-0.97505665,1.6352884,0.06535377,-0.49799106,1.1580222,0.5929959,-1.6584058,0.40918168,-1.6860008,1.5174562,-0.1806075,0.60630745,1.3682283,0.43652686,-0.6883831,1.6343406,-0.7326753,0.20504747,-0.7668326,0.50488234,-0.7285723,0.23799479,-1.9302729,1.3885218,-1.3434262,-1.0353005,-0.017352702,0.57220316,-0.39003885,0.09033093,-0.58272284,-0.092552274,0.16411938,-1.048467,0.74885863,1.5780531,-0.59895265,-1.0177932,0.16149305,0.4052973,-0.1804961,-0.35644528,2.5033278,0.33885232,0.32115853,-1.7649325,-0.73524505,1.2684461,-0.16853054,-1.3642803,-0.12553462,-0.5668581,0.37396148,0.20261611,-0.18151261,1.0340537,-1.56603,0.43217206,0.91889244,-0.96567494,-0.40355065,0.48623005,-0.4509345,-0.9051628,-1.3253859,0.9404661,0.36597645,-0.8886428,1.0477237,0.73048997,2.061302,0.5237791,-0.03560019,-0.7249078,0.99318695,0.08882445,0.42252374,-1.1149151,-1.1791993,0.1873743,1.0953233,-0.5197595,0.19380768,0.064329885,-0.38233766,-1.9583725,0.8433652,0.08612931,0.13869266,1.0599707,0.30308965,0.12966417,0.7676549,-0.044356197,0.5401816,-0.5056054,-0.39408803,0.2020609,-0.048801344,-0.90196544,0.041484438,-0.55706614,0.23952705,-0.18038668,0.5285203,-1.8578917,0.56389517,-0.039082706,0.28775418,0.31893113,0.49838492,-1.121109,-0.99888545,0.014536679,1.4984823,0.8682446,0.15416501,-0.6414943,-0.70473033,1.2380053,0.85937935,-0.15888304,-0.034688246,0.22842304,-0.30436602,-0.16055311,-0.9202531,-0.6979974,0.50096375,0.3397949,-1.4189755,1.4706861,-1.6044604,0.8010188,-0.18663256,-0.8591721,-0.3013532,0.4966596,-0.79045063,2.0032508,1.4628447,-0.47497973,-0.267078,0.96157473,0.8652194,-0.3862506,-0.02807151,-1.4618511,1.0271109,1.0358233,0.4007918,-1.2676445,-0.4009244,0.45651364,-0.35554507,1.9365635,-0.40642586,-0.7488572,-0.434656,-0.39456573,-1.5227007,-0.6076277,-0.90746576,0.12041656,-1.3544725,0.5463,-0.88335305,-0.405465,0.45708594,-0.23980737,0.20514226,-0.23991132,0.9492187,0.50605726,0.80498224,0.6640015,-0.6469457,-0.19368769,-1.4670105,-0.91747475,0.71543306,-0.572836,0.38830066,0.41429386,1.1295081,1.3736995,-0.028613389,-1.4468447,0.31865403,0.48000634,0.62351245,-0.014250447,-0.6044602,-0.22211306,0.39470306,0.36536777,1.5922772,-1.5807766,-0.5252883,-0.5132051,0.1140157,0.2963862,0.8174359,-0.079115815,0.075215444,1.7852141,0.7902131,0.35021436,-2.0481567,-0.28588855,1.1710478,0.7056531,-1.5228463,-0.70170724,-1.5935509,1.1265333,0.64729434,0.08145225,1.2620564,0.42197004,-0.8154079,1.3581691,0.17832014,0.0036240225,1.1032679,-0.7269158,1.2483695,-0.17568678,0.8921386,0.42385805,0.53247666,-1.9369779,0.9202987,1.611762,0.41498184,-0.8415302,-0.44282043,0.09660342,-0.7204816,-0.64464056,-1.0055552,-2.2868736,0.47259447,-0.96636796,-2.3978298,1.4389871,0.02500651,-0.10615122,-0.7632118,0.49027094,0.18439773,-0.6495193,-0.51989084,-0.2552108,1.0048919,0.078375906,1.116623,-0.5295046,-0.9560297,0.06866808,0.91588885,1.0251088,0.4118719,0.33026955,0.5838888,0.75268686,0.11829002,0.6555778,1.5426626,1.0512049,-0.33783072,0.20690542,1.0875269,1.0503316,-0.0009192154,0.24049765,0.59283185,-0.020670356,-2.809986,-0.9588853,0.09372586,1.615422,-1.013522,0.42266586,-0.020091102,-1.1070025,0.42628723,0.49310565,0.55125034,-0.67037326,-1.0429323,1.2498968,-0.49738812,-0.92048484,-0.13648108,-0.90431154,-1.2672032,0.016892083,0.26630136,-1.6030557,-1.2377008,-1.9234734,0.71145034,-0.55450666,-1.038891,-0.7766627,-1.3735774,0.23863026,-0.63239175,1.0746222,0.4645533,-0.0345307,-1.7277339,-0.060302585,-0.3399305,-0.40998793,-0.928807,0.47697705,-0.09454115,0.98234284,0.44134334,1.3807036,0.49887156,1.2162145,-1.404814,-0.6778238,-0.902199,0.5586873,1.1789728,0.29782513,-0.39778876,1.0784743,0.3471576,1.05732,0.6020563,-1.3104587,0.6681782,-0.28500068,0.60101634,0.08697714,1.8615992,0.1019938,-0.40431425,-0.7629575,-0.38704193,0.26115978,0.8411876,-0.60061896,0.13860776,0.19287491,-0.14296505,0.25729805,0.16970374,-1.0546046,0.44232914,0.99478257,1.5756955,-0.09807798,-0.45330125,0.7326837,-0.587685,0.2165308,1.3559637,-0.48101544,-0.34697533,0.7648586,-0.6683715,1.5573301,-0.7993783,0.8820316,-0.6877636,0.7159132,0.07090059,0.5005881,-0.43087664,0.862889,-0.8714051,-2.4127443,-0.19932947,-0.38723934,-0.06835058,-0.6756238,0.6862558,-0.19744103,0.67458576,0.12328829,-0.38722453,-0.7913896,0.5897621,0.32369012,-0.015069764,1.4051125,-0.35560098,1.2672107,0.78424525,0.95075464,-0.2310496,0.22624998,0.9702553,-0.9202634,1.4762881,1.0568242,1.720978,2.8719697,0.8329908,-1.0943083,-1.2828628,0.5907703,-2.7342312,-0.65877205,0.13035867,-1.471484,1.3052326,-1.8689532,-1.2521147,2.07121,0.22351284,0.36046034,-1.3282632,-1.5191332,0.5611192,1.1537746,-0.46329737,-0.46390802,-1.0368359,0.47166353,-0.95077556,-0.24009098,1.0396991,0.6685436,0.54681987,1.3799706,-0.59874636,1.3927754,0.2055297,0.11168212,1.3871424,0.30538452,-1.4576063,0.021009058,0.78393507,0.06089683,-0.7631152,0.15177849,-0.68332714,-0.16783534,-0.47013712,-0.08575785,-0.12584479,-0.68809724,-0.21299396,0.34249288,0.5142472,0.66342336,1.6615155,0.36078978,-1.3729019,-0.2430786,0.45859137,0.8644157,0.1849725,0.14332727,0.98533857,0.61169666,-0.56455946,0.22395328,-0.3699236,-0.36131167,-0.4569031,0.8740116,0.06708469,0.74112135,0.049759135,-0.6188445,-1.9960312,0.14897278,0.39014634,0.34515104,-0.932051,-1.2132901,-0.6708166,0.9785838,1.0834184,0.029799655,-1.5948856,-0.8553546,-0.04795961,0.35103497,0.6024566,-1.5536971,-1.2657084,-0.7887049,-0.93928266,-0.30165362,-0.23209262,0.4172874,0.3469092,-0.050757706,-1.5978756,1.189001,0.18678094,1.1870052,0.9601586,0.5678917,1.6920383,-0.33667234,0.12970652,-0.12296679,0.54773647,0.7665421,-2.085519,0.42160633,-0.06095545,-1.1708548,1.6990004,-0.39323235,-0.4331044,-1.100265,0.46010327,-0.38196263,-0.3718689,2.1062322,-1.848797,0.8797672,-1.7503626,0.13724181,-0.736783,-1.4271173,-2.2574415,0.11799878,-0.0304472,-0.2883132,0.5006577,0.031516045,0.12623274,1.4427875,0.46419954,0.15298879,-0.32754132,0.21357211,-1.3764958,-0.6094353,0.26956767,1.1869862,-0.8289221,-0.45447758,-0.69716823,-0.36649048,0.42414507,-0.65847754,0.081153244,0.2664832,0.35082746,0.71823466,-0.9427576,-1.2725823,-0.28187817,-1.1318748,2.0898118,-0.0059818923,1.3646858,-0.77282476,-1.2961167,0.5175433,-1.7445564,0.056323726,-1.0566057,2.382218,0.8353171,-0.06520894,0.28108793,1.7066908,-0.4942466,-0.17280066,0.3621411,0.40971184,1.401597,0.62543166,-0.1879983,1.2922013,-0.32690096,1.0983955,-0.3741973,-0.77938145,1.778188,-0.5554701,-0.7289694,-0.3891003,0.12638989,-0.9414716,0.86849475,0.40212405,-0.031789154,-0.11821318,0.16248463,1.4503732,-1.3252405,-1.0530034,-0.2662099,0.99760604,1.1338812,1.8324649,1.6614714,0.38571692,-1.1642668,-2.3533437,-0.3816329,0.8133387,0.19896406,-0.036357492,-0.6742114,0.44876125,0.6900567,0.34957835,-1.4457891,-1.6986879,2.0884385,0.8482732,-0.31468245,1.1529603,0.6748102,-1.85179,-1.1704855,0.5794106,-0.27238625,-0.11824772,-0.29664674,0.391051,0.1011129,0.33651304,0.6592406,0.80080295,-0.08435264,0.13889924,0.57678264,0.47102365,-1.3846389,-0.07429731,-0.25466484,0.8106361,-1.9331098,-0.6712407,0.3264571,-2.4532514,0.6994955,-0.5378754,0.104531586,0.039804183,0.41330907,-0.81853896,-0.92362046,-0.41213697,-0.7279456,-0.55969214,1.0025028,-1.5994585,-1.6321465,0.7795972,0.840153,-1.1014731,0.87458366,0.13204446,-0.5774268,0.9209919,-0.3113989,-0.92059004,-0.21676484,-1.3029158,0.11885999,-0.78584313,-1.511003,-0.867206,0.55345374,-1.6478508,-0.9764312,0.29733354,0.21186665,-1.3686104,-0.17594792,-0.5379431,-0.83258474,1.5213895,0.31634122,-0.6136524,-0.13171202,-0.90531707,-0.6828812,0.9723687,0.5315877,0.609752,0.10344086,0.44499657,-0.39643747,0.34891102,1.9291337,-0.5481107,0.54361147,1.5060773,0.71515316,-0.47708225,0.3423571,-0.27584964,-1.2563294,1.2275888,-1.4637544,-0.48479068,2.562738,0.19441448,-1.4434651,-0.56908846,-0.27719045,-0.10285239,-0.2438994,-0.07034907,0.8023858,1.2478391,0.8775996,2.0074108,0.37064126,-0.69467384,0.27097717,0.7370579,-0.954007,-0.86789244,-0.048291117,0.548756,2.911472,-0.5398389,0.048387304,0.3649391,-0.9929498,-1.1753258,0.81069255,0.85378915,0.11722571,-0.41272002,0.6259399,-1.1575567,-0.5062779,-2.1936822,0.12068057,0.82684326,0.25195485,-0.32059497,0.7043321,0.56689525,0.5262853,-0.88002753,0.7248975,1.1085408,2.236627,0.5800239,-0.45588538,0.80504465,-0.09379265,-1.8113005,-0.077056766,-1.1073182,-0.18073541,0.37249005,-1.258832,0.2580567,-0.8131237,-0.7028277,1.4334064,0.033046372,0.16844676,0.34254974,-2.0141854,2.0876021,-0.17123333,-0.5673348,1.6938095,0.5141256,-0.7692539,0.41658002,-1.8695362,0.7232132,-0.3386584,-0.7551862,0.6254221,-0.17386311,-0.80189157,1.7821579,-0.52964073,-0.2529868,-0.20757785,0.3028556,0.3678603,0.55292624,-0.9139309,0.48337376,-0.9531963,-1.2608142,0.16455907,0.28243837,-0.15758109,0.32388544,0.1920822,-0.18194456,0.06418683,-0.8270751,0.31397504,1.4589566,-0.2199058,-0.3088575,1.3397143,0.61642134,0.03599664,-0.28874338,1.9839191,0.76374614,1.2570682,-0.8106014,-1.0740132,-0.7048961,-0.27542365,-0.8186406,-0.63688457,-0.36162502,-0.35445547,0.8796226,-0.19910796,0.8493073,-0.7533927,0.6647154,0.09631573,-0.75613385,-0.24205792,-0.04008113,-0.5515206,-1.136699,-1.1536566,0.49001712,1.5349872,-0.3928545,0.6547482,0.95899034,1.6851256,-0.09651078,0.06286082,-0.7110629,0.008285433,-0.025361858,1.4425954,-1.5010574,-1.3755705,1.0427902,1.2776855,-0.4351967,0.026092915,-0.22567369,-0.0034166987,-1.2162632,0.8931426,0.17601185,-0.51445454,1.3100245,0.9424024,-0.33999836,0.7753437,0.58917594,-0.4664235,-0.6497524,-0.28894293,0.19620797,-0.48877364,-0.8924561,-0.44921672,-0.58988917,1.0104264,0.1204451,1.0567064,-1.5265427,0.65073633,-0.02158682,-0.21057348,0.24316575,-0.98480946,-1.1335324,-0.8142587,-1.331891,1.5342687,0.9259163,-0.055789515,-1.1642258,0.5316419,1.0419904,0.5565103,-0.12507892,0.10424539,0.53285956,-1.2927318,-0.5818094,-1.5301354,-0.5924966,0.67754966,1.1508101,-1.0838172,0.47503775,-1.3973868,0.1650349,0.25202045,-1.2209302,0.5150366,-0.6041942,-0.34193736,2.8878179,0.92382693,0.29934666,-0.24999698,0.8125148,1.962515,-0.3479653,-0.017691508,-1.044193,0.372449,1.3598416,-0.3419534,-0.87321377,-0.8014629,0.66898656,-0.81807494,0.91326094,-0.97681797,0.09385309,-1.1945201,-0.11870161,0.69024116,-0.86695594,0.13933109,1.2575011,-0.68233395,0.7551225,-0.5001776,-0.7232555,0.32172632,-1.2294489,0.3711291,-0.39803618,0.8766986,0.8585129,0.35105878,1.1501285,-0.40340722,-0.30001658,-0.48606881,-1.0377011,-0.14792544,-1.1958585,0.82349545,0.0809101,0.31865466,1.788552,0.2614196,-1.2637446,0.23007658,-0.11943849,0.59436655,0.07636529,-0.8382994,-0.38968018,0.10188722,0.2450557,0.31824717,-0.74257654,-0.19783556,-0.24473214,-0.010461789,-0.29081658,-0.18921074,-0.55533636,0.6483693,1.6620699,0.3480135,-0.36164623,0.0
リ,0.415574163198471,0.1737055331468582,0.5849692821502686,-0.2151138186454773,-0.0659065023064613,0.3584337830543518,0.086657591164112,0.2669789493083954,-0.1726342290639877,-0.2763693630695343,0.9457791447639464,-0.1038671508431434,0.1148487627506256,-0.1901741772890091,0.6065534353256226,0.2565444707870483,-0.2103362828493118,-0.1453824639320373,-0.3791010677814483,-0.3130072653293609,-0.7069437503814697,-0.1385436803102493,-0.2085364609956741,0.2607903182506561,0.2622789740562439,-0.6750698685646057,0.2375013977289199,0.1095442250370979,0.137151837348938,-0.2710570394992828,-0.2829957902431488,-0.1275658011436462,-0.36700439453125,0.3049251139163971,-0.6229907274246216,0.2348629534244537,0.1657563298940658,-0.2439841777086258,-0.0719552338123321,-0.3802835643291473,-0.0644666776061058,0.143115222454071,-0.106493666768074,-0.246557205915451,-0.1526533812284469,0.555555522441864,0.1120451092720031,0.4211159944534302,-0.0370425358414649,-0.1269803643226623,-0.4273518919944763,0.6218248009681702,0.6061189770698547,0.04417559877038,-0.0499552860856056,-0.0921466574072837,0.591787576675415,-0.5284159779548645,0.0016757316188886,0.2290544360876083,-0.4492727518081665,-0.657725989818573,0.0836504250764846,0.1202186867594719,0.0104032261297106,-0.0029423485975712,0.097853310406208,-0.0589031018316745,0.1031792238354682,-0.4279937148094177,0.1854356825351715,0.1889892071485519,0.2968339025974273,-0.7306986451148987,0.4907982647418976,-0.4115642011165619,-0.0931286811828613,0.4963451027870178,-0.0742833316326141,0.1202197149395942,0.0393482856452465,0.3775499165058136,0.259019136428833,-0.4725232422351837,-0.251420795917511,0.3093516528606415,-0.4410427212715149,-0.5469683408737183,0.6427991390228271,-0.6242369413375854,0.4835462272167206,0.3276762962341308,-0.1369458585977554,0.0307484176009893,0.0945173129439354,0.1965054422616958,0.294353038072586,0.2630644142627716,-0.0617357492446899,0.3566299378871918,0.2088732570409774,0.1285423338413238,0.354311466217041,-0.4545800983905792,-0.3009033203125,0.0447453707456588,0.0012594945728778,0.6635826230049133,-0.0568277426064014,-0.1316841542720794,-0.710168719291687,-0.1885950118303299,-0.3976562023162842,-0.0951344594359397,0.4005756080150604,0.4148956835269928,-0.1411580443382263,0.7507668137550354,-0.2810356318950653,0.460514098405838,0.1886826008558273,0.1083291620016098,0.1811825633049011,-0.0260151326656341,-0.1427085101604461,0.6553669571876526,-0.580356776714325,-0.1358460038900375,-0.3552114069461822,-0.063502624630928,-0.4113591909408569,-0.4947543740272522,-0.0769182667136192,0.2131040692329406,-0.4987854957580566,0.8964278101921082,-0.1773004382848739,0.1006785631179809,0.2037449181079864,-0.2136797606945037,-0.3634560108184814,0.1637136787176132,-0.0550299696624279,-0.0582963377237319,0.3978348970413208,0.3058249652385711,-0.5719026327133179,-0.3578946888446808,0.438408762216568,0.2768093347549438,-0.1696393936872482,1.0090107917785645,-0.8476295471191406,-0.0963473245501518,-0.1034151017665863,0.4603444039821625,-0.548450231552124,-0.0035971223842352,0.3112946450710296,0.3328922688961029,0.3344834148883819,-0.2054870128631591,0.0314145982265472,0.4732602834701538,0.0365625582635402,0.0830999016761779,0.305743008852005,-0.141748234629631,-0.2401123195886612,0.5583984851837158,0.0943792536854744,0.3581740856170654,-0.1201416030526161,-0.0458887331187725,-0.0184908099472522,0.300485759973526,1.0276329517364502,-0.0940973833203315,0.2851444482803345,-0.4896672964096069,0.0211465656757354,-0.2144927829504013,0.2934828996658325,-0.7413639426231384,0.3253012299537658,-0.5591893196105957,-0.2092389315366745,0.0523913465440273,-0.5259557962417603,0.1027588248252868,-0.4452182650566101,-0.3637519180774688,0.2429390996694564,-0.4483962953090668,0.2814618945121765,-0.3423798978328705,0.0866240933537483,0.0582155734300613,-0.3168758451938629,0.7469353079795837,0.0393045879900455,0.0133621888235211,-0.3902973532676697,-0.298270583152771,-0.7354561686515808,-0.4550730288028717,0.013733965344727,0.8439802527427673,0.1568809300661087,0.3715934157371521,0.0181559547781944,0.2897245585918426,0.4268654286861419,-0.0664304122328758,0.3436748683452606,0.2733027040958404,-0.2813516557216644,-0.2312538623809814,0.5426632761955261,-0.5422168970108032,-0.0783604457974433,-0.0624250993132591,0.1083056926727294,0.3093261122703552,-0.0357275046408176,0.3407064080238342,0.0438247174024581,-0.364983469247818,-0.1503529548645019,0.4587344825267792,-0.4449456334114074,-0.5691524147987366,-0.3838695585727691,-0.0677064061164856,-0.7252550721168518,-0.4125865697860718,-0.3841876983642578,0.2440460473299026,-0.4766407907009125,0.5655958652496338,0.1632680296897888,-0.1106378361582756,0.5326520800590515,-0.5809235572814941,-0.013288072310388,0.2439944595098495,-0.0858723223209381,-0.5266443490982056,-0.6206485033035278,-0.017459038645029,-0.4278088510036468,-0.4397734403610229,0.1598141938447952,0.0827487260103225,0.251042366027832,0.1862060278654098,0.7637547254562378,-0.2461773455142974,0.0465389490127563,-0.4861936569213867,-0.1363654285669326,-0.4296438097953796,-0.0265878476202487,0.5626292824745178,0.0095651037991046,-0.2334023863077163,0.3246133625507355,-0.1683581918478012,-0.558327317237854,-0.4373252391815185,0.3788623511791229,-0.3490492403507232,0.0204595476388931,0.0052987900562584,-0.0388858616352081,-0.1111761927604675,-0.2305478006601333,0.4827375710010528,-0.3509405553340912,0.0354859717190265,-0.0522750839591026,-0.030010187998414,-0.2817128598690033,0.0207405220717191,-0.0103510338813066,0.2696488797664642,-0.6746823191642761,0.2814110219478607,-0.247145801782608,0.4330154359340668,0.2807440161705017,-0.2093753069639206,-0.9022873044013976,-0.0498237498104572,-0.2483831346035003,0.0269875954836606,0.6587416529655457,-0.1688696295022964,-0.0657260566949844,0.1243613809347152,0.5440731644630432,0.6834704875946045,0.2422628253698349,0.1626287102699279,-0.1455165594816208,-0.5808132290840149,-0.41480553150177,0.1799363195896148,0.5363322496414185,-0.8379170894622803,0.3162133693695068,0.9754692316055298,-0.3317567110061645,0.0846412479877471,0.5990176796913147,0.5663442611694336,-1.5937511920928955,-0.4387265145778656,0.69896399974823,0.1765961796045303,-0.0665959939360618,-0.0358830094337463,0.3024848699569702,0.6147230863571167,-0.391457200050354,-0.3601798415184021,0.6860685348510742,0.0048674964345991,0.0029969762545078,-0.6253206729888916,0.2074172049760818,-0.1552542001008987,0.0780286788940429,-0.5598610043525696,0.082378514111042,0.498115599155426,-0.0419276282191276,0.0725145787000656,-0.1594468206167221,-0.4138393104076385,-0.2901717126369476,0.3038416504859924,-0.3141849040985107,0.1355785131454467,-0.4375313520431518,-0.0889878571033477,0.1223481371998786,1.086179256439209,0.9037814736366272,0.5214348435401917,-0.1323890537023544,-0.491334319114685,0.1321234703063964,0.0257129929959774,0.3359168171882629,0.2342312484979629,-0.4264256656169891,-0.2704477906227112,0.111840896308422,0.1751305162906646,0.0240033939480781,-0.1531956642866134,-0.4306788742542267,-0.080778032541275,-0.3315837681293487,0.92880779504776,0.4632611572742462,-0.4085611701011657,0.2794684767723083,0.6349875926971436,0.4527572095394134,0.2432136386632919,-0.1161945313215255,-0.5133246779441833,0.0085028801113367,-0.2649286389350891,-0.0972506254911422,-0.1246088817715644,-0.3729111850261688,0.5382508635520935,-0.1303636729717254,0.208877608180046,-0.1853064745664596,-0.1115197390317916,0.4616993963718414,-0.6951394081115723,-0.3223020732402801,-0.2932354509830475,-0.2871004045009613,-0.1989361494779586,0.9139744639396667,0.4585901200771332,0.2092230170965194,-0.1698891967535019,-0.8272655010223389,0.0078853582963347,-0.6060008406639099,-0.1434696465730667,-0.1723605543375015,-0.0832434818148613,-0.0975953117012977,0.0309647135436534,-0.3311712443828583,-0.1558556854724884,-0.2714546918869018,-0.0361443944275379,-0.5935452580451965,0.1723220944404602,0.0539852492511272,0.3873535990715027,-0.1007715240120887,-0.0906977131962776,0.2905682623386383,0.3005736768245697,-0.3778145015239715,-0.09539046138525,-0.3990237712860107,0.2226544320583343,-0.0457562394440174,0.7061917781829834,0.496117889881134,-0.0176927223801612,0.2872500419616699,-0.1349940747022628,0.0379000455141067,-0.0511994510889053,-0.0873193889856338,-0.5338373184204102,0.8653929233551025,-0.4270183444023132,0.5507126450538635,-0.0699476599693298,0.1377881616353988,0.6398975849151611,-0.6793524622917175,-0.5397745966911316,0.6028834581375122,-0.1714186519384384,0.2969652712345123,0.5153598785400391,0.4514519870281219,0.5363298058509827,0.020516762509942,0.3197215497493744,-0.4258218109607696,-0.3253586292266845,-0.224837988615036,-0.4097864031791687,0.1355484426021576,0.0099523877725005,0.1727428585290908,0.4579567015171051,0.4416479468345642,0.2743472158908844,0.1712633371353149,0.04779889062047,-0.1953902095556259,0.0693943575024604,0.6368961930274963,0.7881618142127991,-0.1189580634236335,0.325173556804657,-0.4346718192100525,-0.1552817225456237,-0.0714031904935836,-0.2164909988641739,0.1498914361000061,-0.4815632998943329,0.460052490234375,-0.5320669412612915,-0.3614102602005005,-0.6347565054893494,-0.7586848735809326,-0.0567841231822967,-0.4449076056480407,-0.1638239473104477,0.2620225548744201,-0.0475715138018131,-0.2085813581943512,0.6166868805885315,0.5567603707313538,0.0943772345781326,0.0694323927164077,-0.2777479588985443,-0.21298748254776,0.6633769273757935,0.0689050108194351,-0.4700457751750946,0.4883700311183929,0.2945379018783569,-0.5241653919219971,-0.7808815240859985,-0.0702204927802085,0.089163027703762,0.1361640244722366,-0.0881540551781654,0.1255775839090347,0.065818965435028,-0.8355079293251038,-0.1728294789791107,-0.2028070092201233,-0.3474790155887604,-0.420623630285263,-0.5454912781715393,0.3036213517189026,-0.2222238034009933,0.1067124530673027,0.2206402868032455,0.4995199739933014,-0.2351754605770111,-0.4075559079647064,0.223868578672409,0.4465099573135376,-0.4998679757118225,0.0544939562678337,-0.0935288146138191,-0.0419368371367454,0.1707566231489181,0.2653924822807312,0.0784577950835228,0.3546380996704101,0.1986039578914642,-0.8142129778862,-0.5746926665306091,-0.1049988716840744,-0.7897212505340576,0.4275113046169281,0.2078415602445602,0.5951785445213318,-0.2616227567195892,0.2022069245576858,-0.066068910062313,0.17292021214962,-0.1537112146615982,0.3441058397293091,-0.4370275139808655,-1.06974995136261,-0.0484536886215209,0.1010866239666938,-0.7570805549621582,0.679360568523407,0.4491647183895111,-0.1797634214162826,0.4113815724849701,0.4823172390460968,0.2531554698944092,-0.2419506013393402,0.6579926609992981,-0.4785842299461365,-0.2973905205726623,0.2158022969961166,-0.1795803159475326,0.6063488125801086,0.124603159725666,-0.2788906097412109,-0.0518852621316909,0.3182830810546875,0.2814459502696991,0.3987816274166107,-0.0241642408072948,-0.4875899255275726,-0.350171685218811,-0.4193216562271118,-0.2092251628637313,-0.1295111328363418,0.7159046530723572,-0.6509881615638733,0.5338699817657471,0.4194579124450683,-0.4962694346904754,0.2222790569067001,0.8385199904441833,-0.050052024424076,0.2264864146709442,0.0194932986050844,0.0449788495898246,-0.98838210105896,0.1390917301177978,0.3259846866130829,0.1086740419268608,0.0854371860623359,0.1654282510280609,-0.128888338804245,-0.2280878871679306,0.6258050799369812,-0.1242687702178955,-0.1185330599546432,0.1423768699169159,0.80014967918396,-0.41150963306427,0.5031833648681641,0.4073540568351745,0.3679656982421875,-0.0454719550907611,0.2548719644546509,0.7122871279716492,1.1499634981155396,-0.0136095471680164,0.4342921078205108,-0.2063263952732086,-0.8084424734115601,0.1599072962999344,0.0880524590611457,-0.2453404366970062,0.5127706527709961,-0.1789028197526931,-0.1916186958551406,0.9862309098243712,0.9219582080841064,0.0797009691596031,-0.4260322153568268,-0.3000630736351013,0.348288357257843,-0.3572637438774109,-0.1059934794902801,0.1124216169118881,0.3030464649200439,0.3770357668399811,0.3775014877319336,0.1437120139598846,0.2580921053886413,0.5349256992340088,0.0812523961067199,-0.0858078747987747,0.037619661539793,0.0563780926167964,-0.2397890239953994,0.5032461285591125,0.2513957023620605,-0.0721144899725914,-0.1481387913227081,0.2206924110651016,-0.225783109664917,-0.0981673002243042,-0.5549249053001404,0.3922131955623626,0.1463057100772857,-0.2210684567689895,0.045798972249031,-0.4424614608287811,-0.0670303478837013,-0.1040273532271385,-0.3982841372489929,-0.1905861496925354,0.151974931359291,0.1731845140457153,-0.0567422062158584,-0.3412414491176605,-0.7383142709732056,-0.4479314088821411,-0.4176839888095855,0.2554806172847748,-0.9442463517189026,-0.6307665705680847,0.492764800786972,0.122538149356842,0.055844560265541,-1.5396935939788818,0.7618738412857056,0.0734585300087928,-0.021573357284069,0.2928386330604553,0.5620651841163635,-0.0528189651668071,0.0856156572699546,-0.4029580950736999,-0.4224360287189483,0.2120168507099151,-10.231350898742676,0.2011488825082779,-0.1992003768682479,-0.7903140187263489,-0.309606522321701,-0.0750971585512161,0.7797194719314575,0.8948042988777161,-0.2261645048856735,0.2225656658411026,-0.3971354961395263,0.0839750841259956,0.1282529532909393,0.1381541639566421,-0.4656245112419128,-0.1563886702060699,-0.4770066738128662,-0.1806763708591461,0.0665516182780265,-0.0731686204671859,-0.4834226667881012,-0.1238786727190017,0.3794437646865845,0.050864327698946,0.0179980099201202,-0.7077929973602295,-0.3910270035266876,-0.2769802808761596,-0.0899910554289817,0.0049972999840974,-1.004145622253418,0.146933376789093,-0.1435712277889251,0.1188712269067764,-0.0508602932095527,0.4689939618110657,0.1616644561290741,0.1603109836578369,-0.1698394566774368,0.2540538609027862,0.4856616556644439,0.2651441991329193,-0.0812571048736572,-0.4041993021965027,0.3322640657424927,0.1287280768156051,0.1374024450778961,0.2484401613473892,0.9003264904022217,-0.3032655715942383,-0.0841321423649787,-0.2667118906974792,0.1996361762285232,0.0231584534049034,0.4421641230583191,-0.1209123507142067,0.5259897112846375,-0.8515137434005737,0.2054026126861572,0.0808157846331596,0.7472073435783386,0.522200345993042,0.43339404463768,0.4286543428897857,-0.0252982880920171,0.4153721928596496,0.1193731352686882,0.0518834218382835,-0.9540497660636902,-0.2102057486772537,0.4604150056838989,0.5351781249046326,-0.0075693684630095,0.3115476667881012,-0.2797532975673675,0.7715616226196289,0.2156542688608169,-0.1309941262006759,0.0445625036954879,-0.4688465595245361,0.411232441663742,-0.9697051048278807,-0.0042128828354179,0.3294600248336792,-0.4167406558990478,0.3654792010784149,0.074731707572937,-0.0514321662485599,0.0027132725808769,-0.7865360379219055,0.3848969638347626,-0.60898357629776,-0.3409397304058075,0.5360460877418518,0.3820045888423919,0.0178610999137163,0.0067808623425662,0.0185129940509796,0.0746931955218315,-0.23532135784626,-1.0472324,-0.18275097,0.27778885,0.99692523,-1.3797667,-0.48821235,-1.1089845,0.43318373,1.5518467,-0.10609619,0.6252636,0.37145475,-0.9006346,2.0177906,-0.5351175,0.09200845,0.69377244,-1.13974,0.5432311,0.35881215,0.71254206,0.60433626,0.5330761,-1.1310629,1.0121799,0.99810326,0.43637314,-0.6782101,-0.24539128,-0.9255368,0.40855646,-0.33860293,-1.1173033,-0.28218064,0.7192556,-0.88122797,-1.40089,1.3505551,0.04866884,-0.34054497,-0.48395532,0.54794085,0.07041152,-0.047978677,-0.742978,-0.26224494,1.5868307,-0.4032852,0.78504455,0.07664393,-1.0775999,-0.006105608,0.859039,1.1871026,0.14961472,-0.16434506,1.3148968,1.0024798,-0.142728,-0.6934408,0.84141695,0.7509812,-1.214379,-0.47520512,0.23457599,1.0992053,-0.16157839,0.4373166,0.15401733,-0.02187025,-2.5822387,-1.543492,-0.37380522,1.3885399,-1.6895931,0.5230573,0.19906463,-0.85309666,0.3861861,-0.07973641,-0.042752218,-0.48586312,-0.54060763,1.6977332,-1.0099802,-1.0129437,-0.57598746,-0.49960318,-1.3530191,-0.30269933,-0.6794551,-1.5796947,-1.3371631,-1.1933854,1.6032915,-0.23491165,-0.9646772,-0.9099102,-1.2937143,-0.09078838,0.24842605,1.3001087,-0.11481948,-0.6757146,-0.93895566,-0.5751861,-0.19230291,-0.31942156,-0.1631866,0.68475205,0.19879529,0.456973,0.59405124,2.0947356,0.730078,1.129226,-1.1723001,-0.87121046,-0.44977593,0.6390155,1.3525814,0.455162,-0.340607,0.33104828,0.13726765,0.39967248,0.3621056,-0.93326366,0.9335777,0.72741246,0.5544754,-0.20602925,2.1023567,1.1515119,-0.8356126,-0.15594336,-0.18805793,0.15656781,0.9672371,-1.2065748,-0.6243827,-0.087178454,-0.2681412,-0.14119327,0.4170474,-0.95166427,-0.008705142,0.82233065,1.1599084,0.2927406,-0.18312426,-0.16980366,-1.024317,0.039796166,1.070749,-0.26515633,-0.40460825,0.37488002,-1.1245754,1.0315984,-0.47581577,1.1431427,-1.082779,1.0093896,-0.061767578,0.5424463,-0.47117442,1.0101947,-1.042136,-2.0605428,-0.742221,-0.16488361,0.381283,-0.36004588,0.33161756,-0.6085429,0.78720313,0.48585176,-1.0830677,-0.58659655,1.3199049,1.162688,-0.10164416,1.1054862,0.034673236,0.809216,0.8769336,0.6521522,0.627288,0.00055305957,0.93386763,-0.7522921,0.7143084,0.6784359,0.88847226,2.7593582,0.90808505,-1.6329035,-1.3931937,0.79196435,-2.2562118,-0.081374265,0.88536894,-1.4369469,0.71513546,-1.3942593,-0.88366395,1.7018713,0.6159272,-0.2701285,-1.7118814,-1.2357582,0.43125692,0.8658985,-0.123798475,0.0017697215,-1.0867044,0.24946885,-0.41559434,-0.052291345,0.5139667,0.50542927,-0.30287853,1.7162371,-0.6412781,0.6852031,0.07338351,0.49757156,0.3832729,0.99893445,-0.5199865,0.34815103,0.65339506,-0.49149436,-0.15920046,0.58182484,-0.8405987,0.36040992,-0.32144707,0.7857457,0.12988062,-0.42219782,0.46552134,-0.079925254,0.6024602,0.5247158,1.3954294,-0.4342373,-1.7850711,-0.19028029,0.08490895,0.7080191,-0.040913157,0.6356885,0.41213626,1.7803997,-0.46584338,0.13306464,-0.5606576,-0.32144764,0.16180007,0.6724675,0.865466,0.3569985,0.4766337,-0.8208391,-0.733953,0.28387102,0.22421007,-0.78760564,-1.073436,-0.9162741,-0.5700768,0.07975467,0.7736408,0.13587897,-0.5970097,-0.7382153,-0.6129655,0.6782909,0.08867799,-1.7402617,-0.64422363,0.19944197,-1.0433047,0.30352598,-0.043340955,0.08598213,-0.10666335,0.53107214,-1.4614768,0.59200245,0.115995094,0.5712859,1.7479093,0.25109205,0.6308362,-0.9225847,-0.23693892,-0.3858118,0.47236848,0.43308085,-1.8985618,0.914032,-0.2885328,-0.44331884,0.811351,-1.305471,-0.40066057,-1.1643298,-0.022495467,-0.08209036,-0.74958783,2.2434368,-2.1235533,1.3241208,-2.023922,-0.5677171,-1.3141267,-0.80252326,-1.4045964,0.39794582,0.24604805,-0.068605155,0.64111775,-0.0754521,0.552646,0.797802,0.16138664,1.3533305,-0.086003624,-0.03476239,-0.34287032,-1.7347997,-0.053097498,0.9454916,-1.178588,-1.2755108,-1.5076687,-0.45292807,-0.016584259,-0.5454987,-0.044239163,0.92978513,0.029466439,0.11606045,-1.3524739,-0.6750922,0.11276164,-0.98406374,1.5200161,-0.7145586,1.5810335,-1.3401486,-1.1214291,0.17075768,-1.4269993,-0.33827624,-0.33101365,1.8165652,0.5766346,0.82324064,0.55830157,0.46467423,-0.12105064,-0.6094736,1.3675911,0.25508314,2.0711586,-0.5229244,-0.12136321,1.1973864,0.26904574,0.29864055,-0.27205008,-0.30077934,0.93449736,-0.17168029,-0.29507068,-0.23083153,-0.1446094,-0.31107622,-0.19128393,0.7337327,0.1343545,-0.39541405,1.0696366,0.88656265,-0.43075117,-0.66521025,-0.5911664,0.9876385,1.2642647,1.6902006,1.5840015,-0.0008410871,-1.033395,-1.6258053,0.59951097,1.3937576,0.42257604,0.9039,-2.250264,0.0030007674,0.61213017,0.037636746,-1.8736026,-1.4126742,2.1691132,0.8525046,0.949613,1.3890043,-0.9749196,-1.5469333,-0.52556837,-0.013952243,-0.3064925,-0.80655,-0.86223537,0.22815451,-0.5087815,0.7783421,0.8657092,0.5323373,-0.20855217,-0.11581812,0.80530274,-0.012918964,-1.0536851,-0.421098,-0.37144458,0.20581475,-1.4585567,-0.8376156,0.47039342,-2.3834321,0.9022287,-0.7858819,0.19753695,-0.29088417,0.10487421,-0.96970063,-0.8431467,0.12843037,-1.6243544,-0.2172,1.170387,-1.8977734,-1.1949885,0.12972692,1.3333447,-0.66486377,0.4594985,0.27758014,-0.1079968,0.6334346,-0.2606504,-0.5687536,-0.018653322,-0.4797884,-0.438879,0.085113704,-1.611912,-0.24494138,0.46600407,-0.9490981,-1.4514122,1.082569,0.58662677,-1.4641126,-0.7102331,-0.3374725,-0.39022082,0.60743535,0.20399885,0.05979029,-0.5257683,-0.9981055,-0.12532541,0.2034419,0.58730114,-0.12243237,0.24360959,0.5489914,-0.8028593,0.6657248,2.0248432,-0.007862175,1.0955393,1.386849,0.2941362,-0.12665743,0.99464273,-0.24716607,-0.32249233,0.935969,-1.2191539,-1.2388824,1.3554672,0.11520199,-0.8418142,-0.08108122,0.594729,-0.49739242,-0.12060934,0.46542472,1.1879938,1.771149,1.074907,1.4360291,0.120896816,-0.29697022,-0.35812116,0.8819559,-0.956193,-0.8028141,-0.26114655,0.7249556,1.8607028,-0.52478474,-0.019890856,0.2506743,-0.7064318,-0.7717429,0.44698066,0.21387729,-0.2765736,-0.7763886,0.3491394,-1.2627918,0.25542274,-1.7391002,-0.25203353,0.97592944,0.98557043,-0.7681683,-0.062224407,0.88625765,0.26697055,-1.1725662,-0.10429293,1.1353344,1.5017681,-0.013383341,-0.9827855,0.90114945,-0.59395707,-1.6042068,0.014922339,-1.4369162,-0.85380304,0.42265987,-0.29302216,-0.6365634,-0.72492546,-0.9436887,1.5362593,0.4291162,-0.36441317,0.7676058,-1.1625798,1.7067779,-0.18336876,-0.8270752,1.937179,0.76009923,-0.7000809,0.31360695,-1.9135777,1.1160463,-0.38084787,0.7000183,1.2198288,0.55747014,-0.14696085,1.5013711,-0.22236142,-0.19221963,-0.49878138,0.78865606,-0.46698007,0.89510137,-1.3545469,1.0872798,-1.2590872,-1.0056375,0.5400687,0.19291794,-0.4635082,0.21519384,-0.5370598,0.41417664,0.26105586,-1.4839779,0.54940903,1.5259842,-0.44046682,-0.6969762,0.4415261,0.33378538,-0.5392839,-0.17224473,2.5344424,0.47964925,0.6031079,-1.0695586,-0.95889837,0.2600238,-0.4435211,-1.0718708,-0.08944511,-0.05911212,0.1534061,0.29915485,-0.49264365,1.0703981,-0.66415155,0.72062653,0.71975225,-1.0415599,0.04167041,0.17047444,-0.67652744,-0.95991194,-1.3749316,0.6104566,0.33528024,-0.9404284,0.72035104,0.86803627,1.2764921,0.31526715,-0.056456,-0.37560987,0.4138314,1.0154083,0.7939945,-0.6712121,-1.1997858,0.3864455,1.0391692,-0.4676345,0.5344291,-0.041276008,0.4226038,-1.9361427,0.7830493,0.5075292,0.011581284,1.2559861,0.4083767,-0.34038687,0.8253709,-0.07463643,0.10504393,0.04723797,-0.9961915,0.1411984,0.18663144,-0.7940326,-0.0698549,-0.6554017,-0.08086784,0.045088127,0.46239814,-0.9565879,0.89078915,0.07267751,0.72377217,0.44846922,0.16354749,-1.4928113,-0.73735905,-0.537978,1.740174,1.2038862,0.10701641,-1.0709097,0.066490866,1.2656634,0.47944564,-0.47920808,0.7339188,0.3760139,-0.6863937,-0.5888879,-1.3353294,-0.6712496,0.6047072,0.4713704,-0.7553358,1.1838553,-2.0638416,0.7102437,-0.19894281,-1.0511038,0.06593494,0.32586914,-0.15725201,1.9389311,1.2376755,-0.03580878,-0.35472488,0.79044473,0.9297592,0.25386667,-0.48870087,-0.85750496,1.0313421,1.4456205,0.48312077,-1.0412184,-0.2204878,0.11239959,-0.64139104,1.6764629,-0.42824277,-0.3926389,-0.903442,0.111498296,-0.8879875,-0.6416494,-0.27818468,0.15978977,-1.2682995,0.8701683,-0.41918302,-0.49957237,0.6846,-0.5009457,0.14747144,-0.59739846,0.8634013,0.6418625,0.24908586,0.30878463,-0.9704054,-0.5201797,-1.2848332,-0.88746893,0.14535764,-1.2565057,0.13486479,0.23123923,0.6131735,2.00926,0.059830345,-0.8745225,0.39814773,-0.2959231,0.072117634,-0.07293677,-0.6289796,-0.61126906,0.47328728,-0.3103295,1.1753029,-0.8988989,-0.9127544,-0.45506898,0.3124002,-0.12839894,0.6680802,-0.09718384,0.7101291,1.7975852,1.1316725,0.6171912,-0.46456566,-0.30040878,0.48222584,0.56531066,-1.2365437,-0.48991966,-1.6500275,0.94870347,1.1466662,0.18204992,0.36870486,-0.376113,-1.2732852,2.4016607,-0.84419984,0.31408393,1.2049628,-1.2116053,0.25037423,0.08449335,0.28638875,0.5340377,0.5675541,-0.93397206,1.081074,0.6432041,0.4084255,-0.3338316,-0.26489532,-0.8058225,0.08242655,-0.3691477,-1.0592836,-0.16653569,0.16953495,-0.74737823,-1.6735718,0.99561274,-0.0815681,-0.68880457,-1.1421678,1.4991474,-0.034447704,-0.6051162,-0.44002932,-0.2905829,1.6070312,-0.7892332,0.33838633,-0.4899165,-0.97961366,-0.06760121,0.6021263,0.79531515,0.28627047,-0.8063356,0.9541131,0.960776,0.24782422,-0.84092224,0.26183316,0.42145842,-0.6513318,-0.8658722,0.70308673,1.0749011,0.06297362,-0.2769,-0.07651293,0.10703032,-1.9547726,-1.3249774,-0.12782216,1.2473288,-1.6112859,0.722456,-0.00036268233,-1.364285,0.2587246,-0.10337374,0.5070335,-0.28659385,-0.67325926,1.167739,-0.7174201,-1.082577,-0.3921502,-0.48501644,-1.392206,0.010815392,-0.54738593,-1.6341568,-1.5197899,-1.6126978,2.0979595,0.21942839,-1.0025674,-1.023297,-1.0689325,-0.19926424,-0.17227626,0.79822195,0.8791965,-0.25257713,-0.74525607,-0.7622619,-0.60644084,-0.377045,-0.56766695,0.6766902,-0.20712408,0.6022831,0.857571,1.5523555,0.8717802,0.5194238,-1.4475425,-0.7900367,-0.81646156,0.32508254,1.8520632,0.45885578,-0.59124583,0.46396485,0.35926852,0.7970638,0.31678128,-0.30745497,0.4573183,-0.09606092,1.344718,-0.11291771,2.3917215,1.0443666,-0.5659035,-0.6720342,-0.32841676,0.822137,0.40790004,-0.8476798,-0.41744217,-0.08004054,-0.5134791,-0.066293016,0.24469729,-1.2241623,0.1139089,0.29322797,1.9008732,0.31475645,-0.5644872,0.31776476,-1.717425,0.38749593,1.2899995,0.13742092,0.17037734,0.40678462,-1.1101562,1.7936836,-0.74543583,1.4101797,-0.6978249,0.78115296,-0.2954266,0.52883524,-0.824551,0.21815582,-1.0247549,-2.5914497,-0.44180775,0.20477204,0.7780341,-0.15622452,0.94564515,-0.2771892,-0.22724159,0.5528174,-1.2042968,-0.30219236,1.0239373,0.74638563,-0.19238965,1.617601,0.03784426,0.74129874,0.5266695,0.20774606,0.918718,0.09227128,1.6951771,-0.15811458,0.9591902,1.265887,1.0126916,2.700686,0.28930697,-1.52128,-1.5234352,1.0480754,-2.3828335,-0.24551503,0.57444036,-1.4210298,1.1823059,-1.4527991,-0.92531455,1.7406027,0.8394747,0.10893053,-1.4624956,-1.2612164,0.9397478,1.1135134,-0.38985223,0.021158561,-0.82771313,0.351136,-0.61004865,-0.50621134,0.7493381,0.93928146,0.7633707,0.6277848,-0.9548109,0.8469612,0.45778093,0.21645269,0.15201895,1.0129688,-0.59345484,0.47294062,0.94753706,0.06467117,-0.8918375,0.60952383,-0.255243,0.5102316,-0.4454894,0.5901786,0.6187909,-0.5963147,0.31976604,-0.34036765,0.43965358,1.0128286,1.7531536,0.108917095,-1.597393,-0.41040438,-0.25333524,0.68341863,0.8040988,0.37810057,0.38380703,0.9797106,-0.73227626,0.12769857,-0.06374386,-0.2966844,-0.028176893,0.21536286,0.34832868,0.17198825,0.40524182,-0.7765006,-0.99714345,0.060154866,0.24980636,-0.798577,-0.6594167,-0.58057785,-0.9516085,0.34867018,0.65803564,0.35586515,-0.5812624,-1.1759684,-0.271048,0.7352568,0.8031421,-1.7169755,-0.24917579,-0.08018498,-0.45526615,0.5075215,-0.04236554,0.23589544,0.42651242,0.23871645,-1.3575194,1.0409579,-0.22707787,1.1357135,1.1925266,0.021820668,1.3362336,-0.66963756,-0.22363953,-0.92620003,0.29962203,0.9356271,-1.5792382,0.815451,-0.49245483,-0.70539415,1.3038883,-1.4651304,-0.08084658,-0.9533583,0.3759358,-0.57889163,-1.2259918,1.742617,-1.9762548,1.6228584,-1.5947015,-0.5717348,-0.5426739,-0.7509023,-0.7970753,0.39336717,0.41548434,0.2877579,0.23034663,0.051986195,0.37444243,0.28931898,-0.04819269,1.2514497,0.32190418,0.65792334,-1.3713094,-1.4707654,0.06358443,0.23924597,-1.2874053,-0.72722554,-1.473842,-0.22282755,0.3645209,-1.1666363,-0.8035366,0.814843,-0.7019181,0.63432217,-1.4032853,-0.99221545,0.5450068,-0.8908948,1.7306591,-0.78731793,1.5545263,-1.2942317,-0.6500625,0.29254645,-1.3658972,0.28002098,0.051468622,1.916486,0.5321844,0.5384444,0.6521102,0.9170786,-0.60610837,-0.1205024,1.4263794,-0.15724829,1.7376165,0.25989732,-0.36053845,1.7769053,0.09943194,0.9248575,-0.21447401,-0.00027202367,1.686395,-0.5276786,-0.38575408,0.30847183,-0.057717074,-0.10374789,-0.07723471,0.73584956,0.36377302,-0.3423596,0.54781973,0.8302399,-0.30115905,-1.3128988,-0.41427603,0.87463725,1.3388875,0.9502443,1.4233961,-0.27852106,-0.40840062,-1.8533056,0.51584446,0.9461689,0.57089627,0.31812674,-1.5910885,0.90124303,0.45771217,0.20463824,-1.7228712,-1.9308655,1.5477822,0.71219736,0.029777873,1.4990537,-0.84280604,-1.7367493,-0.5310751,0.11576022,-0.22647047,-1.2539576,-0.9675766,0.065956,0.0891448,1.6039292,0.89384043,0.7419349,-0.015288418,-0.3334217,0.68237364,-0.038502507,-0.4550318,-0.010699669,-0.024280954,0.59490246,-1.636244,-0.40062207,0.31975177,-2.394891,1.3405757,-0.1992033,-0.49884534,-0.31278333,0.31142634,-0.94042444,-0.29239258,0.14242218,-0.97952443,-0.0947092,0.7470402,-1.3049778,-1.0854973,1.4996704,1.0650758,-0.25518566,0.16203192,0.4735611,-0.13831136,1.0373127,-0.25515658,-0.528118,0.07006668,-0.26097226,0.049224593,-0.2893007,-1.3315389,-0.33192334,0.6416108,-0.86617947,-1.198555,0.69768417,0.20198365,-1.5228225,-0.53019637,0.15902963,-0.8514013,0.8553175,0.8282007,-0.302504,-0.2841736,-0.89643735,-0.73911965,-0.27872735,0.20420626,-0.6926319,-0.09886497,0.7471092,-0.9204359,0.36342025,1.9025347,0.08133058,1.9071586,1.4324714,0.122847416,-0.17900074,0.61591727,-0.07714137,-0.44021067,1.0058941,-1.1027969,-0.97835493,1.6554453,-0.023687154,-0.8899129,0.031226158,0.719587,-0.32123962,0.11131106,0.038755454,0.53815204,1.4490739,1.1542045,1.7112093,-0.0026262521,-0.22711246,-0.76703364,0.6088901,-1.0618124,-0.87261903,-0.23091578,0.64889604,2.6311684,-0.53766155,0.35455424,1.054196,-1.3031008,-1.0113434,-0.02904737,0.61670315,-0.13350017,-0.69737554,0.21587567,-1.3121579,0.10752921,-1.7411648,-0.4828773,0.78623664,1.1040113,-0.76992595,0.24042234,0.92275494,-0.112230435,-0.86586034,-0.23829278,0.5485991,1.7789385,-0.43541718,-0.60498524,0.068335876,-0.9182607,-1.8665997,-0.23271465,-0.93385,-0.8724964,-0.064865075,-0.18010244,0.003955281,-0.6395179,-0.6439816,1.5559889,0.30401498,-0.72865415,0.54658073,-0.7619156,0.7627734,-0.37523067,-0.7516832,1.9425443,0.41991812,-1.2714303,0.50485814,-1.3177242,0.8481199,-0.6508999,0.65167123,1.1484584,0.8774311,-0.7418081,0.9939348,-0.3203452,-0.26160598,-0.18268478,0.87863046,-0.44314098,0.08154859,-1.8724442,1.0234401,-1.3171713,-1.0726174,0.1184904,0.99592286,-0.9056016,0.045330238,0.09380098,0.7316855,0.15999435,-1.4006851,0.19733554,2.0119596,-0.59369045,-1.1441498,0.40209088,0.45910397,-0.49689847,0.42461562,2.163477,0.2949919,0.5768831,-1.2449661,-0.91858876,0.8306198,-0.676971,-1.6455574,-0.7397443,-0.33585444,0.14923283,0.30855352,-0.18569246,1.0860302,-0.17200175,0.5688156,0.7362073,-0.39433843,-1.0072142,-0.19084026,-0.27278432,-1.311627,-1.2952648,0.56537986,0.73248637,-1.030923,0.4545219,0.8071278,1.810043,0.6275682,-0.82078373,-0.6102875,1.1026459,0.8868086,0.5246339,-1.3215783,-0.8532332,0.42520466,0.9827936,-1.218366,0.08579996,-0.45488444,-0.34197554,-1.9955251,1.1937866,0.26651162,-0.31217155,0.8594903,-0.04146455,0.20697923,0.7798408,-0.3792662,0.7039387,-0.051114332,-0.6971255,-0.4305277,0.18801938,-0.55794066,0.40977445,-0.68954724,0.31370646,-0.67877066,0.49588045,-1.3219752,0.588538,0.013003686,0.37497368,0.3001042,0.25527936,-1.5291232,-0.5067593,-0.35000387,1.6440834,0.659883,-0.06307735,-0.6383297,0.52178955,1.8159225,0.8178485,-0.28394043,0.2760094,0.221523,-0.69129616,-0.19671252,-1.2849663,-0.6657662,0.54395694,0.588987,-1.4147359,1.634585,-1.6827396,0.58392423,-0.40964207,-1.4699627,0.2142547,0.09197514,-0.7344798,2.2905755,1.5607798,-0.3918055,-0.25424322,0.6384657,0.7068604,-0.6170441,-0.22217622,-1.295172,0.6495703,1.2218606,0.9468191,-1.1384628,-0.344809,1.138986,-0.33108443,1.01568,-0.3825522,-0.3827785,-0.5349515,-0.13640383,-0.86469424,-0.4525605,-0.6029006,0.016505385,-1.2442725,0.77393085,-0.16883063,-1.2756509,0.7914523,-0.42297286,0.15671842,-0.3181104,0.8687584,0.7138816,1.1770685,0.5704075,-0.8703758,-0.23516747,-1.3040745,-0.34302133,0.482071,-1.2047333,0.22423296,0.21504363,0.75495684,2.0840125,0.070637025,-1.2041947,0.56697285,0.013999444,0.67005014,0.027887344,-1.3968904,-0.77800924,0.4164508,0.57776636,-0.19571991,-1.2027537,-0.40552226,-0.14085516,0.68542784,0.29641268,0.5156146,-0.16587755,0.39487436,1.5847886,0.42505464,0.18815616,0.0
カ,0.3586235046386719,-0.0246663745492696,0.7754485011100769,-0.8844077587127686,0.0205631572753191,0.3392025232315063,-0.1355293840169906,-0.0529141798615455,-0.4171533584594726,0.307938814163208,0.7799731492996216,-0.1584917306900024,0.2739543914794922,-0.6795698404312134,0.6546946167945862,-0.5095005631446838,0.2791526913642883,-0.1557860970497131,0.0791591852903366,-0.4014647603034973,-0.8990652561187744,-0.9262132048606871,-0.1831101924180984,0.154470607638359,-0.0902618244290351,0.0137811098247766,0.0121721886098384,0.2656416893005371,-0.1975154876708984,0.0017380045028403,-0.1448732018470764,-0.5539519786834717,-0.1022625416517257,0.0579993426799774,-1.0950565338134766,-0.195033997297287,0.1503302156925201,-0.1417342275381088,-0.0951748266816139,-0.5363784432411194,0.3325586020946502,0.0311147775501012,-0.6130945086479187,-0.1334844380617141,-0.1431507021188736,0.5453366041183472,-0.229549840092659,0.367545485496521,-0.0144952787086367,-0.0786912739276886,-0.4052870869636535,0.160253420472145,0.1486576050519943,0.1468552052974701,0.1350431591272354,-0.3601643145084381,0.1212152615189552,-0.8884081244468689,-0.0386912338435649,0.0089029129594564,-0.4122975766658783,0.1841042041778564,0.2635621130466461,0.3959721624851227,-0.2631439566612243,0.0452321544289588,0.0961821600794792,-0.0472497045993804,0.0739715620875358,-0.6487445831298828,-0.0336413718760013,0.164206326007843,0.1290869265794754,-0.4542910456657409,0.7616341710090637,-0.2880868315696716,0.1886349618434906,-0.151704654097557,0.3141540884971618,-0.0434453412890434,-0.4349846839904785,0.1722281128168106,-0.1459560394287109,-0.3821792304515838,-0.2669380307197571,0.1747135072946548,-0.4731841683387756,-0.8139368891716003,0.8416064381599426,-0.1633704453706741,0.398811787366867,0.3357173204421997,0.1424184739589691,0.2348209768533706,-0.3758234977722168,0.1531011164188385,0.1802000254392624,-0.0568276718258857,-0.3802551031112671,0.6075312495231628,-0.1827001422643661,0.0576381757855415,-0.0303319804370403,-0.2173190414905548,0.3214604556560516,-0.3659038841724396,-0.3783417344093323,0.1673703789710998,0.3260456919670105,-0.177744448184967,-0.4289966523647308,-0.3378853797912597,-0.5367929935455322,0.3362517654895782,0.3132054209709167,-0.0323720835149288,-0.2094873338937759,0.2365705668926239,0.0392595268785953,0.4166017472743988,0.2066131979227066,0.5641819834709167,-0.1325835436582565,0.0099416654556989,-0.0932277664542198,0.4952303469181061,0.0901037603616714,-0.6326240301132202,0.158358559012413,-0.2867668867111206,-0.0173558443784713,0.107340008020401,-0.0451720394194126,-0.1583792865276336,-0.3470660746097564,1.0091145038604736,-0.1720819026231765,0.0428343191742897,-0.1088468357920646,-0.5532451868057251,-0.0317088961601257,0.1576555669307708,0.2147662192583084,-0.2545504868030548,0.1049708873033523,0.2996875941753387,0.1895471960306167,-0.7632226347923279,0.0111502408981323,0.1368252038955688,-0.1470520794391632,1.066796898841858,-0.7711522579193115,0.2616840302944183,-0.2608645856380462,-0.040651224553585,-0.5023216605186462,0.088080994784832,0.501655638217926,0.4692065119743347,0.1573397517204284,-0.5436323881149292,0.5917591452598572,0.5716028809547424,0.4121880233287811,0.3372128307819366,0.0857105329632759,-0.2183679044246673,-0.1453911662101745,0.2892410457134247,-0.2568687200546264,0.1158893778920173,0.1483827829360962,-0.454930305480957,0.1390462219715118,0.4084529876708984,0.268079936504364,-0.1322606205940246,0.4458299577236175,-0.9173943996429444,0.0121634928509593,-0.1293108463287353,-0.2407212853431701,-0.655108630657196,0.5757667422294617,-0.1570649445056915,-0.2027263194322586,-0.2569780647754669,0.0370329581201076,-0.5157102346420288,0.095952495932579,0.0432647280395031,0.684190571308136,-0.1562862247228622,-0.1192012578248977,-0.4013515114784241,0.1618971526622772,-0.143419474363327,0.0497052147984504,0.56205153465271,0.1374651789665222,0.1464396864175796,0.0063964049331843,-1.1057502031326294,-0.5280543565750122,0.1395886838436126,0.7025129795074463,0.6469906568527222,0.3365605473518371,0.3559617102146148,-0.3146827220916748,-0.2045052647590637,0.2062235176563263,0.3486829698085785,0.5529441237449646,-0.016566663980484,-0.7394495606422424,-0.3700011372566223,0.3480413854122162,-0.1952962279319763,0.3645149171352386,-0.3964727222919464,0.1479096561670303,-0.1230077594518661,-0.1660883575677871,0.3021289706230163,0.2427328675985336,-0.432539165019989,-0.1254675686359405,0.7219329476356506,-0.5374917984008789,-0.3943407833576202,-0.6420092582702637,0.1480622142553329,-0.3879353404045105,0.1265142112970352,-0.3879170715808868,0.2455029189586639,-0.5147812366485596,0.1670347154140472,0.2136788368225097,-0.0973865538835525,0.1902671456336975,-0.3023533821105957,-0.1986513286828994,0.2059695422649383,-0.0491631291806697,0.1524078249931335,-0.3032713234424591,-0.0656548961997032,-0.5807090997695923,-0.4501806795597076,0.1670434176921844,-0.3809289634227752,0.6607704162597656,0.1631241738796234,0.1359750479459762,-0.0701999813318252,0.3478787839412689,-0.6328304409980774,-0.1447628289461136,-0.4550751149654388,0.2436263114213943,-0.0120690781623125,0.3931418061256408,0.2132409363985061,0.0869434028863906,-0.4913892447948456,-0.4093371629714966,-0.4929644167423248,0.2152226120233535,-0.2128570526838302,-0.2557368278503418,-0.1298930346965789,-0.024274805560708,0.04751892760396,-0.2410119771957397,0.3789639770984649,-0.6740599870681763,0.3417744934558868,-0.1215574964880943,0.5535191297531128,-0.4472485780715942,-0.1685982942581176,0.3951951265335083,-0.049195297062397,-0.4267884194850921,-0.414090096950531,-0.2033648788928985,0.2097956538200378,0.388204962015152,-0.6768291592597961,-0.2198648601770401,0.3544965386390686,-0.4503610134124756,-0.0210239253938198,0.5212361812591553,0.0284831039607524,0.0804966911673545,0.2866666316986084,-0.089926429092884,0.1582807600498199,0.5975357294082642,-0.5801597237586975,-0.2414451092481613,-0.5601361989974976,-0.0293470304459333,-0.3483292758464813,0.556526780128479,0.0230383947491645,0.1481944918632507,0.7260949611663818,-0.4633060693740845,-0.0925065577030181,0.9196696877479552,0.5360009670257568,-1.6513739824295044,0.289298415184021,0.6973103880882263,-0.1962223649024963,-0.2482532858848571,0.0548110119998455,0.0119285555556416,-0.0102505404502153,-0.2157996147871017,-0.7553359270095825,0.8927761912345886,0.2450911849737167,-0.2065581828355789,-0.2450914531946182,0.4924006760120392,0.0727382153272628,0.0552626326680183,-0.4773213267326355,-0.2581067681312561,0.3700799643993377,0.2186993211507797,-0.1692437827587127,-0.2959271967411041,-0.1563395708799362,-0.5493754148483276,0.1432756632566452,-0.2391412258148193,0.2105724662542343,-0.4816707372665405,0.0363241843879222,0.3828274607658386,1.131384015083313,0.3203997015953064,0.5801156759262085,-0.3884201049804687,-0.0716237649321556,0.8466631770133972,0.457819789648056,0.4994423389434814,0.3784675598144531,-0.2813080549240112,-0.2930530309677124,0.6196814775466919,-0.050277542322874,-0.3033430278301239,0.3204991817474365,-0.1048931702971458,0.2078468948602676,-0.1034251824021339,0.0694383829832077,0.1110826358199119,-0.1496219038963318,0.1321352124214172,0.7338179349899292,0.6123164892196655,0.1744691282510757,-0.0940590947866439,-0.4335092604160309,0.0579937808215618,-0.1725084483623504,0.255798876285553,0.4385444521903991,-0.2900402843952179,-0.2993480265140533,-0.1937111467123031,-0.2491368055343628,-0.2325776368379593,-0.3403624296188354,-0.400767982006073,-0.9239010810852052,-1.0663666725158691,0.0514844134449958,0.0364310033619403,-0.7813575267791748,0.2973428666591644,0.1253112405538559,0.6626867055892944,-0.4192781746387481,-0.5313348174095154,0.1362084597349167,-0.469912588596344,0.0440434291958808,-0.1709395498037338,0.040976446121931,-0.254860371351242,0.288720041513443,-0.5707607269287109,-0.2336601018905639,-0.3975604176521301,-0.2706895470619201,-0.4771449267864227,0.0833981111645698,0.1562682390213012,0.7864431142807007,0.0329351238906383,0.2744109034538269,-0.0830293223261833,0.1661955714225769,-0.1352051496505737,-0.1193107739090919,-0.6013108491897583,0.3270958065986633,0.6027277708053589,0.7362671494483948,0.2225320637226104,0.4853352904319763,-0.0107432296499609,-0.1678165048360824,0.2710961103439331,-0.2332077175378799,-0.286459356546402,-0.2649374604225158,0.5488170385360718,-0.4618846178054809,0.2983710467815399,-0.3070251047611236,-0.0251187942922115,0.8155043721199036,-0.2759130299091339,-0.6447542309761047,0.019334452226758,0.4444313943386078,0.2741967439651489,0.2018985152244568,0.2217877656221389,1.1126266717910769,-0.1611074060201645,0.6747143268585205,0.2079386562108993,-0.3065947294235229,0.0153259988874197,-0.2526099681854248,0.0108531191945075,0.1808147132396698,0.5403428673744202,0.8989946842193604,0.2680794596672058,0.387798011302948,0.4225503504276275,0.0394640564918518,-0.3098432421684265,-0.0448453351855278,0.5020272731781006,0.0876635760068893,-0.5822703838348389,0.0671888217329979,-0.4893506169319153,-0.3110739886760711,-0.3760032653808594,-0.1529198884963989,0.2548675239086151,-0.1874099820852279,0.4831192791461944,-0.4073148667812347,-0.6556465029716492,-0.4325756430625915,-0.7924972772598267,0.1225211918354034,-0.1237589567899704,0.2850375175476074,0.5576971769332886,0.5667896866798401,0.151675283908844,0.0797831639647483,0.305660992860794,0.7309637069702148,0.2399234920740127,-0.1629074960947036,-0.1688187420368194,0.3584931790828705,0.1539022028446197,0.4346175491809845,0.2286254167556762,0.0695969685912132,-0.3132855296134949,-0.5330155491828918,-0.3979867100715637,0.1479430347681045,0.0100019462406635,-0.0302755665034055,0.3525822162628174,0.0273273456841707,-0.1545535176992416,-0.5193030834197998,-0.2445397675037384,-0.3318242728710174,-0.1690635979175567,-0.7040066123008728,-0.1218400225043296,-0.5307708978652954,0.1147366911172866,0.4098197817802429,0.4931957721710205,-0.5638531446456909,0.1662935465574264,0.3007017076015472,0.1204905360937118,-0.0154460817575454,0.1163259223103523,-0.0711223110556602,-0.2879864573478699,-0.0643923953175544,0.0923106297850608,-0.0817050263285636,0.6598289608955383,0.1591884344816208,-0.5559541583061218,-0.2439369857311248,0.115936778485775,-0.9041750431060792,0.433933824300766,-0.1377756744623184,0.1395601332187652,-0.6946619749069214,0.1776384264230728,0.0566961802542209,0.0287550706416368,-0.234372466802597,0.1439073234796524,0.1385184079408645,-0.7581139206886292,0.3103348016738891,-0.1813197135925293,-0.3846227824687958,0.7979161143302917,0.5467738509178162,-0.1853010505437851,0.2618381977081299,0.5007081031799316,0.0613263137638568,-0.4154864549636841,0.3247176110744476,-0.1609259694814682,0.1054156497120857,0.3049433827400207,-0.1889155358076095,0.5684009790420532,0.1683012545108795,0.1198823079466819,0.1038140431046485,0.3489070832729339,0.6846362352371216,0.4384132027626037,0.2534331381320953,-0.1556078344583511,-0.470798522233963,-0.7940940260887146,0.0376302748918533,0.2783031463623047,0.5752158761024475,-0.3884532749652862,0.5000850558280945,0.6709069013595581,-0.0261370316147804,0.3636739552021026,0.921187937259674,0.1954237669706344,0.4207964837551117,-0.4991807341575622,0.0607120133936405,-0.9316931366920472,0.4198193550109863,0.3131798803806305,-0.0941114202141761,-0.1071772128343582,0.1388003677129745,-0.5112866163253784,-0.4666632413864136,0.1720971912145614,-0.1056281924247741,-0.1700824797153473,-0.2413229346275329,0.6426102519035339,-0.1109598949551582,0.9409220218658448,0.3932240307331085,0.0111649427562952,-0.4847569167613983,0.1631693243980407,-0.1479229778051376,0.6438269019126892,0.0549303963780403,0.4049669504165649,-0.2156396359205246,-1.03778874874115,-0.4044138193130493,0.2613549530506134,0.2089057564735412,0.286806046962738,-0.5070863962173462,-0.0036206315271556,0.4516017735004425,0.5596505403518677,0.2337265461683273,-0.1101813688874244,-0.4991564750671386,0.0602733492851257,-0.1417141854763031,-0.2067635357379913,0.3999647796154022,0.0863533318042755,0.3394351601600647,0.3769959211349487,-0.1770133674144745,0.0854547098278999,0.4841074049472809,0.1963625401258468,-0.1337948441505432,0.6522935032844543,0.0557423271238803,-0.1153806075453758,0.068910077214241,0.0201813541352748,-0.2673791050910949,0.0112823247909545,0.6305686235427856,-0.0938891470432281,-0.018041593953967,-0.5155843496322632,0.3149875104427337,-0.0319119431078434,0.1470301896333694,-0.4010014533996582,-0.4669030606746673,0.2831065356731415,0.2526891231536865,-0.3539333045482635,0.0224920939654111,-0.2453508973121643,-0.2295989990234375,-0.3570439219474792,-0.3350311815738678,-0.5432419180870056,-0.1944839358329773,-0.3953049778938293,0.4299406409263611,-0.770074725151062,-0.5165455937385559,0.4467598795890808,-0.1453765481710434,-0.1557761132717132,-1.1232340335845947,0.6056432723999023,-0.400147795677185,0.636294960975647,-0.1855069398880005,-0.096103236079216,0.0183214973658323,-0.3138656318187713,-0.322945773601532,-0.5746438503265381,0.4832221865653991,-10.23126220703125,-0.1531709879636764,-0.2061832696199417,-0.6949334144592285,-0.3927797973155975,-0.1074967384338378,1.0815861225128174,0.0150632699951529,-0.5576997995376587,0.1200396791100502,-0.2452751398086547,0.1355503350496292,0.534533679485321,0.3761050999164581,-0.0703593641519546,-0.030170764774084,-0.1402267664670944,-0.5821368098258972,-0.3437755107879638,-0.1215213239192962,-0.077371560037136,-0.1950564831495285,0.6719056367874146,-0.0401544831693172,0.0759009197354316,-0.3982008695602417,-0.1598372608423233,0.2665517330169678,0.1228524073958396,0.4765311181545257,-0.2146400511264801,0.8284003734588623,-0.1778043061494827,0.0664553940296173,-0.1844103336334228,-0.0297167152166366,-0.0254587046802043,0.4636370539665222,-0.1103347167372703,0.490783154964447,0.3837138414382934,0.358788251876831,0.1400733739137649,0.0472070164978504,0.3781290054321289,0.4283336102962494,0.1367486715316772,0.32080739736557,0.7621679902076721,-0.0751866400241851,0.4969749450683594,-0.7559500932693481,0.3250588178634643,0.068393275141716,-0.4673557579517364,0.0409008339047431,0.932538628578186,-0.5532816052436829,0.0047107227146625,0.2532929480075836,0.3740162253379822,-0.0409752391278743,1.1663835048675537,0.404410570859909,-0.2600726783275604,0.3022530674934387,0.1110511496663093,0.122262954711914,-0.4746184349060058,-0.4054569900035858,0.3808251917362213,0.0147620821371674,0.1461379677057266,0.3145440816879272,-0.3718342185020447,-0.085900068283081,-0.0263521336019039,0.2055089026689529,0.3818835616111755,-0.0679506063461303,0.8542038798332214,0.0212811939418315,-0.41378915309906,0.4242964386940002,-0.5259703397750854,0.1248574405908584,0.1416054666042328,-0.0715519413352012,0.5414227843284607,-0.6794898509979248,0.7729988694190979,-0.3009038865566253,-0.3189559578895569,0.7000997066497803,0.3129055202007293,-0.5655158162117004,0.31784188747406,0.1308512240648269,0.0886329114437103,-0.2186778038740158,-0.48920768,-0.08415059,0.5590363,0.59737164,-0.95785445,-0.2268624,-1.684675,0.7544728,1.7120209,0.54579324,0.23129492,-0.33747262,-1.1228768,2.5625057,-0.41523448,-0.06787914,1.0761874,-0.961539,0.9155127,0.4106068,0.5377646,0.18331417,0.49301806,-1.1415021,0.7925912,0.90946066,1.0729603,-0.7139247,-0.1401905,-1.1799814,-0.096781135,-0.1142654,-1.2226975,-0.5570191,0.31053236,-0.6794304,-1.5390444,1.1989107,0.20029132,-0.991288,-0.78807694,0.7453116,0.05979705,-0.42204466,-1.1424676,-0.25863266,1.7177136,-0.4146517,1.0522885,-0.15851481,-0.72102416,-0.59354573,0.4909133,0.57669765,0.6041765,-0.5652154,1.0788238,1.206711,-0.32316154,-0.2528158,0.51976484,0.31766796,-0.80280256,-0.1405256,0.17584163,0.43717068,-0.16557994,0.41685566,-0.11367991,-0.042024087,-2.4404263,-1.5391098,-0.55734754,1.2526152,-1.5845279,0.889994,0.21747032,-1.1556759,0.62710625,-0.63144207,0.070529774,-0.6866418,-0.9849714,1.2820029,-1.3151772,-1.105992,-0.20047052,-0.68257344,-0.95927,-0.28944632,-0.50564206,-1.8046262,-1.2066543,-1.1522548,1.7932765,0.05900236,-0.77521735,-1.1853667,-0.9337856,0.13363552,0.29547054,1.0658935,0.25277275,-0.24227667,-1.0486748,-0.22427669,-0.3844526,-0.30495077,0.058873422,0.65151143,0.65306735,0.43618688,0.28511244,1.3540734,0.7587566,0.5836036,-1.2622182,-0.56936145,-0.40564185,0.42595553,1.4477174,0.8061611,-0.3326245,0.8174146,-0.1263375,0.8377053,0.38348427,-0.66031754,0.29997092,0.47322717,0.11451407,-0.187048,2.0039673,0.5523714,-0.96581364,-0.26865768,0.09883394,-0.03196724,0.9319208,-1.157953,-0.68189186,0.4697709,-0.3495801,-0.5697819,0.40320063,-0.6589612,-0.10748403,0.9353857,1.5537531,0.18081339,-0.16420725,-0.03680106,-1.7017704,0.31161886,1.0125165,-0.15260677,-0.27280197,0.3531212,-1.5774407,0.84062403,-0.5546373,1.0985796,-0.52101624,0.8240959,-0.295435,0.7062564,-0.44038206,0.7309453,-0.75793546,-2.124741,-0.83913326,0.15973786,0.5356525,-0.44450513,0.3821289,-0.39468455,0.3885805,0.07450497,-1.1799374,-0.5002174,1.1418585,1.051349,0.18109971,1.6407511,0.050327398,0.20929739,0.5697025,0.8731494,0.40877312,0.10107366,1.3940474,-0.9899292,0.8789215,1.103565,0.6171099,2.968453,0.5015644,-1.7124188,-1.3212893,1.1850116,-2.5769274,-0.60924447,1.2238675,-1.1659751,1.1305084,-1.1438763,-0.89684993,1.8237388,0.7500514,-0.050499965,-1.2614999,-0.7930906,1.2132152,0.8284159,-0.31649047,-0.12961006,-1.1032889,0.06801362,-0.4467612,-0.64494884,0.59581685,0.48478207,0.19040002,1.195226,-1.2698301,0.7379319,0.415799,0.10038749,0.6517568,1.1890895,-1.0384448,0.6537565,0.48391995,0.14537919,-0.14598551,0.31132492,-0.41011858,0.41544423,-0.47520152,1.1078485,0.56413025,-0.31038168,0.51800954,-0.5974859,0.32646817,0.7672254,1.3352125,-0.24556696,-1.4715271,-0.017524624,0.1146035,1.1117384,-0.14440073,0.119916454,-0.2045917,1.6380886,-0.79130894,-0.046340536,-0.994239,-0.46271604,-0.15103178,0.5017052,0.41774702,-0.14910024,0.33908173,-0.68761784,-0.59091055,0.30041975,0.12111764,-0.7058958,-1.3355837,-0.6206392,-0.7521595,-0.31187075,0.96397877,0.14708884,-0.53979117,-1.0790753,-0.69130623,0.7565302,1.1310695,-1.6429199,-0.24429242,0.19232294,-0.77594495,0.16389447,0.44902515,-0.29531768,-0.15226565,0.4785121,-1.2244861,0.7359965,-0.17405266,0.88546455,2.169447,0.29773912,0.78208315,-0.9572431,-0.6254164,0.10023645,0.43654996,0.6520337,-1.8164113,0.84764844,-0.45901877,-0.39157468,1.4296273,-0.69980574,-0.580711,-0.90757924,-0.039913375,-0.49298662,-0.81734526,2.110979,-2.2602944,1.220709,-1.7949604,-0.63869727,-0.8293587,-0.9686592,-1.2581065,-0.40535712,0.3251629,-0.22396867,0.40530175,0.4265109,-0.0023641386,0.36222744,0.23173623,1.5706499,-0.011243092,0.3281657,-0.9548627,-1.510547,-0.116121136,0.7978128,-1.3754416,-1.0681546,-1.6794121,-0.5628787,-0.23376021,-0.22542755,-0.5279392,0.7190608,0.23049998,0.47238714,-0.88238525,-0.7851599,0.12911843,-0.9724882,1.1961052,-0.092684306,1.7194793,-0.979027,-0.5135961,0.45582405,-1.1203154,-0.18112235,-0.5647145,1.6925522,0.5960221,0.7471644,0.263308,0.21469207,0.3573986,-0.67820305,1.383428,0.36155695,2.1278112,0.009941143,-0.004328179,1.3911078,0.03335316,0.67901134,-0.5767332,-0.16237542,1.3775284,-0.22120242,-0.63371986,0.027297813,-0.32929707,-0.12140069,-0.18456121,0.42410988,0.79211366,0.024602145,0.97084016,0.6492356,-0.51283574,-1.0258853,-0.5544124,0.9532116,1.3184657,1.1992557,1.5850061,-0.65403503,-0.7197971,-1.6796653,0.7067157,1.0387869,0.29014885,0.54211104,-1.7363993,0.4131031,0.62345266,0.27571204,-1.5743587,-1.9075167,1.6828912,0.5693705,0.4209639,1.8415121,-1.2494279,-1.5180502,-0.5786998,-0.25017902,-0.044641487,-1.1279243,-0.90596676,0.34644675,-0.13937353,0.85675526,1.4126623,0.7124381,-0.18044452,-0.67508686,0.18483715,0.057685636,-0.67686397,0.029525975,0.0551295,0.29340118,-1.3816177,-0.97797173,0.56608236,-1.7154481,1.277602,-0.66947436,0.37204424,-0.26885825,0.024902817,-0.6993934,-0.020074505,-0.056880582,-1.623653,-0.060989857,1.200263,-1.7099062,-1.4813554,0.7035977,1.191644,-0.24248321,0.42051712,0.22007434,0.20872626,0.71377265,0.20197694,-0.3769156,0.21662016,-0.10742042,-0.19934857,-0.19119331,-1.0679178,-0.3714356,0.53066295,-1.2563819,-1.4999028,1.1438673,0.42846006,-1.5172955,-0.7915656,-0.59585154,-0.60145015,0.6805803,0.6269733,-0.11875238,-0.3010557,-0.90988576,-0.19260384,0.08678214,-0.06343398,-0.5773591,0.4689219,0.19742449,-0.4611381,0.079894975,1.9207436,0.26016343,1.3722862,1.1692423,0.6053157,0.067760706,0.44890603,-0.1747812,-0.19182956,0.26636308,-1.1225715,-0.5846244,1.3054389,0.17806101,-0.8083954,-0.13739163,0.7036017,-0.5831776,-0.66884935,0.091383755,0.68922436,1.5880642,1.356754,1.6278843,-0.09635122,-0.07145639,-0.40645462,0.54998285,-1.4135199,-0.72831476,-0.39497787,0.25505367,1.913409,-0.65255296,0.30848882,0.8714854,-0.9865667,-1.2725948,0.3185508,0.47583014,-0.41598648,-0.49432778,0.5269206,-1.0348212,-0.062153835,-1.7332681,-0.13286838,0.74241006,1.0928246,-0.6344408,0.10382922,0.5660418,-0.019571653,-1.0317609,0.030222544,0.90774584,1.8521675,-0.15120451,-0.64032876,0.47207004,-0.0170183,-1.5670898,0.12226907,-1.0258831,-0.81331235,0.15544501,-0.330114,-0.21411625,-0.22962424,-0.3379559,1.4835851,0.8768183,-0.10483911,0.68694866,-0.9035162,1.8101184,0.39573103,-0.9132805,1.3493198,0.7012239,-1.6591307,0.93109465,-1.1268548,1.4841429,-0.40458617,0.88781613,1.2678792,0.3665865,-0.059890985,1.2864004,-0.83754957,-0.1728507,-1.0281947,0.0713955,-0.62009656,0.37955034,-1.4981396,1.4600534,-1.0983645,-0.99119663,-0.13234562,0.6249563,-0.28830397,0.28436938,-0.5508057,0.6630758,-0.07361661,-1.2260276,0.771551,1.7432076,-0.19878975,-1.1636288,0.3418274,0.36301732,-0.01616178,-0.1968455,2.2423458,0.3788677,0.4937675,-1.164047,-1.0901282,0.6300975,-0.7546094,-1.3937614,-0.48219293,-0.74668986,-0.17721567,0.3466322,-0.59725773,0.9864315,-0.50069255,0.69558376,0.3527207,-1.1815971,-0.18113537,-0.084785305,-0.69344294,-1.0427374,-1.6613907,0.5061079,0.5633521,-0.83073586,0.9620074,1.0001717,1.7283776,0.59023625,-0.19543947,-0.74142885,0.9548419,0.6920894,0.38246605,-1.3304704,-1.6497135,0.2222017,1.2686155,-0.0061418116,0.54340345,0.4083507,-0.37523198,-1.8121732,0.8557361,-0.1404986,-0.15758117,1.2732185,0.33753267,-0.16971329,1.0360638,-0.4707542,0.12193717,-0.34871948,-0.68387175,0.04092338,0.092062965,-0.9014322,0.30562064,-0.93465835,0.4171093,-0.36199456,0.6835014,-1.3737502,0.72139776,-0.11494999,0.21237555,0.30993438,0.58005595,-1.1680377,-0.6907647,0.24273899,1.5151678,1.2392877,-0.10321291,-0.76672685,-0.16269875,1.5512639,0.8400418,0.13293272,-0.189159,0.17280057,-0.13788867,-0.42132378,-1.1569722,-0.85259104,-0.019760247,0.28437608,-0.9873719,1.3355739,-1.7001908,0.99627686,-0.2690143,-0.99557525,0.082292825,0.4857665,-0.51118445,2.1649194,0.96355164,-0.4894808,-0.09249106,0.7776916,1.1159704,-0.53116083,-0.026842821,-0.6587075,0.7225789,1.3027755,0.5743438,-1.2194041,-0.35098013,0.1665854,-0.45103583,1.4238234,-0.037636112,-0.59039146,-0.95146286,-0.63934726,-1.245081,-0.4980043,-0.5890465,0.06810563,-1.2421402,0.68255436,-0.63465714,-1.2488459,0.74097985,-0.4197975,0.25244665,-0.71505666,1.4767066,0.62673527,0.30792388,0.24350719,-0.72242373,-0.2550865,-1.2425855,-0.6324111,0.31596047,-0.87992495,0.95998347,0.08912949,0.7652516,1.4991646,0.20196,-0.6385508,0.4648827,0.30614206,0.2648885,-0.16686627,-0.85001564,-0.6289869,0.090845875,0.6370343,1.0361902,-1.5210111,-0.75433886,-0.12756011,0.00789767,0.10770528,0.8632433,-0.30893707,0.797397,1.8289658,1.6962668,0.25735047,-0.9110956,-0.12685345,0.99231774,0.36512637,-1.1200029,-0.34429607,-1.1120228,1.040007,1.0212158,-0.18101867,0.7673107,-0.26138672,-1.2545809,2.2674043,-0.50861174,0.16186655,1.2883166,-1.0460522,0.60066265,-0.43169093,0.8393082,0.6987841,0.360666,-1.0583528,1.2750512,0.63801354,0.9081356,-0.41682133,-0.17751415,-0.13860998,0.20685436,-0.43902817,-0.7249209,-0.30414405,0.5039522,-1.0103987,-1.6641831,1.1694065,0.22289462,-0.5973792,-0.96810776,0.93068534,-0.2925318,0.14439012,-0.42042208,-0.068262756,1.6114621,-0.72312814,0.98816234,-0.27397332,-1.0403875,-0.4203292,0.6040149,0.98611635,0.3218982,-0.15740775,1.26577,0.88221675,0.6348615,-0.44632265,0.4872962,0.65884125,-1.0289286,-0.67406255,0.6228941,0.69829375,-0.09713676,0.028461045,0.07111499,-0.11589661,-1.8352276,-1.2533027,-0.08791065,1.319995,-1.3935456,0.6804707,-0.2357989,-0.97694784,0.31191212,0.12805961,0.4467866,-0.42295015,-1.1002282,1.7469338,-0.63720685,-0.7854512,-0.49587563,-0.27964416,-1.3933977,-0.40485796,-0.59436077,-1.3130381,-1.0529802,-1.841979,1.7895535,-0.124878265,-0.88201696,-1.2719263,-1.5325876,0.28459468,-0.22193635,1.2696449,0.6757379,-0.394418,-1.3173819,-0.4489738,-0.38364816,-0.38384572,-0.56443685,1.0813782,-0.022885313,0.40066624,0.27031538,1.4295448,0.97835755,1.1163338,-1.3659348,-0.6907992,-0.25937465,0.29357,1.9465824,0.23246713,-0.797133,0.4077302,0.016187238,1.2836312,0.26497853,-0.8958995,-0.023773527,-0.033521067,0.36153862,-0.5695384,2.1490238,1.0338355,-1.0171744,-0.632524,-0.21821159,0.6752915,1.2209581,-0.7167743,-0.5566415,0.41872403,-0.3231028,-0.2901334,0.54587704,-0.94495106,0.3377274,0.53954417,1.5562199,0.44144893,-0.20431472,0.15858261,-1.7257057,0.31084612,0.972598,-0.04163705,-0.029238597,0.28260306,-1.2343636,1.2932969,-0.5185438,0.99800855,-0.7024997,1.0115284,0.047613055,1.0382916,-0.96722287,0.29995358,-0.8683074,-2.2350104,-0.76741433,-0.091804,0.3209935,0.06493797,0.5684086,-0.332023,0.009653817,0.2874435,-0.9509611,0.12710783,1.005221,0.71163195,-0.1486272,1.2988714,-0.07833924,0.7599876,0.88624644,0.78829384,0.38823363,-0.0780646,1.3413364,-0.59697914,1.2419152,1.1358763,1.2555233,2.7151368,0.79808587,-1.1944101,-1.8533907,1.2612417,-2.5005357,-0.3661046,0.621942,-1.6615859,0.8248548,-1.197384,-1.1817056,1.6443219,0.19111627,0.2625745,-1.3710704,-1.3015817,0.70155615,1.1005628,-0.20726655,0.36747608,-1.2742834,0.13842471,-0.4925631,-0.27291486,0.7982493,0.89964813,0.42972907,1.2715446,-0.67213255,0.5330208,-0.094708584,0.06589871,0.16391483,0.5159891,-1.086635,0.4606419,0.58572614,0.12456996,-0.63221234,0.7201591,-0.24898754,0.30570042,-0.1824675,0.3426483,0.41162845,-0.22005086,-0.02056787,-0.1780417,0.6476171,0.98642474,1.6127701,0.24806887,-1.4437361,-0.57936823,0.014813731,0.6971727,0.5235608,0.6431089,0.17500354,0.9112048,-0.27567127,0.5311063,0.007651307,-0.9002156,0.12663472,0.45397842,0.27838433,0.22530134,0.43393108,-1.0330507,-0.96901184,0.07508566,0.35896388,-0.86706465,-0.9686405,-0.61450404,-0.6295226,0.6343128,0.5553914,0.107708864,-0.8695183,-0.45174575,-0.8648146,0.70981145,0.45297137,-1.8522993,-0.17008753,-0.2029839,-0.9927806,0.07286108,-0.21003234,0.32487336,0.32898012,0.20725246,-1.766099,1.3518225,0.07449289,0.9159522,1.2879993,0.5850441,1.5026466,-0.82901716,0.39915574,-0.7384083,0.5798833,0.5792424,-1.725696,0.7915999,-0.10652556,-0.8847459,0.8299603,-1.0093442,-0.69511294,-0.656833,0.3879695,-0.6837187,-1.2672039,1.8240414,-1.766826,1.3234185,-1.6013027,-0.46668506,-0.84838223,-0.76809025,-1.2425225,0.32016405,0.47021472,0.07682995,0.26655614,0.089466535,-0.23752064,0.49214625,-0.12948391,1.2421333,-0.52958864,0.30324045,-1.147544,-1.2567004,-0.5526765,0.9181383,-1.3848624,-1.0271913,-1.1792105,-0.2763348,0.85422593,-0.3036436,-0.5371012,0.6556321,0.09542558,0.7243708,-1.4031482,-0.4817458,0.1299505,-0.6258359,1.5670547,-0.28511524,1.0336658,-0.89509743,-0.94987893,0.40443397,-1.3454334,0.02414152,-0.4052333,1.6515421,0.48866606,0.20983122,0.17553993,0.7902097,-0.1316703,-0.058951866,1.2146789,0.24193382,2.1349342,-0.33612213,-0.35779157,1.7780199,0.27239534,1.1455774,0.0545179,-0.53937924,1.7697767,-0.3708472,-0.32181123,-0.05160438,-0.08654625,-0.28733385,0.050393414,0.36721566,0.06037278,-0.13874799,0.48815426,0.5657491,-0.69521254,-1.7636629,-0.69553155,0.9733839,1.3563896,1.2738754,1.6311048,0.089648195,-0.058704216,-1.6851941,0.23848204,0.79671854,0.6255705,0.5734226,-1.1010901,0.44303814,0.19429511,0.19019328,-1.5546077,-1.2527252,1.7328795,0.5418755,0.21359777,1.2505909,-0.7476351,-1.7602404,-0.56124544,0.30456516,-0.6462131,-0.71486187,-0.67841095,0.2952194,-0.6112344,0.81431913,0.7882357,0.5785985,-0.3890942,-0.24115749,0.5715423,0.2680277,-0.79961115,-0.4004338,0.011662483,0.7625048,-1.4824713,-0.8967535,0.098980255,-2.4835265,1.0401965,-0.63975936,-0.27117467,-0.34623805,0.0958116,-0.91361934,-0.4412717,-0.22210705,-0.9800591,-0.70713454,0.6690096,-1.7281595,-1.3544703,1.247572,1.1565701,-0.9706772,0.34923938,0.5915858,-0.13227718,0.8689501,-0.28168252,-1.2511944,0.12843804,-0.62459344,-0.06490048,-0.35548306,-1.6262385,-0.57939434,0.40225804,-1.0934081,-1.6379658,0.99534273,0.71947306,-1.7816278,-0.5502507,0.05451417,-0.041800592,0.9986556,0.90730757,-0.624154,-0.3630704,-1.0004364,-0.75184447,0.46174774,0.15842766,-0.26961514,0.23634805,0.6570865,-0.25802246,0.48566845,1.6876868,0.006575515,1.3973523,1.4302284,0.43184504,-0.30174792,1.1308634,-0.060059134,-0.66132826,0.59364766,-1.0874069,-1.306506,1.3348824,-0.13229486,-1.297113,0.30214915,0.6571738,-0.48602512,-0.03642721,0.70030516,0.70714813,1.2995533,0.6583046,1.7934402,-0.027698308,-0.19362508,-0.107677184,0.690397,-1.1731678,-1.008033,0.065919794,0.8303606,2.5004818,-0.69716024,-0.050839055,0.94128776,-1.09099,-1.3427995,0.25787017,0.6392037,-0.369318,-0.6929671,0.5533178,-1.3498572,0.3640058,-2.0882554,0.008706,1.1244868,0.98429376,-0.660457,0.16627125,1.1006955,0.19920571,-0.52407867,0.2188003,0.441411,1.7865433,-0.5389812,-1.0546039,0.67438483,-0.7677953,-1.964088,-0.1265258,-1.1147455,-0.51484245,0.66698104,-0.39643407,-0.47315922,-0.18243945,-0.4846746,1.6181926,-0.051611792,-0.5244789,0.61517066,-1.9337807,1.0921746,0.28222397,-0.53289205,1.7972366,0.38318643,-1.1950139,0.31654903,-1.1598411,0.71817493,-0.82670903,0.38566875,1.1322178,0.5622945,-1.1419067,0.92132217,-0.9542473,-0.023594053,-0.031587306,0.5825114,-0.23167515,0.57920045,-1.8897009,1.4934611,-1.547718,-0.9884753,0.06752006,0.48737684,-0.568914,-0.25327528,0.26927015,0.4960208,-0.09541272,-1.1206132,0.90810543,1.9150372,-0.46323207,-0.9619221,0.58949,0.70101744,-0.42018414,0.2099045,2.3754184,0.39066982,0.8985243,-0.9036694,-1.1498929,-0.06489339,-0.27152815,-1.3309385,-0.27244967,-0.32540864,0.27761972,0.13066234,-0.24752063,0.5196429,-0.4066684,0.17544933,0.5888281,-0.58289087,-0.29678285,0.019531168,-0.07923017,-1.2660666,-1.5002044,0.67175883,0.81722075,-0.5722293,0.7481974,0.86578274,1.8864952,0.6565122,-0.3522037,-0.7703104,0.6465277,0.5677235,0.99398965,-1.3383418,-1.3037943,0.5483617,1.5575806,-0.7036144,0.17295666,-0.056887526,-0.14356393,-1.7808431,1.3228139,0.3826003,-0.26144573,0.8114629,0.4244477,-0.1598099,0.67967147,0.040515855,0.21633272,-0.110343255,-0.9502893,-0.27099267,-0.2160999,-1.0114418,0.211842,-0.5385213,0.3977572,-0.2675231,0.4397579,-1.6621794,0.55208904,0.007112076,0.90603226,0.476782,-0.055505443,-1.4389161,-0.5114644,-0.62562716,1.9278768,0.8436489,-0.12416857,-1.2031101,0.39794493,1.2413359,0.35637084,-0.37915936,0.4047097,0.5466103,-0.85082585,-0.52942425,-1.2134991,-0.32314932,0.3839666,0.4196243,-1.3053089,1.2238985,-2.1060164,0.9019366,-0.21592039,-1.5841912,-0.7239535,0.22888458,-0.19265348,2.5329099,1.2492098,-0.44144812,0.16908133,0.65461373,1.1464726,-0.23799294,-0.23412423,-0.97733,0.9554948,1.3259263,0.4125129,-1.3028871,-0.37493762,0.487931,-0.69631356,0.83562964,-0.20308991,-0.7594442,-0.86704665,-0.16981411,-0.47364905,-0.6085187,-0.28330258,0.7374272,-1.319132,0.6043081,-0.39182258,-0.819649,0.69320565,-0.44852063,0.3667275,-0.46258628,0.7975175,0.9502657,1.0961136,0.53374594,-0.53680986,-0.1256937,-1.0606765,-0.97647935,0.37031817,-0.9893412,0.46306315,0.47193423,0.9534226,1.8773475,0.102405936,-1.2497824,0.14217074,0.09793725,0.51708794,0.26510948,-1.1287514,-0.43190685,0.019005893,0.21406595,0.6930771,-1.1938428,-0.29940724,-0.35016128,0.46842384,-0.13301711,0.2390294,0.13916977,0.11874867,1.8811475,0.48909092,0.049075406,0.0
、,0.6195648908615112,0.3489904701709747,1.0567883253097534,-0.4765182733535766,-0.5891979932785034,-0.1809852719306945,0.0059980759397149,0.3481148183345794,-0.8365700244903564,-0.6619139313697815,-0.2249849289655685,-0.709401547908783,-0.0504682175815105,-0.4271685481071472,0.7363948225975037,0.4460712671279907,-0.5139725804328918,0.4701919853687286,0.1286108493804931,-0.3889336884021759,-0.8025297522544861,-0.7192121744155884,-0.5512325763702393,0.1941795796155929,-0.4240441024303436,-0.9229090809822084,-0.5777475237846375,-0.2258715033531189,0.0061606224626302,0.1903616487979889,0.2632638216018677,-0.4594249129295349,-0.3370295763015747,0.3261558711528778,-0.7294156551361084,0.6906647086143494,0.1098550781607627,0.2041232734918594,0.4162230789661407,-0.5478252172470093,-0.3630021214485168,0.5252999663352966,-0.6012375354766846,-0.5337058305740356,-0.1171065792441368,0.041893757879734,-0.1703510880470276,-0.031400877982378,-0.1483786702156067,-0.3944182395935058,-0.7106783986091614,0.7770763635635376,0.3953070640563965,0.1971932351589203,0.425059050321579,0.3488447666168213,1.0091537237167358,0.0231695063412189,0.0251429192721843,-0.2772858142852783,-0.7284931540489197,0.1356604993343353,0.3728354871273041,0.1996486485004425,-0.592863142490387,0.3532702028751373,-0.1977674067020416,0.5270116329193115,0.4377854466438293,-0.1567492187023162,0.5720683932304382,0.3822307288646698,0.2298650741577148,-0.3820671439170837,0.2723013460636139,-1.026605486869812,0.4222369492053985,-0.3067958056926727,0.2783031761646271,0.1548672318458557,-0.239579826593399,-0.1771947145462036,0.1182410269975662,-0.3522379100322723,-0.6739863157272339,-0.3207395672798157,-1.280389428138733,-0.1314788162708282,0.1092400550842285,0.1847828775644302,0.0771256908774375,-0.437089592218399,0.370442658662796,-0.3064039647579193,1.0832984447479248,0.4152913391590118,0.3117563426494598,-0.1497225910425186,0.3455894887447357,0.2241485565900802,-1.3417664766311646,0.5552119016647339,-0.0222490578889846,-0.8507680296897888,-0.5020774602890015,-0.1633059084415435,-0.2702930569648742,0.9135725498199464,0.5686036944389343,0.4233021438121795,0.0308378841727972,-0.2613431215286255,-0.8987371921539307,0.1841257512569427,-0.0797238424420356,0.4295142292976379,-0.5939999222755432,-0.1568807661533355,0.0380602180957794,0.1479811817407608,0.2256724238395691,0.58320552110672,-0.4946492314338684,-0.1372482478618621,0.271740585565567,0.1917717903852462,0.1432688981294632,0.3522486984729767,0.2582482099533081,-0.6036713719367981,0.3547253906726837,-0.6765661239624023,-0.4382753372192383,0.0448752231895923,-0.6328389644622803,0.965863823890686,0.2955978512763977,-0.4536164700984955,0.0455907583236694,0.1167070865631103,-0.4535581469535827,-0.1906919628381729,0.8190338611602783,-0.4693425297737121,-0.1263845413923263,0.4840159714221954,-0.3180535137653351,-0.3546625971794128,0.4179584980010986,0.3845674991607666,-0.1171512454748153,1.1854907274246216,-0.5989495515823364,0.4140498638153076,0.3314343392848968,0.4171215295791626,0.197724312543869,0.2486430704593658,0.3477166593074798,0.0276961978524923,0.411643385887146,0.0632825419306755,0.118790403008461,1.0481526851654053,0.6594823598861694,-0.0155564593151211,0.6942266225814819,-0.1477566659450531,0.1065890714526176,0.9082752466201782,0.5210177898406982,0.6927188038825989,0.2869593799114227,-0.080572210252285,-0.143041580915451,0.5369226336479187,1.0504631996154783,0.4520522058010101,-0.3815566003322601,-1.0843147039413452,0.4242238998413086,0.4428893625736236,0.7727795243263245,-0.11271483451128,0.5963641405105591,-0.5336257219314575,-0.4145865440368652,-0.0930271968245506,0.4222430884838104,0.1927646398544311,-0.4035003781318664,-0.4110448360443115,0.1082634553313255,-0.0029858634807169,0.0524127073585987,0.166703388094902,0.1684794872999191,0.3491660058498382,-0.12071093916893,0.3308565616607666,0.5550510287284851,-0.018241224810481,-0.1458954364061355,-0.93206387758255,-1.468620777130127,-0.5858704447746277,-0.053965974599123,0.1871979236602783,0.1993109285831451,0.6862973570823669,-0.7204278707504272,-0.1594906896352768,0.1600438356399536,-0.4500786960124969,0.8950967788696289,0.483115404844284,-0.3662504553794861,-0.1398576647043228,-0.0772723108530044,-0.0402719527482986,0.1948870122432708,-0.6461538076400757,0.3496512472629547,0.1929983347654342,-0.292580246925354,0.8708901405334473,0.5928434133529663,-0.952753245830536,-0.5800488591194153,0.2994386255741119,-0.7095662951469421,-0.3877021372318268,-0.1414899677038192,-0.1187630221247673,-0.226882517337799,-0.9625067114830016,-0.6216272711753845,0.1769756227731704,-0.3720604479312897,0.6183730959892273,-0.2944242060184479,-0.2436751723289489,0.3913763761520386,0.3015227615833282,0.3717937469482422,0.2275534719228744,-0.1137370243668556,-0.4073820412158966,-0.9319515228271484,-0.1594752222299575,-0.6824278235435486,-0.4467746615409851,-0.298469603061676,0.5496417880058289,0.4088552594184875,-0.3417203724384308,0.3422651588916778,-0.8266787528991699,-0.2169264554977417,-0.944948673248291,0.300152450799942,-0.2175954282283783,0.4510443806648254,0.2433313578367233,-0.5626786351203918,0.1603416502475738,0.3203263878822326,-0.2135343700647354,-0.4064880609512329,-0.1030912548303604,0.1624127775430679,0.153968408703804,0.3976919949054718,-0.4147221446037292,-0.0498390197753906,0.1031231135129928,0.6804152131080627,1.0598911046981812,-0.1469211876392364,-0.6755654811859131,-0.4156228601932525,0.7218894958496094,-0.8200952410697937,-0.5111777186393738,0.0852808803319931,1.0379979610443115,-0.4341500699520111,-0.0093580558896064,-0.0931151360273361,-0.2131607830524444,0.1918867975473404,-0.6069152355194092,0.0588084161281585,0.1086339578032493,-1.049772024154663,-0.0527109093964099,0.4001291394233703,0.2348199486732483,0.3815994262695312,-0.1056061089038848,0.2873418629169464,-0.2647623121738434,0.0589905194938182,0.1709464490413665,-0.1004977151751518,-0.5174713134765625,-0.1428467333316803,0.6444472670555115,0.2665767967700958,-0.8470263481140137,-0.1114944517612457,0.6196324229240417,-1.261491298675537,-0.3067860305309295,0.4951604306697845,0.4625239670276642,-0.806296706199646,0.3060609698295593,0.7664307355880737,0.5978373289108276,-0.3235744833946228,-0.4803456664085388,0.4361900687217712,0.680817723274231,-0.3462209403514862,-0.766511082649231,0.4465742707252502,0.1413706839084625,-0.1029802933335304,-0.540488064289093,-0.4225925207138061,0.2654396593570709,-0.0956962928175926,-0.2448957860469818,-0.4192146956920624,-0.1646664142608642,-0.3066335022449493,-0.1862993538379669,0.2451054602861404,-0.0318525545299053,-0.0467939153313636,0.695682168006897,-0.4298053383827209,0.2943534851074219,-0.7330169677734375,-0.4372770488262176,0.266561895608902,1.275129795074463,0.4799474477767944,0.6537413001060486,-0.7526010274887085,-0.1445199996232986,0.5737951993942261,-0.2828126549720764,0.7841343879699707,-0.7082526087760925,0.3595519959926605,-0.2249900996685028,0.4486998617649078,0.1162942722439765,-0.312129944562912,0.2356796860694885,-0.7608378529548645,-0.673935055732727,0.2672902941703796,-0.0121579803526401,0.5657185316085815,0.1676893681287765,0.0501080378890037,1.1467639207839966,0.0960680320858955,0.2769872546195984,-0.271636962890625,-1.2229118347167969,-0.2898721396923065,-0.818493664264679,-0.0662508532404899,-0.1926941573619842,-0.1408600509166717,0.6379884481430054,-0.5304189920425415,0.1868663430213928,-0.1202046424150466,-0.4112637639045715,0.2442872375249862,-0.3000135421752929,-0.6347482204437256,0.0767916440963745,-0.0052538914605975,-0.5005415678024292,0.9109095931053162,-0.0007811538525857,0.5739177465438843,-0.3620568215847015,-0.639089047908783,0.5519065260887146,-0.296102374792099,0.0041193105280399,-0.0016299751587212,0.1267074197530746,-0.2287810444831848,-0.2666354477405548,-0.1437699347734451,0.0704218074679374,-1.0117563009262085,0.5357574224472046,-0.4320216178894043,0.0675554797053337,-0.0848605036735534,-0.2459176182746887,-0.7839255928993225,-0.2140903323888778,0.0649926662445068,-0.1526171118021011,0.1472381502389907,0.3655463755130768,0.192785158753395,-0.4598661065101623,0.4447408616542816,0.5818700790405273,0.773893415927887,-0.2916417717933655,0.6764229536056519,-0.2633430957794189,0.1170301362872123,0.3807166218757629,-0.636992871761322,-0.5004210472106934,0.4088150560855865,0.2970898449420929,-0.4510889947414398,-0.2047666013240814,-0.3112285435199737,1.1695051193237305,-0.2776446640491485,-0.454189658164978,0.902678370475769,-0.3502555191516876,0.3743431270122528,1.0348628759384155,0.7548885345458984,-0.3306185603141784,0.8137053847312927,0.2189303785562515,0.4164632558822632,0.0481533221900463,-0.4062684178352356,-0.2302813231945037,0.8682974576950073,-0.0690934285521507,0.0666430816054344,0.7246530055999756,0.2387608587741851,0.2063861191272735,0.304114431142807,-0.0526445172727108,0.0919842198491096,0.3205940127372741,-0.1039949804544448,-0.344978004693985,-0.0909045413136482,-0.1859214305877685,-0.3086766302585602,-0.1104165613651275,-0.4009558856487274,0.3755174279212951,1.0586365461349487,-0.69407057762146,0.3782074749469757,-0.9081338047981262,-0.5527552962303162,-0.1388085484504699,-0.1920015960931778,0.0875670760869979,-0.8221295475959778,-0.3547230660915375,0.0455889664590358,0.100279651582241,-0.4144933223724365,0.1088500693440437,0.3550724685192108,-0.2159822881221771,-0.3159510493278503,-0.813616156578064,0.1168316379189491,0.7964914441108704,-0.5838242173194885,-0.3934233486652374,0.060257464647293,0.1438681185245514,0.7519621849060059,-0.8378763198852539,-0.4993960857391357,-0.388970673084259,-0.1639347821474075,-0.7298585176467896,-0.0774035155773162,0.1874646097421646,-0.6804988384246826,0.2744324803352356,0.0274815335869789,-0.2773340940475464,-0.6969039440155029,-0.2621581554412842,-0.1018723174929618,-0.5727987289428711,0.2523036897182464,0.1731978803873062,-0.2328196913003921,0.108727253973484,-0.1145984902977943,0.3019725382328033,0.7329968214035034,-0.3828904032707214,0.8873105049133301,0.0118421558290719,0.352819412946701,-0.810456395149231,0.5460114479064941,-0.7754442095756531,0.2387319207191467,-0.7294042706489563,-0.6843485832214355,-0.7158702611923218,-0.5920957326889038,-0.4448314309120178,0.6941059827804565,1.415650486946106,0.5825144052505493,-0.6701879501342773,0.2146046459674835,-0.1199929490685463,-0.4598611295223236,-0.5141260623931885,0.0787957608699798,0.0287131275981664,-1.562509536743164,-0.1510507017374038,0.1109620109200477,-0.5994253754615784,1.3839061260223389,-0.1814644634723663,-0.5518447160720825,-0.2039219886064529,0.4202861785888672,0.3994800150394439,-0.4896880388259887,0.0579875633120536,0.6398654580116272,0.2553820610046386,0.8101413249969482,-0.274228572845459,0.0906463786959648,0.1436778157949447,0.1233146637678146,0.0946904346346855,0.4151434302330017,0.4983032047748565,0.0801388993859291,0.8776180744171143,-0.6998874545097351,-0.6978878974914551,-0.6231597661972046,0.3570880591869354,0.1529397666454315,0.689155638217926,0.2196631878614425,0.7957811951637268,0.6500939130783081,-0.1513335853815078,0.0573428571224212,0.8899685144424438,-0.0597225539386272,1.2249330282211304,-0.5518271327018738,0.1374015361070633,-0.7722051739692688,-0.0206141173839569,0.9322041273117064,0.7353374361991882,-0.0895386338233947,-0.1536366045475006,-0.030578788369894,-0.5362865924835205,0.6016854047775269,0.3558008670806885,-0.1032327115535736,0.3825442492961883,0.2989633977413177,-0.4406847059726715,1.0371015071868896,-0.0341293402016162,0.2658805251121521,-0.6539269685745239,-0.0679441913962364,0.7289755940437317,0.4150844812393188,0.0939821302890777,0.7793418169021606,-0.2908057868480682,-0.6848353743553162,-0.1627069562673568,0.4638008773326874,-0.5895224809646606,0.6393943428993225,-0.0029510802123695,-0.5359312891960144,0.7100718021392822,0.655490517616272,0.3547017872333526,0.3587740361690521,-0.5897667407989502,0.1178450062870979,-0.1086761206388473,-0.1629100739955902,0.3958805501461029,0.2954218983650207,0.4053311049938202,0.0414086431264877,-0.8010706305503845,0.4483011364936828,1.3589962720870972,-0.0052117416635155,-0.092074379324913,0.3095720112323761,0.0476359650492668,-0.3680016994476318,0.1139998286962509,0.3104340732097626,-0.2435269206762313,0.2289800196886062,-0.2655230164527893,-0.3084410727024078,-0.1917210221290588,-0.1111677139997482,0.836298406124115,0.1016987338662147,-0.1079253777861595,-0.1257338672876358,-0.0497482158243656,-0.7834899425506592,-0.0943723171949386,-1.2535018920898438,-0.8204447031021118,-0.0228514838963747,0.079421080648899,0.1268144994974136,-0.0876045674085617,-1.0506716966629028,-0.3635828495025635,-0.3436509370803833,-0.780060350894928,-0.2888449728488922,0.2456021755933761,0.4450479447841644,-0.0233513191342353,-0.6451221704483032,-0.3198616802692413,0.4667545855045318,0.4408571124076843,0.2822818756103515,0.2906259596347809,-0.4739277958869934,-0.2051218152046203,-0.0680044218897819,0.5647624731063843,-0.0696877837181091,-0.4178608059883117,-9.239850997924805,0.4858905375003814,-0.6960218548774719,-0.0361793711781501,-0.2908546030521393,0.1097744330763816,0.7458534836769104,0.9021535515785216,-0.8397974967956543,0.8337070345878601,-0.4177514016628265,0.3903300762176513,0.6950947642326355,0.6229278445243835,-0.6647345423698425,0.0440518483519554,0.3326362371444702,-0.1166946589946746,0.6179511547088623,-0.1337971836328506,-0.4723475575447082,-0.8308966755867004,0.333613246679306,-0.35804483294487,-0.5387967228889465,0.3511967658996582,0.7182985544204712,0.211320474743843,-0.3411101400852203,0.7431811690330505,-0.708786129951477,0.2283969521522522,-0.0462522357702255,-0.4464648962020874,-0.3448687195777893,0.6354577541351318,0.4750964045524597,0.5005751252174377,-0.6288119554519653,-0.0984638035297393,-0.2708901166915893,0.7006009221076965,0.0804221704602241,0.0824451893568039,-0.1221666112542152,-0.0991153195500373,-0.1915300339460373,-0.0420115441083908,0.9884529113769532,-0.290996104478836,-0.0704822018742561,-0.7775848507881165,0.459912896156311,-0.9610315561294556,-0.3412564992904663,0.0553800277411937,-0.5966173410415649,-0.8167950510978699,-0.3448605835437774,0.1789460480213165,0.4906902015209198,0.3579187393188476,0.6264480352401733,0.1931654512882232,0.0191162060946226,0.154929056763649,0.4830325841903686,0.4936136901378631,-0.3643776178359985,-0.4921980798244476,-0.0711397528648376,0.0291632562875747,-0.4733636081218719,-0.1612384468317031,-0.1430217027664184,0.0011700104223564,-0.6814314723014832,-0.2017345577478408,0.7151430249214172,-0.0283666495233774,1.094463586807251,-0.1716654151678085,0.0287442691624164,-0.3106435239315033,0.1182713881134986,0.03754448518157,0.8500673770904541,0.6016170382499695,-0.007225947920233,-0.7786552309989929,0.437221348285675,0.5968304872512817,0.606789231300354,0.6270705461502075,0.1220488622784614,0.0347596146166324,0.8286532759666443,-0.122065931558609,0.8150589466094971,0.1964781284332275,-0.8990434,0.013624668,0.7675498,0.51388645,-1.0361774,-0.3842341,-1.6156176,1.1057732,1.7491928,0.7988341,0.7367871,-0.50774723,-0.9858239,2.226903,-0.45982662,0.23096377,0.51882744,-1.380152,0.87885964,0.5653031,0.2867607,0.7232551,0.31178403,-0.981025,0.9490753,0.27531573,1.3513039,-0.3782922,-0.47573078,-1.3402767,0.14779729,-0.12863311,-1.4133388,-0.13135488,0.06009703,-0.9550155,-1.5720277,1.0129701,0.16751184,-0.849619,-0.40592083,0.5226708,0.07785836,-0.86156845,-0.9560596,-0.14520662,1.8153534,-0.8351409,1.1269541,-0.22231811,-0.77854884,-0.17598005,0.2293834,0.8058988,0.37609115,-0.7639439,1.7498496,0.83517283,-0.4767996,-0.36116275,0.6389639,0.005613532,-0.3003244,-0.7411858,0.05994341,0.29374295,-0.3328057,0.5706373,0.10508994,0.058303315,-2.7838986,-1.8075994,-0.66051394,1.2905746,-1.4486278,0.44688734,-0.4469864,-1.2418318,0.22074005,-0.45251384,0.44968182,-0.71658176,-0.779871,1.6760141,-1.2295643,-1.760517,-0.19619307,-0.6004434,-1.0780576,-0.5447847,-0.8164365,-1.9272993,-0.9121207,-1.4021094,1.6734904,0.4255446,-1.0273345,-1.7444432,-0.9544847,0.05829011,0.1858807,1.1467003,0.8475533,-0.3498146,-0.7977206,-0.47746003,-0.59060013,-0.21331647,0.07070973,0.5111974,0.3387524,0.5888531,0.70625335,1.6846211,0.18998097,0.5894549,-1.3834788,-0.3286275,-0.55487037,0.6767819,0.95930165,0.8905114,-0.3917073,0.5631668,-0.39963198,0.62434286,0.14161249,-1.131197,0.37649035,0.9782393,0.20535511,0.3141376,2.4422247,1.041024,-0.7380999,-0.65619767,0.41815117,0.088621445,1.4062073,-1.5528774,-0.26324078,0.7848744,-0.35007894,0.0056699277,0.64194703,-0.9140818,-0.14607589,0.84430504,1.7571841,0.18820788,-0.5708911,0.23434618,-1.2357411,0.24086703,1.1527979,-0.12803747,-0.25175762,0.5586455,-1.3904902,0.96434593,-0.64573133,1.3208485,-0.88854253,0.9129842,-0.3349964,0.7057769,-0.54193497,0.66439795,-1.0810348,-2.2243352,-0.68150884,-0.57763493,0.5367798,-0.118038975,0.42832264,-0.3548958,-0.08630446,0.46549237,-1.437565,-0.78395295,1.3836626,1.1738651,0.113921486,1.3927383,-0.17029598,0.4822186,0.74221253,0.89694417,0.959733,0.09784738,1.7057667,-0.3626134,0.8198963,0.9835727,0.13988644,2.8753314,0.48381636,-1.4777622,-1.1798812,1.3062539,-2.1256251,-0.8412784,1.2683339,-1.6553904,0.88209957,-1.631126,-0.8092224,1.4178743,0.8002705,-0.11420396,-1.3741771,-1.3449875,1.3211792,1.0491259,-0.39572075,-0.092629395,-1.1803921,-0.12011851,-0.56770176,-0.66126466,1.4166226,0.9245589,0.011311359,0.86039305,-0.6186911,0.700674,-0.08150927,0.15017466,0.3163655,0.9740392,-0.39286944,0.58608806,0.43803942,0.54743063,-0.24609222,0.59534097,-0.15242639,0.7328567,-0.24738748,1.1411972,1.164404,-0.15300854,0.42681968,0.05018188,0.20370063,0.40112513,0.88780797,0.103157364,-1.6747009,0.22741005,0.39453384,1.105992,-0.009874693,0.42102322,-0.23584124,2.0621128,-0.31647646,0.14072606,-0.37929383,-0.89815754,-0.38689703,0.40946907,0.657413,0.09155527,0.07468799,-0.656294,-0.40762842,0.16790226,-0.08634308,-0.6824334,-1.3678683,-0.53959763,-0.48821408,0.30089375,1.0357045,0.5894516,-0.33628958,-1.1590765,-0.35903007,1.0718746,0.76073325,-1.8256251,-0.17737746,-0.45099816,-0.90964234,0.2189526,0.45225033,0.031681165,-0.100158624,0.46965748,-1.2695909,0.88696325,-0.03629969,0.7205246,1.7102851,0.2657236,0.825585,-1.1772835,-0.57496375,-0.35199466,0.7526946,0.4877181,-1.9679122,0.8556022,-1.0730917,-0.6148635,1.4855783,-1.3333663,-0.50426126,-1.0216833,0.06243252,-0.40522298,-1.1959101,1.9974543,-2.651159,1.687112,-1.980111,-1.0639765,-0.9467147,-0.5991941,-0.8558272,-0.4898138,0.29955164,-0.50724113,1.026381,0.35050774,0.6622615,0.4609614,0.10642191,1.7857759,0.05797928,0.19020079,-1.2462041,-1.4074243,-0.4325918,0.33375394,-1.3300647,-1.1667479,-0.81713843,-0.6762782,-0.3563413,-0.18140252,-0.507739,1.2043267,-0.13079405,0.44439963,-1.1870867,-0.7245511,-0.28113917,-1.1672556,1.3949722,-0.7506898,1.67899,-1.1186306,-0.5698946,0.17917168,-0.94580406,0.46186888,-0.23655187,2.0140524,0.23957157,0.7758446,0.56198883,0.059915688,0.27497262,-0.5392854,1.3071421,0.5034914,2.3772411,-0.38864708,0.16817659,1.2283752,0.264405,0.77939606,-0.36813268,0.12749131,1.0109434,-0.36973846,-0.63983005,-0.07912042,-0.029353807,-0.32411015,-0.053252324,0.74483275,0.50101,0.152673,0.67980456,0.21393779,-0.075837165,-1.3155836,-0.36544693,1.4207455,1.2128006,1.1061779,1.4238613,-0.3771037,-0.3755956,-1.795835,0.70470524,1.2378603,0.63438606,0.3938812,-2.0296133,1.0032154,1.107387,0.61909527,-2.2661889,-1.6950829,1.6697344,0.535954,0.29295346,1.5873353,-0.98789334,-1.7447367,-0.6211674,-0.7382424,-0.33195725,-1.0217831,-1.1202846,-0.05182108,0.07696739,0.6151153,1.1164695,0.8468257,-0.62462157,-0.92749786,-0.14018814,-0.10515901,-0.67841345,0.88133603,-0.12104665,0.5177046,-1.3318405,-1.0015062,0.38301638,-1.6215984,1.3199992,-0.24722645,0.13950185,-0.23178609,0.3009373,-0.85961473,0.61021847,0.20169133,-1.2888055,0.31401837,1.1679603,-1.9335409,-1.0324696,0.6165816,0.9512059,0.028179578,0.16031025,0.12651137,0.34434873,1.0699413,-0.0077107814,-0.4547083,0.09352086,0.15777202,-0.16129424,-0.5436162,-1.1678895,-0.5818627,0.93842196,-0.9769017,-1.5010027,0.8212132,0.16729227,-1.776818,-1.2054703,0.007494337,-0.32277143,0.79000777,0.6955057,-0.0036654265,-0.715598,-1.0703809,-0.30614164,-0.117078304,-0.4748993,-0.31486836,0.54528654,0.3695965,-0.96265495,0.33544308,1.2394378,0.12880296,2.012269,1.9916776,0.04467643,0.22831747,0.6977229,-0.2969126,-0.24580315,0.66288066,-0.72488064,-0.5317945,1.322108,0.26212266,-0.6432453,-0.18759303,0.9740819,-0.74273974,-1.0781269,0.08293244,0.60212886,1.4232057,1.5496725,1.4329617,-0.22010013,0.2395274,-0.5566207,0.9147204,-1.7415415,-0.5081552,-0.5820306,0.56376594,1.7618563,-0.47376823,0.25403437,0.9813809,-0.8046373,-1.3094999,0.50915825,0.72537273,-0.4309508,-0.7698903,0.392958,-1.2060013,-0.010248969,-1.4374918,-0.2644089,1.0499345,1.3248292,-0.3634249,0.0055056247,0.8222213,0.12236582,-0.87654954,0.18562439,0.530655,1.9103317,0.094676055,-0.52906096,0.9200987,0.20233993,-1.3763223,-0.12892112,-1.418151,-1.0287478,-0.23005539,-0.63530517,-0.40085185,-0.31517828,-0.8285949,1.566269,0.16051881,-0.31420487,0.9155286,-0.8901347,0.9559661,0.44592482,-1.0004258,1.52334,0.6079295,-1.4946332,1.2741437,-1.5246112,1.387115,-0.07720485,0.92873764,1.5354314,0.4887129,-0.5728633,1.4549631,-1.0988116,-0.038821384,-0.6018953,0.583132,-0.5867407,0.42940786,-1.654279,1.7262836,-1.2320914,-0.6103002,0.21112971,0.42187983,-0.6646353,0.27888253,-0.39948454,-0.0107728345,-0.16616657,-1.2805544,0.3590251,1.7157891,-0.4371287,-1.163467,0.24989809,0.7620232,-0.39394468,-0.0046294364,2.4761732,-0.054399017,0.21126607,-1.2713953,-1.2802012,0.93915915,-0.14907235,-1.3699248,-0.4935873,-0.3930107,-0.25457558,-0.094446674,0.022522878,1.0111947,-0.8554295,0.8058545,0.44890022,-0.86403686,-0.20772083,0.15012233,-0.40967405,-0.9558412,-1.710553,0.18833075,0.13112488,-0.8507438,0.69214016,1.0710845,1.5346076,0.574059,-0.24718404,-0.8753718,0.828404,0.8533156,0.6575514,-1.6771828,-0.93676364,-0.05635757,1.0086092,-0.3153178,0.17373654,0.40855825,-0.0862582,-1.9405144,1.1023688,-0.43270576,-0.03465618,1.0181485,0.36789414,-0.24854916,1.0612786,0.25228757,-0.12687582,0.17385174,-0.55715704,-0.32545897,-0.04903169,-1.0230367,0.3367131,-0.18123195,0.54915094,-0.3152871,0.10850791,-1.7796061,0.60271394,0.2569748,0.3824826,0.86984587,0.48339394,-1.4666163,-0.83185524,0.13354336,1.168162,0.78309196,0.102822095,-0.16771084,-0.59403396,1.5000126,0.84466857,0.019184394,-0.0076474217,-0.07374571,-0.03085202,-0.5554266,-1.2030072,-0.35831913,0.26474246,-0.04379268,-0.9033827,1.4221609,-1.8270795,0.65138143,-0.14849085,-1.7673552,-0.010656633,0.51920474,-0.31492484,2.567586,1.3258659,-0.93313956,-0.43179962,0.47069386,1.1031299,-0.75829786,0.012933278,-0.6875744,0.5935212,1.407782,0.48936108,-1.286008,-0.015059173,0.085637115,-0.33955625,1.2558018,-0.17519566,-0.5919849,-1.159872,-0.10907208,-1.2593067,-0.44999716,-0.5457395,0.0126719745,-1.2737212,0.67885196,-0.5470124,-1.5157051,0.6724109,-0.6317774,0.10021868,-0.5053441,1.3167933,0.45362526,0.22802506,0.242772,-0.6219808,0.00040978193,-1.1324477,-0.45990378,0.60582805,-0.6736471,0.803939,0.13519922,1.0765029,1.470882,0.18818301,-1.3820908,0.51828647,0.49397862,0.38339826,-0.42472064,-1.1294372,-0.6482882,0.28232253,0.43102968,1.5155997,-1.8509943,-0.5757593,-0.39242756,0.011739294,-0.15682203,0.64048815,0.45552233,0.3260462,1.9299312,1.3011725,0.44833744,-0.88829845,-0.6608914,1.0120546,-0.028797235,-1.5380547,-0.50652665,-1.3987738,1.7132574,1.2441496,0.4655289,0.5778355,-0.63734585,-1.5361651,2.5194564,-0.59189886,0.1107839,1.2664318,-1.1089525,0.16799287,0.23587,0.45262474,0.78508615,0.4095991,-1.2856381,1.007579,0.6305207,0.7253963,-0.21191697,-0.45759436,-1.0003847,0.43970466,-0.44878575,-1.4171625,-0.33877298,0.17525876,-0.75663364,-1.8821214,1.2949039,0.043670468,-0.78934616,-1.1261147,1.0145025,0.05157962,-0.6152953,-0.68178743,-0.022717122,1.6842011,-0.7028743,1.5996578,-0.35316643,-1.1742638,-0.5990119,0.75539726,0.81427157,0.24093273,-0.64257383,1.7917206,1.1436099,0.06468856,-0.65745294,0.20865352,0.18445091,-0.7170714,-0.99513006,0.1156512,0.6188809,-0.42702252,0.8262182,-0.05180968,0.15677145,-1.8870714,-1.9743887,-0.3332095,1.8438699,-1.485988,0.37262112,-0.31876597,-1.5749073,0.45408958,-0.4079372,0.6266264,-0.6077998,-0.6986872,1.3265959,-0.6854391,-1.7024275,-0.4725441,-0.9850701,-1.0139315,-0.34943888,-0.89608335,-1.687594,-1.6094877,-1.4481403,2.1130426,0.60994816,-1.1619184,-1.4548302,-1.2501491,-0.09960981,-0.088916145,1.4098495,0.9419242,-0.537958,-0.63115734,-0.5301309,-0.52455676,-0.18838255,-0.35585544,0.30375656,0.09370764,0.8477765,0.619696,1.3431637,0.5211988,1.0971584,-1.6352075,-0.6001954,-0.6044598,0.66528356,1.6261623,0.53293246,-0.63032264,0.51140314,-0.4170354,1.2164955,0.045987505,-1.0209357,0.05663052,0.45128632,0.70180494,-0.04176433,2.5182347,0.8124403,-0.79494363,-0.8666509,0.26206332,0.4634594,0.6983027,-0.8792469,-0.36405522,0.40543222,-0.08854723,-0.37938863,0.613397,-0.89275086,-0.026392555,0.8394751,1.936371,0.2770099,-0.30883402,0.49476895,-1.8427398,0.16486594,1.3395368,-0.57660896,-0.10994993,1.0881631,-1.1945944,1.096689,-1.1622379,1.3548849,-0.6393255,1.1256326,-0.26644477,0.6510724,-0.68604654,0.39094883,-1.196611,-2.3704166,-0.6786583,0.24186055,0.8703316,-0.16128944,0.5210946,-0.6777191,-0.0934462,0.7733115,-1.5235946,-0.5882973,1.5978663,0.70985353,0.10232655,1.6683378,-0.29952934,0.70936525,0.7254389,0.76018655,0.6265119,0.13161455,1.660716,-0.9273396,1.3506572,1.1455709,0.61581385,2.7832985,0.9020764,-1.3659812,-1.7312491,1.4087518,-2.814573,-0.70399314,0.762414,-1.918453,0.8998766,-1.688998,-0.4726089,1.3467239,0.3943812,-0.099786416,-1.1912463,-1.2929465,1.1927322,0.9919203,-0.22649257,0.24830592,-1.129208,0.081759825,-0.97779673,-0.9269729,1.3994545,1.1524856,0.46527097,0.33633476,-1.113609,0.86481196,0.12552108,-0.17727841,0.1886069,0.90160197,-0.8090023,0.5062322,0.49981156,0.3352882,-0.3551577,0.5955137,-0.041328933,0.7756361,-0.09446206,0.8737088,0.93377334,-0.48086065,0.338514,-0.40988493,0.40747818,0.81906927,1.3869574,-0.13352515,-1.8509935,-0.90992314,0.152341,1.1005622,0.19012539,0.56255335,-0.025001388,1.3318933,-0.5636788,0.11834382,-0.39798656,-1.0735253,-0.24821366,0.38699222,0.7263132,-0.25385925,0.37666303,-0.9353401,-1.1349069,0.7049297,0.3822123,-0.7934805,-1.2226704,-0.7879452,-0.5297155,0.06844286,0.74737936,0.21752417,-0.16751276,-1.611554,-0.3622807,0.99296135,0.9222619,-2.0320015,0.11703074,-0.14510249,-1.1326948,0.1770292,0.27616748,0.07312441,-0.094126284,0.30046016,-0.8414756,0.6719929,-0.38391063,0.8067023,1.5089735,0.38281938,1.352762,-0.7285062,-0.36411807,-0.10044726,0.84779316,0.14879142,-1.6561575,0.9627806,-0.7791135,-0.68203354,1.910169,-0.8625722,-0.6086878,-1.3039287,-0.1405198,-0.6874584,-1.1826669,1.9455011,-2.4399474,1.4550527,-1.6456716,-0.19816099,-0.85278904,-0.7485239,-1.3051327,-0.48074982,0.42373523,0.022926947,0.27308384,0.5467714,0.14275812,0.47648928,-0.39182067,1.6508512,0.103733875,-0.061912674,-1.2023824,-1.2433554,-0.19453524,0.67689,-1.4796479,-0.5131106,-0.5991583,0.07804126,0.050010893,-0.31869683,-0.93807536,0.9107603,-0.24193504,0.20218901,-1.2099874,-0.95587736,0.017085878,-1.2550691,1.2582496,-0.4873759,1.5839864,-1.0555496,-1.1364226,0.51954263,-0.6339383,0.30290577,0.27558416,2.0581515,0.60502136,0.92950195,-0.04174435,0.8739966,-0.21977794,-0.47611067,1.8944665,0.46777147,2.057586,-0.19464764,-0.19275488,1.7680504,-0.18507276,0.9167085,-0.16747908,-0.022637364,1.7040259,-0.68996656,-0.72794694,-0.121343024,0.07797503,-0.43436518,0.10864858,0.8606106,0.2380104,-0.10195486,0.6381923,0.612095,0.0062871748,-1.6913989,-0.44776726,1.0121373,1.4396759,1.0512615,1.2759801,-0.26770705,-0.15268476,-1.5805848,0.14820151,1.4383715,1.1922902,0.13624747,-1.6382645,1.038959,0.62517965,0.8562198,-2.1420767,-1.3256394,1.3688189,0.5320316,0.025296034,1.6021183,-0.77397126,-2.2285075,-0.59932244,-0.41163224,-0.7073293,-0.6821547,-1.1420673,-0.0065669245,0.45476526,1.0136479,1.0653658,0.9595705,0.16536848,-0.9501007,0.04551071,-0.093151994,-0.59393567,0.7458703,-0.23306605,0.7590952,-1.5265073,-0.8283772,0.5084427,-2.4481735,1.4018317,-0.23619303,0.29801038,-0.32171634,0.40653938,-0.8273223,-0.0463094,-0.17334129,-1.0728948,-0.16786268,0.8994699,-1.96741,-1.1217784,0.9486073,0.717835,-0.5010586,0.07987513,0.69946367,0.041327663,0.9042558,-0.17327738,-0.795956,-0.52706945,-0.26069677,0.26975098,-0.62848216,-1.3789546,-0.6631185,0.8430665,-0.90704536,-1.529659,0.79388076,0.45259044,-1.4371549,-1.3156203,-0.0782337,-0.42743278,0.27037504,0.9576205,0.011400872,-0.32557482,-1.0258019,-0.21435745,-0.36082786,-0.311556,-0.73539066,-0.008487226,0.27511406,-0.9364556,0.53051454,1.78394,0.36088964,1.8989333,1.6116227,-0.061367605,0.37313083,0.88900965,-0.4657895,-0.1841987,0.7087273,-0.69605446,-0.7905033,1.2118695,0.026459185,-0.76076573,-0.085543156,0.84679323,-0.7379115,-0.77652746,-0.083586805,0.44270274,1.0766255,1.7340281,1.8391091,0.25378534,0.2207859,-0.51701564,0.5470894,-1.6830528,-0.5392063,-0.5538173,0.47955224,2.246575,-0.6578622,0.39968824,1.1292158,-1.3343917,-1.2324919,0.108549476,0.4117884,0.05532819,-0.57966465,0.77874166,-1.4641075,0.43527398,-1.6580715,-0.113863416,0.75701106,1.1542442,-0.791901,0.56002444,0.9819727,-0.015291704,-0.7402422,-0.39688185,0.39362654,2.0805643,-0.452765,-0.59902096,0.64405864,-0.14505307,-1.9142606,0.015200223,-0.78715056,-1.2930393,-0.3918598,-0.14805858,-0.3418451,-0.08812761,-0.9438483,1.2241734,0.08107781,-0.052296154,0.469101,-1.3540856,1.1141906,0.6256379,-0.810283,1.671302,0.87563485,-1.2688674,0.56457096,-1.9594669,2.3928516,-0.49492517,0.95612526,1.7422962,0.5459525,-0.4727797,1.2401407,-0.85608304,0.15508227,-0.8865009,0.6750351,-0.5457847,0.32451746,-1.6509945,1.3281628,-1.1469208,-0.4268252,0.21028455,1.0087447,-0.6240258,0.5584819,-0.22797649,0.22729288,0.092177086,-1.3358171,0.4411555,1.8175461,0.025091993,-1.0066397,0.26288015,-0.05604012,-0.6436512,-0.17383397,2.343285,0.15231173,0.4492342,-1.5172733,-1.5617392,1.0168307,-0.20154211,-1.7705114,-0.67535216,-0.2978423,0.1302295,-0.06253537,-0.5747415,1.0785083,-0.5188559,0.62945986,0.63931847,-0.3671927,-0.011936038,-0.026888533,-0.49891695,-0.5936026,-1.2042037,0.48060685,0.40918002,-0.9984028,0.8994304,1.3954222,1.6044185,0.68948275,-0.39778444,-0.7785791,1.26194,0.3707146,0.8770995,-1.4637672,-1.698824,0.67223155,1.1238285,-0.29679942,0.4085591,0.47655657,-0.20573033,-1.8084661,1.0545319,-0.2218814,-0.4594745,0.9896181,0.13064267,-0.19655026,0.98764706,0.16113384,0.57506526,0.053182196,-0.7624137,-0.28041545,0.13926402,-0.9597602,0.66475594,-0.56715,0.7112576,-0.69934416,0.35640243,-1.7910521,0.9307119,-0.11005201,0.33738807,0.84031016,0.39983916,-1.7169756,-0.6067233,0.042572465,1.3569733,1.1432925,-0.18437055,-0.2500577,-0.30861172,1.3118713,1.0417771,0.14436314,-0.20823848,0.14352973,-0.21878834,-0.5569549,-1.0606921,-0.701457,0.29711333,0.32261524,-1.1280786,1.8265344,-1.9952943,0.530152,-0.008562906,-1.942489,-0.30226967,0.27011055,-0.0651062,2.3558998,1.2185186,-0.3760803,-0.36859128,0.97099537,0.95282453,-0.93783516,-0.19518067,-0.8531942,0.64599055,1.494201,0.5702705,-1.2649146,-0.20338881,0.7581367,-0.39470175,1.2046562,-0.09611773,-0.63320595,-1.0667086,-0.19174583,-0.65360755,-0.38708514,-0.33658576,0.7318983,-1.3233664,0.9706206,-0.6459835,-1.6713659,0.9303516,-0.58003026,-0.038121898,-0.8185107,1.0992409,0.5438792,0.57599366,0.67369473,-0.73304015,0.014486655,-1.4912091,-0.668748,0.618256,-0.6949477,0.9237777,0.63829976,0.76416045,1.6415378,0.26379463,-1.8989894,0.63853025,0.24745686,0.7976519,-0.5795503,-1.1467825,-0.4173076,-0.20274882,0.3616972,0.9414285,-1.6158496,-0.3001749,-0.4088485,0.3885079,0.007246293,0.44898337,0.3382285,0.58324516,2.0430982,0.8824155,0.4143693,0.0
ジ,-0.0100214332342147,0.4461148381233215,0.2003464698791504,-0.2067271023988723,0.3342565596103668,0.5825340747833252,0.1378790140151977,-0.4267190396785736,0.0389542765915393,-0.1113385558128357,0.6690093278884888,0.3815953135490417,-0.0952585190534591,0.8155671954154968,0.747376024723053,-0.018252020701766,-0.4170157015323639,0.041298784315586,-0.1564437597990036,-0.5087376832962036,-0.3435235619544983,-0.3927550315856933,-0.2096480280160904,0.2566508650779724,0.0741200223565101,-0.3121402263641357,0.8433265686035156,0.1259272396564483,0.1995710134506225,-0.3225462436676025,-0.3579211235046386,-0.4111571907997131,-0.062152624130249,-0.3486011922359466,-0.2946461141109466,0.5347570776939392,-0.1270705461502075,-0.3335020840167999,-0.0971235260367393,0.2260398715734481,-0.069513127207756,-0.2577291429042816,-0.4632132351398468,-0.126044288277626,0.0298516917973756,0.2478335797786712,0.1631641089916229,0.855596661567688,0.1189589723944664,0.0316295213997364,-0.4505270719528198,0.1347232609987259,0.6416125893592834,-0.6061719655990601,0.3866943418979645,0.1527968645095825,0.1072345525026321,-0.6746329069137573,0.0725263431668281,0.3057975471019745,-0.4721206128597259,-0.2460338473320007,0.146462932229042,-0.22758848965168,-0.2799389958381653,0.0173462182283401,0.1382643580436706,-0.6576265096664429,0.041691418737173,-0.3806819021701813,-0.2010374218225479,0.0256067961454391,-0.2728955149650574,-0.6197906136512756,0.4623660743236542,-0.2210893481969833,0.2906224131584167,-0.1562500298023224,0.0286910198628902,-0.0280692186206579,0.2713328897953033,0.1817231923341751,0.1478074640035629,-0.3067505061626434,-0.018903836607933,-0.1755945086479187,0.1442403793334961,-0.6992747783660889,0.1980832368135452,-0.1916834712028503,0.3948193788528442,0.2466425001621246,0.0713792741298675,0.5188827514648438,-0.1596650779247284,0.4732264578342438,0.3128400146961212,-0.3140199184417724,-0.2847960293292999,0.3398603498935699,0.2958993017673492,-0.2359478324651718,-0.3248588442802429,-0.2956352829933166,-0.183599978685379,0.3228357434272766,0.2186215966939926,0.6713829636573792,-0.3062913119792938,-0.2198359966278076,-0.3704079985618591,-0.0130989775061607,-1.1698122024536133,0.4216699302196502,-0.1587253510951995,0.3729763627052307,-0.3892260193824768,0.592440664768219,-0.5764734148979187,0.4450108408927917,0.1043102964758873,0.6697586178779602,0.1808355450630188,-0.4323664307594299,-0.1399239599704742,0.3534651398658752,0.1521589159965515,0.1217341497540474,-0.1517942547798156,-0.3322159647941589,0.0135374628007411,-0.3174194693565368,-0.3092275857925415,0.2971655428409576,-0.2093675285577774,0.5364091992378235,-0.168283075094223,0.1129536107182502,-0.4038125574588775,-0.6421869397163391,0.326682448387146,-0.2361463755369186,0.1701386868953704,-0.4720698893070221,-0.0147565845400094,-0.3093755841255188,-0.7662899494171143,0.1979310810565948,0.0421015061438083,-0.0411884412169456,0.1340590566396713,1.2808810472488403,-0.5205340385437012,-0.2320532649755478,0.4019608497619629,0.5120290517807007,-0.772689163684845,-0.0854186192154884,0.1209556609392166,0.8008987307548523,0.0736651942133903,-0.4372304379940033,0.1057094037532806,0.9356663823127748,0.2362465858459472,0.2013206332921981,0.2489122748374939,0.0756383836269378,0.067915603518486,0.6331797242164612,0.3281669914722442,0.5423556566238403,0.2093433439731598,-0.1970787942409515,0.1853650063276291,0.4939700663089752,0.6448161005973816,0.0268502049148082,0.8710300922393799,-0.6525570154190063,-0.1960748583078384,-0.4325997531414032,-0.034626580774784,-0.5311254262924194,0.1986938863992691,-0.0477702505886554,0.0602716915309429,0.3745969831943512,-0.0302401836961507,0.1318089962005615,-0.3607194423675537,-0.0817932859063148,0.1872734725475311,-0.3159791827201843,-0.3419380187988281,-0.3066174685955047,0.0133242337033152,0.3896776735782623,-0.4278683960437774,0.5612427592277527,-0.1932727992534637,0.1784220933914184,-0.2879428267478943,-0.5050184726715088,-0.5698269009590149,0.2255627959966659,0.3956661522388458,0.5529943704605103,0.1877130270004272,0.3194053173065185,-0.3324354588985443,0.2237314730882644,0.5874159932136536,0.3710174858570099,0.0532363131642341,0.1106704548001289,-0.4662575125694275,-0.2021751552820205,0.4281511306762695,-0.4315254986286163,0.0054248049855232,-0.073562316596508,0.5364202260971069,0.3437685668468475,0.1804202198982238,0.5832900404930115,0.1554504632949829,0.3485153317451477,-0.1091998890042305,0.9835529923439026,-0.4691744744777679,-0.3641368746757507,-0.7098663449287415,-0.1134844422340393,-0.3555029630661011,0.5352964997291565,-0.0289258528500795,0.3101888000965118,0.2642475366592407,0.2603269219398498,0.2802911698818207,-0.407964140176773,-0.0771073251962661,-0.2702600359916687,-0.351430743932724,0.525258481502533,0.1955152750015258,0.07370126247406,-0.3095744550228119,0.1896762698888778,-0.3676189482212066,-0.7585857510566711,0.6058294773101807,-0.2547982037067413,0.8534225225448608,0.2893773019313812,0.3493823409080505,-0.2929123938083648,0.3465931713581085,-0.1701524406671524,0.1369262039661407,-0.0250340905040502,-0.0214528888463974,0.1354445219039917,-0.4497857093811035,0.5297163724899292,0.0045046447776257,-0.1522299349308014,-0.3709197640419006,-0.1695676147937774,0.5493357181549072,-0.6973177790641785,-0.4683493375778198,-0.1437297016382217,-0.1837968826293945,0.259372740983963,-0.1694224923849105,0.6445883512496948,-0.03992360830307,0.0982512384653091,-0.7376658320426941,0.053797110915184,-0.1704596281051635,0.3024925887584686,0.3114630877971649,-0.0572238154709339,-0.2976404428482055,-0.052647516131401,-0.5908828973770142,0.5091879367828369,0.5111374258995056,-0.4440585970878601,-0.4970794320106506,0.5493896007537842,-0.3625126779079437,0.3491093218326568,0.1094297617673873,-0.0913067609071731,0.3252731561660766,0.5910090804100037,0.6467095017433167,0.518164336681366,-0.0619563311338424,-0.3329721689224243,0.0325245223939418,-0.3102217316627502,-0.3918766677379608,0.0763004347681999,0.5543646216392517,-0.828743040561676,0.2124541848897934,0.3753014802932739,-0.2232863903045654,-0.309832900762558,0.454652726650238,0.5646108388900757,-1.8614472150802608,-0.2868987321853637,0.5070669054985046,0.3263166844844818,0.2150085419416427,0.3670950531959533,0.3429079353809356,0.0883300974965095,-0.5523837804794312,-0.8639543652534485,0.4532935619354248,-0.1270482242107391,-0.5683120489120483,-0.1985221207141876,0.0343791209161281,-0.0290908571332693,-0.0443374551832675,-0.5257378220558167,-0.1320760250091552,-0.0250126700848341,0.1974911987781524,0.0332975797355175,0.2564193308353424,0.0485620200634002,-0.3937535583972931,0.3245881199836731,-0.1788155734539032,0.2333051860332489,-0.7047357559204102,-0.4263374805450439,0.4347612857818603,1.1284518241882324,0.2566022872924804,0.2542922794818878,0.1894829124212265,-0.2048801928758621,0.2993088364601135,0.4321606755256653,0.3298102021217346,-0.0227694623172283,-0.3470210433006286,-0.4674303233623504,-0.0341797843575477,0.127504676580429,0.3067416548728943,-0.4561903476715088,-0.0902281701564788,0.4789241552352905,-0.561182975769043,0.2856596112251282,0.3517807424068451,0.0445211790502071,0.439253032207489,0.5219826698303223,0.7044289112091064,-0.1003462374210357,-0.2597616016864776,-0.6640712022781372,0.0862636640667915,-0.1694637089967727,-0.2152359783649444,-0.0037379912100732,-0.037585262209177,0.1672681421041488,-0.1651919335126876,0.1348978281021118,-0.5318079590797424,-0.3199983537197113,0.5268796682357788,-0.9727811217308044,-0.3600610494613647,-0.7073832750320435,-0.2157343029975891,-0.9284873604774476,0.6259952783584595,0.4301169514656067,-0.0453046448528766,-0.2549226880073547,-0.4529131054878235,-0.3303466737270355,0.2590771019458771,-0.1081475466489791,-0.1441695839166641,-0.0747664123773574,-0.1175473928451538,-0.126063272356987,-0.2299167066812515,-0.2504305839538574,-0.6674779057502747,-0.687096357345581,-0.7379676103591919,0.4264472126960754,0.011549855582416,0.3703707158565521,-0.1196424141526222,0.0092842951416969,0.3134652078151703,0.5507477521896362,-0.8073722124099731,-0.4270676076412201,-0.8221161365509033,-0.0480820834636688,0.4144588112831116,0.1921740770339965,0.3401658535003662,0.0383800528943538,-0.1449027955532074,0.1326222121715545,-0.1429063826799392,0.0860245376825332,0.0785081014037132,-0.5538708567619324,0.5957590341567993,-0.4050998091697693,0.5136348009109497,0.103572741150856,0.021919272840023,0.3891885876655578,-0.5561472773551941,-0.7081577777862549,0.0851314663887023,0.543742835521698,0.1528389006853103,0.4785825908184051,0.1950583755970001,0.6162661910057068,-0.325685054063797,0.5738236308097839,0.1184166073799133,0.0241437181830406,0.1760716885328292,0.0258331876248121,-0.0676297917962074,0.0588949583470821,0.4060139060020447,0.4620808362960815,0.2516327202320099,0.4282296001911163,-0.2424118220806121,0.2812103629112243,-0.5283713936805725,-0.0122654661536216,-0.197051391005516,0.6467752456665039,-0.2108417451381683,-0.1136711463332176,-0.3557253181934356,-0.2212539762258529,-0.8020423054695129,-0.0789907947182655,0.6033090353012085,-0.0722285658121109,0.4542657732963562,-0.1887448281049728,-0.994379997253418,-0.3097491860389709,-1.0166457891464231,0.145336776971817,-0.357231855392456,-0.0681411698460578,0.5160689949989319,0.0102302515879273,-0.2163619846105575,0.0794195458292961,-0.0010458499891683,0.3121488392353058,0.2198501527309417,-0.4577728807926178,-0.5495520830154419,-0.120112232863903,-0.0660774037241935,-0.2804999947547912,0.6161945462226868,0.3224723935127258,-0.5029318928718567,-0.580091655254364,-0.4946557581424713,-0.1741540282964706,-0.1278233826160431,-0.1885053515434265,0.3654950857162475,0.3941722810268402,-0.3549345731735229,-0.3093935251235962,-0.2514438331127167,-0.2029741704463958,0.1405357867479324,-0.4498496651649475,-0.2793738842010498,0.1277271807193756,-0.2217486649751663,0.4186283648014068,-0.2695428133010864,-0.258131593465805,-0.2841829359531402,0.4303856492042541,0.5701822638511658,-0.4343756139278412,0.070078320801258,-0.5120134949684143,-0.3338540494441986,0.0701214149594307,0.3514096140861511,0.3553298413753509,0.508428156375885,-0.0239475723356008,-1.2148053646087646,-0.0241990983486175,-0.1539367288351059,-0.7110911011695862,0.4436495006084442,-0.0836603417992591,0.539884090423584,-0.802808403968811,0.2732632458209991,-0.1906687468290329,0.0531463846564292,0.0489589720964431,0.231379359960556,0.0474247746169567,-0.5142139196395874,-0.1752418130636215,-0.4204238057136535,-0.8531799912452698,0.5915541648864746,0.1712082624435424,-0.6037121415138245,0.5658934116363525,0.9185777902603148,0.2008765190839767,-0.1920527517795562,0.2464937567710876,-0.3132420778274536,-0.2207616418600082,0.3243313431739807,-0.1310821175575256,0.220110222697258,0.2248619943857193,-0.6197734475135803,0.07603570073843,0.8553460836410522,0.7420825958251953,0.4290173053741455,-0.4375355243682861,-0.385810375213623,-0.2965812683105469,-0.1550638526678085,-0.1872174143791198,0.6996172070503235,0.6053849458694458,-0.6302120685577393,0.5640348792076111,0.5720075368881226,-0.3439831435680389,-0.1183026358485221,0.3818842768669128,-0.0589851848781108,0.3258855044841766,0.3507783412933349,-0.4077003896236419,-0.6564672589302063,0.4340358674526214,0.3714032769203186,-0.1635899543762207,0.3883540332317352,0.0976219624280929,0.1142938807606697,-0.2628639936447143,-0.3687946498394012,-0.0446604192256927,0.2734473049640655,0.3494465351104736,0.8391513228416443,0.1931324452161789,0.5874687433242798,0.2555857300758362,-0.6434949040412903,0.2599631249904632,0.1516667604446411,0.5949500203132629,1.1254066228866575,-0.0640235990285873,0.4041164815425873,-0.5781620144844055,-0.3243054151535034,0.4134878814220428,0.1714972704648971,-0.0374137125909328,0.7143582701683044,-0.4727584719657898,-0.1041902154684066,0.402953028678894,0.7660955786705017,-0.0942149087786674,-0.3116682469844818,-0.6853976845741272,0.0859517827630043,0.1645761877298355,-0.4058179855346679,-0.0506104193627834,-0.0026975225191563,-0.092921108007431,0.1183482334017753,-0.5833629965782166,0.2135052382946014,0.617022693157196,0.2362265735864639,-0.1480822414159774,0.0822852179408073,0.6105338335037231,-0.2191322594881057,0.8490549325942993,0.1402471959590912,-0.1976934820413589,-0.1913759112358093,0.2005552053451538,-0.063443973660469,-0.3704484105110168,-0.1985414624214172,0.2594742774963379,0.1904946118593216,-0.2127362787723541,-0.3236459493637085,-0.488263875246048,0.1480939239263534,0.0147656202316284,-0.6647154688835144,0.2238396257162094,0.0970194190740585,0.2682518064975738,-0.1884968131780624,-0.0114288767799735,-0.0466295517981052,-0.3845919370651245,-0.2589959800243377,0.0978487655520439,-0.3275773227214813,-0.6052401661872864,0.4691154360771179,0.0483716949820518,-0.0497022755444049,-1.539390206336975,0.6371816992759705,0.0939938649535179,0.4694846570491791,0.0578735694289207,0.1303277462720871,0.0279808863997459,-0.0726406648755073,-0.1785824000835418,-0.255781888961792,0.5153771042823792,-10.124610900878906,0.1499407440423965,-0.4236412048339844,-0.2521030604839325,0.310397207736969,0.3353217542171478,0.7421223521232605,0.4909781813621521,-0.463964968919754,-0.1511501222848892,-0.1803655475378036,-0.7060151696205139,0.0130994021892547,0.3248774409294128,-0.3532500565052032,-0.3930433094501495,-0.3367491066455841,-0.470731109380722,-0.3386858999729156,-0.1764924675226211,-0.1404595077037811,-0.0387392863631248,0.8494841456413269,0.7804096937179565,-0.3667426705360412,-0.583509087562561,0.3114739656448364,0.0002593790122773,-0.0299503076821565,0.0457691438496112,-1.0418025255203247,1.0101447105407717,-0.1650519967079162,-0.036324817687273,0.2303778082132339,0.45511394739151,0.295992761850357,0.4698315262794494,-0.2837126851081848,0.2784066200256347,0.5506539940834045,0.0006368074682541,-0.0946063846349716,-0.6342467069625854,0.4746670424938202,0.5368584990501404,0.7809856534004211,0.2322216480970382,0.2853550910949707,-0.2989865839481354,-0.4016168415546417,-0.3018435835838318,-0.0633141547441482,-0.1273027509450912,0.6963346600532532,0.0144364014267921,0.5958866477012634,-0.6769208908081055,-0.0035966639406979,-0.0192232504487037,0.5025248527526855,-0.2713034152984619,0.4535301029682159,0.1705180704593658,-0.2206269055604934,0.2905128300189972,-0.4600411355495453,0.3437642157077789,-0.4624422490596771,0.218388170003891,-0.0954822674393653,0.2361189872026443,0.2366071939468383,0.1092242300510406,-0.4589227735996246,0.4059797823429107,0.0228025522083044,0.0377873368561267,0.4390877187252044,-0.3609616458415985,0.2047397494316101,-0.246830329298973,-0.1848710179328918,0.1235186532139778,-0.8025051951408386,0.0496708303689956,0.3030591011047363,-0.3343059122562408,-0.0189714264124631,-0.9487137794494628,0.3285576701164245,-0.3284171521663666,-0.0931068882346153,0.6323469281196594,0.1875442266464233,-0.3590897023677826,0.0741059556603431,0.3721418082714081,0.5906628370285034,-0.4323238432407379,-0.8189476,0.015850117,0.68878067,0.864405,-1.4223735,-0.5054678,-1.1535099,1.4647242,1.6000481,-0.077369206,0.29602292,-0.6825382,-0.9598022,2.379023,-0.4530978,0.03464002,1.5413247,-1.6406568,0.45301446,0.3072803,0.20971344,0.8038625,0.5331516,-0.824171,0.8416761,0.17702904,1.2403412,-0.3148665,-0.20512812,-0.90734875,0.17187478,-0.6812354,-1.0305296,-0.028487,0.014571139,-1.1728765,-1.4921035,0.87705994,0.29879278,-0.41252288,-0.0730384,0.5677845,0.20055877,-0.23706993,-0.18852735,0.042314496,1.532601,-0.596634,1.5257143,-0.36776417,-0.938245,-0.21213321,1.0250682,1.1316327,0.30670804,-0.47863096,1.2178103,0.59819347,0.122282855,-0.62153,0.29360598,0.1681403,-0.8439209,-0.0997176,0.3517502,0.5195345,-0.49760696,0.045277197,-0.25503352,-0.062196672,-1.8974607,-1.8286369,-0.21204452,0.8640002,-1.400117,0.7885285,0.047849953,-0.9107528,0.9196828,-0.05893944,0.304645,-0.16745694,-1.1957678,1.4126617,-0.9085827,-0.80919975,-0.5010425,-0.5109713,-1.3133678,-0.4676414,-0.38216513,-1.5393589,-1.2130486,-1.1931317,0.92645466,-0.014354995,-0.90178967,-1.5368223,-1.5814766,-0.085393645,0.50715345,1.0236962,0.74250615,-0.41526714,-0.84687996,-0.35196325,-0.2547726,-0.28446856,-0.16451454,0.88823116,0.24095263,0.30162007,0.4060077,1.6344135,0.88979656,0.60096914,-1.1358317,-0.24690075,-1.0049803,0.32242417,1.296911,0.9032985,-0.5740486,0.44516745,0.06306021,0.5605625,0.4714817,-1.0072826,0.34903368,0.17499004,0.9206077,-0.41932824,2.2501836,0.8419,-0.8139237,-0.56745106,-0.049399886,0.18318398,1.0090775,-1.2697308,-0.56312436,0.6031949,-0.30112734,0.13139668,0.97156733,-1.1496223,0.2886796,1.0474502,1.3280916,0.33019212,-0.63505447,0.0018724373,-1.4773064,0.0051575387,0.97272056,-0.5139183,-0.09362823,0.30017188,-1.4248838,1.3453363,-0.42167434,1.5089512,-0.57644826,0.21303512,0.06783054,0.39630273,-0.64385843,0.9258665,-0.80039114,-2.1313374,-1.0008403,-0.10032606,0.17021027,0.032288343,0.47026086,-0.109318666,-0.014601702,0.1934274,-0.9012885,-0.4813762,1.0732219,0.91793126,0.38268194,1.5192598,0.17005661,0.6000532,0.26928005,0.5902299,0.5978239,0.47880748,1.1714157,-0.14343521,0.627212,1.4702623,0.57471275,2.7905524,0.4336207,-1.3603605,-1.5628973,1.1776011,-1.8931395,-0.726389,0.67647886,-1.3599924,0.66818935,-1.0987562,-0.6489585,1.1473497,0.8675881,-0.25566772,-1.0823215,-1.1498586,0.6472183,0.4486569,-0.5909427,-0.044463914,-0.6674634,-0.06751885,-0.44722065,-0.27405307,1.0561979,0.80418354,-0.40817457,1.2720674,-0.66663074,0.3561005,0.33083862,-0.03885406,-0.24875072,0.6555336,-1.215022,0.71610415,0.7869871,0.40524265,-0.38783222,0.41027707,-0.49433026,1.1905919,0.10553037,1.3312359,0.6494136,-0.18121351,0.41504663,-0.32192284,0.3758748,0.21874775,1.7881874,0.16446473,-1.8275012,0.02554868,0.62301916,1.0540594,-0.1778814,-0.004664936,0.2338803,1.2430001,-0.2611732,0.06484467,-0.75498396,-0.65094507,-0.022744725,0.46918514,0.2818125,0.016113427,0.062254112,-0.5555956,-0.7095949,0.44954687,-0.016306223,-0.79736954,-0.796133,-0.66915387,-0.84742105,0.6710367,0.35930103,0.2456135,-0.28534883,-0.758365,-0.8404398,0.6622433,0.6172268,-1.9082181,-0.58967936,-0.31105286,-0.862824,0.3334277,0.20525825,-0.085393205,0.28250286,0.81243914,-1.3665701,0.831587,-0.44752172,1.0631212,1.5448314,0.26259437,0.82049996,-1.074088,0.44023162,-0.7432423,0.48137644,0.20311694,-1.7286397,0.85142595,-1.0620099,-0.8548616,1.0509673,-1.3805008,-0.5505043,-0.9159278,0.15808153,0.02222885,-0.9728256,2.3394814,-2.2480834,1.5601372,-2.0237598,-0.36086908,-0.41976562,-0.38362965,-1.0885953,0.39791065,0.4106271,-0.25299463,1.0582943,0.1621526,0.43309018,-0.11600595,-0.027322058,0.9957253,-0.10058512,0.36201152,-1.1540514,-1.7858309,-0.5954784,1.1390082,-0.90487117,-1.55323,-0.9728593,-0.32535914,-0.32065052,-0.3661485,-0.4361413,1.1757681,-0.08601601,0.41298574,-1.2134168,-0.24677594,0.03551001,-0.8135392,1.2108288,-0.32595867,1.5447131,-0.84529066,-0.59672433,0.3532784,-0.9668118,0.14726076,-0.6644312,1.6517516,0.34824052,0.42169324,0.3684933,0.12338428,-0.058198147,-0.76747113,1.6133649,0.24280798,2.2756026,-0.4289189,0.13285947,1.1858007,-0.14280704,0.7168762,-0.43132663,-0.43686885,1.4111067,-0.0572775,-0.40725088,-0.5466856,-0.36599046,-0.24270187,0.27821892,0.677754,0.25309065,-0.21472238,0.5529285,0.43268225,-0.10828812,-1.5388317,-0.13816805,0.9611718,0.76253384,0.7780413,1.5377805,-0.55281126,-1.061703,-1.8014613,0.35538536,1.3317087,0.40298218,0.77974224,-1.3332956,0.1324293,0.6863299,0.45193955,-1.5179461,-1.8993353,1.570754,0.93477863,0.31059033,1.2719115,-0.80631435,-1.6536405,-0.54668885,0.1682626,-0.13236175,-0.9302812,-0.9297513,0.3906781,-0.110800914,0.58981615,0.66704047,0.4768639,-0.5016921,-0.2901635,0.6830682,0.1558268,-0.73411876,-0.26826495,-0.11096688,0.41197136,-1.0550406,-0.69627315,0.39400527,-2.1328318,0.73243505,-0.337833,-0.07116844,-0.24247272,0.050132036,-1.0002555,-0.08668438,-0.13550968,-1.3868493,-0.30039686,0.35205773,-1.3037002,-1.79746,0.695625,1.3833797,-0.8861732,0.6150723,0.50200623,0.31459123,1.0905713,-0.1374701,-0.34877136,0.37759438,-0.32085195,-0.2633472,-0.40114754,-1.0036086,-0.11121456,0.32190666,-0.9398418,-1.4609553,0.74247277,0.4753806,-1.7502439,-1.0366468,-0.15940073,-0.8417496,0.52822024,1.016959,-0.28399327,-0.32397053,-1.0492109,-0.46010208,-0.17410788,0.1398528,-0.47428942,0.3078532,0.5822153,-0.5725433,0.43990278,1.5850986,0.21871468,1.7557827,1.5855798,0.25415593,-0.054588217,0.6610824,-0.5572434,-0.30765668,0.2172462,-1.1965673,-0.895893,0.66739184,-0.22737439,-0.84305274,0.06852352,0.62231535,-0.29314885,-0.10651035,0.20498116,0.5640136,1.5142467,1.4752327,1.4352195,0.23164967,-0.27131453,-0.3813847,0.4584735,-1.1879151,-0.7359217,0.14451313,0.76269656,1.9942709,-0.3334538,-0.098010235,1.1326494,-0.8069747,-0.8684686,0.86156243,0.53790176,-0.62074167,-0.32518855,0.33919984,-1.2881802,0.26011735,-1.6381632,-0.09307889,0.77936065,1.1835612,-0.3434972,-0.4441447,0.31990975,0.5751155,-1.01464,0.5959278,0.5519169,1.5785608,0.031157987,-0.57469326,0.85686445,-0.37602887,-1.6828619,-0.1084755,-1.3976339,-0.9492744,0.26318145,-0.17909005,-0.26215038,-0.36715132,-0.3865896,1.3651994,0.5897373,-0.12753126,0.7243346,-0.85545284,1.0422128,0.043452587,0.009729172,1.3057524,0.35482532,-1.4399785,0.5294064,-1.3100339,1.5197469,-0.22207806,0.65468186,1.07503,-0.0011726831,-0.07736571,1.4040086,-0.57564384,-0.53373617,-0.82704943,0.7103297,-0.28272447,0.0826009,-1.7163322,1.4253696,-1.7298992,-1.194637,0.038850386,0.32046255,-0.22889066,-0.7372378,-0.40118217,-0.019607319,0.6855156,-0.906525,0.64070326,1.5492092,-0.5868186,-1.0331792,0.3711924,0.7925777,-0.24381961,-0.32823366,2.616309,-0.18637916,0.7204458,-1.3170817,-1.3489244,0.8054609,-0.3801096,-1.2843297,-0.38664475,-0.08464269,0.16411412,0.16002308,-0.73413837,0.9358265,-1.3067089,0.33832708,0.8651209,-0.6675483,-0.0146121,0.21833996,-0.2809762,-1.291524,-1.3747615,0.30947256,0.37799424,-0.5572694,0.83431494,0.5294154,1.564024,0.7647683,-0.17575386,-0.34455892,1.1231997,0.83532387,0.671728,-1.500189,-0.8711495,0.14836788,1.3311871,-0.3732694,0.60191715,0.30887142,-0.3688887,-1.905431,1.0883368,0.037349064,-0.35541624,0.86984175,0.8107165,-0.23223586,0.83606386,-0.02196911,0.02965957,0.13446234,-0.5877258,-0.40142778,-0.06323312,-1.1217108,0.5314163,-0.6165741,0.23830424,-0.33958244,0.24995542,-1.700136,0.37177458,-0.17209801,0.12676354,1.2930946,0.62578046,-0.93825465,-0.45505708,-0.293755,1.1796525,0.8784679,0.25850174,-1.296622,-0.50010556,1.3882084,1.023001,-0.06412865,0.1960018,0.099298716,-0.506952,0.16913578,-0.9842042,-0.27634543,0.008877413,0.12683721,-0.88908416,0.9863577,-1.8012145,0.7521182,-0.18032233,-1.0687461,0.012145321,0.7986499,-0.4806514,2.5508366,0.9756499,-0.63523525,-0.16760157,1.0945789,0.9038879,-0.612137,-0.7015401,-1.0894,1.0208437,1.549927,0.59011525,-1.2837427,-0.68806565,0.017543955,-0.32977244,1.9468472,-0.43418652,-0.82387936,-0.707863,-0.49436024,-1.500373,-0.15584719,-0.17854215,-0.09886298,-1.575334,0.87478095,-0.6646756,-0.8189053,0.79587066,-0.5490386,-0.41409716,-0.7737466,1.2225069,0.89229405,0.78680676,0.46059853,-0.4417235,-0.34819666,-0.6117031,-0.86813635,0.51622593,-0.2568249,0.5660172,-0.11406743,0.94246155,1.4244689,0.13276151,-0.6995486,0.67516387,0.20208512,0.39712343,-0.017694091,-0.6699513,-0.23326895,0.14914405,0.15909371,1.1560295,-1.73747,-0.7755755,-0.4222004,0.19024928,0.31515965,0.9482163,0.20097497,0.5271713,1.7905171,1.0575702,0.16408192,,,,,,,,,,,,,,,,,,,,,,,,,,,,,,,,,,,,,,,,,,,,,,,,,,,,,,,,,,,,,,,,,,,,,,,,,,,,,,,,,,,,,,,,,,,,,,,,,,,,,,,,,,,,,,,,,,,,,,,,,,,,,,,,,,,,,,,,,,,,,,,,,,,,,,,,,,,,,,,,,,,,,,,,,,,,,,,,,,,,,,,,,,,,,,,,,,,,,,,,,,,,,,,,,,,,,,,,,,,,,,,,,,,,,,,,,,,,,,,,,,,,,,,,,,,,,,,,,,,,,,,,,,,,,,,,,,,,,,,,,,,,,,,,,,,,,,,,,,,,,,,,,,,,,,,,,,,,,,,,,,,,,,,,,,,,,,,,,,,,,,,,,,,,,,,,,,,,,,,,,,,,,,,,,,,,,,,,,,,,,,,,,,,,,,,,,,,,,,,,,,,,,,,,,,,,,,,,,,,,,,,,,,,,,,,,,,,,,,,,,,,,,,,,,,,,,,,,,,,,,,,,,,,,,,,,,,,,,,,,,,,,,,,,,,,,,,,,,,,,,,,,,,,,,,,,,,,,,,,,,,,,,,,,,,,,,,,,,,,,,,,,,,,,,,,,,,,,,,,,,,,,,,,,,,,,,,,,,,,,,,,,,,,,,,,,,,,,,,,,,,,,,,,,,,,,,,,,,,,,,,,,,,,,,,,,,,,,,,,,,,,,,,,,,,,,,,,,,,,,,,,,,,,,,,,,,,,,,,,,,,,,,,,,,,,,,,,,,,,,,,,,,,,,,,,,,,,,,,,,,,,,,,,,,,,,,,,,,,,,,,,,,,,,,,,,,,,,,,,,,,,,,,,,,
ン,0.0031761368736624,-0.0607978403568267,0.0868006199598312,-0.661807656288147,0.0111189065501093,0.3265124261379242,0.1916644126176834,-0.4045667350292206,-0.4292081892490387,-0.4083045125007629,0.5463610291481018,0.2070582807064056,-0.3826923966407776,0.0625517517328262,0.7951143980026245,-0.442884236574173,0.3125962615013122,0.3438512980937958,-0.0523972958326339,0.0517843142151832,0.0978624746203422,-0.5571790337562561,-0.2747199833393097,0.0472691729664802,-0.0459600277245044,-0.3686332702636719,0.2244462519884109,-0.082312487065792,0.0983265489339828,-0.2376643419265747,0.1591430008411407,-0.4425821006298065,-0.0801399499177932,-0.2665002346038818,-0.0309830289334058,0.0108848055824637,-0.0690804943442344,0.2679064273834228,0.2063704431056976,0.1932753026485443,0.1479707956314087,0.0076370746828615,0.1948626637458801,-0.1712042689323425,-0.0528566688299179,0.1627152562141418,-0.0894470736384391,0.1004108041524887,0.591101348400116,-0.2889629006385803,0.1374229490756988,0.5501917600631714,0.4750784933567047,0.1716260015964508,-0.0601437613368034,0.3185002207756042,0.8224498629570007,-0.557417631149292,-0.1149771809577941,0.1276140511035919,-0.5706307291984558,0.2014473527669906,-0.3595708608627319,0.2332155704498291,-0.2315685451030731,0.1064353063702583,0.0359065234661102,-0.1417602002620697,-0.3781137466430664,-0.3540096879005432,-0.0274864323437213,0.402396023273468,-0.6046552658081055,-0.3359215855598449,0.5048612952232361,-0.1393412053585052,0.3976526856422424,-0.1794541180133819,0.0227434691041708,0.1814790219068527,-0.1187740936875343,0.2268717288970947,-0.0903581604361534,-0.6762161254882812,0.0569993667304515,0.0246051810681819,-0.2300129532814026,-0.5120596289634705,0.1248785406351089,-0.4493535459041595,-0.1133277118206024,-0.2073936313390731,0.3074301481246948,0.0145306037738919,-0.1841437220573425,0.1837277859449386,-0.0620439946651458,-0.2285856008529663,-0.0833185613155365,-0.0128377340734004,-0.4649055302143097,0.2861506342887878,0.1150683984160423,0.1076434478163719,0.0551507472991943,0.1075687184929847,-0.1809568107128143,0.3812497854232788,-0.139119878411293,0.4462940990924835,0.2862721383571625,-0.2635545432567596,-0.2679628133773803,0.0520831122994422,-0.1249072924256324,0.0026477477513253,0.0267717316746711,0.2469020783901214,0.0302001107484102,0.3710814416408539,-0.1098586171865463,0.4699374139308929,0.0058718807995319,-0.0616717003285884,-0.2280991375446319,-0.1406721770763397,0.0704468786716461,-0.3091879487037658,-0.0072021726518869,-0.3812822103500366,0.1617260724306106,-0.0414503291249275,-0.5856931209564209,0.2547442615032196,-0.1138062626123428,0.4811491072177887,0.130574569106102,0.0783994868397712,-0.391741931438446,-0.5688015818595886,-0.0319120548665523,-0.2438270598649978,0.3643069565296173,0.0948860645294189,-0.1718646436929702,0.2716177403926849,0.3198012709617615,0.1311369985342025,0.7376388907432556,0.5044369697570801,-0.2001553475856781,0.7393048405647278,-0.4966245889663696,-0.0050921100191771,0.2593344748020172,-0.1624211370944976,-0.4992667436599731,0.4151813089847564,-0.1086982414126396,0.6080097556114197,0.1552628129720688,-0.3181414604187011,0.2967957556247711,0.8420257568359375,0.1295166760683059,0.7175630331039429,0.3213450014591217,0.4221847653388977,0.605125904083252,0.5966471433639526,-0.1656567007303238,0.5463995337486267,0.3133746683597564,-0.3287399113178253,0.2963298261165619,0.005749715026468,0.0374555811285972,0.5076952576637268,0.1681631803512573,-0.9266054034233092,-0.1957228630781173,0.1941849142313003,0.052257839590311,-0.4191427528858185,0.7755953073501587,0.0066946446895599,0.5302921533584595,0.2605101466178894,-0.0696816518902778,-0.184170588850975,-0.0372766554355621,-0.0098567195236682,0.2622301578521728,-0.4053263068199157,-0.5704964995384216,-0.1914510577917099,0.0944606438279151,0.0508277006447315,-0.4833554029464721,0.4180681705474853,0.3133998513221741,-0.036971129477024,-0.2730249464511871,-0.8953977227210999,-0.8142644166946411,-0.2519980072975158,-0.1531452983617782,0.2973617613315582,0.0147576453164219,0.0984799936413765,-0.2799798250198364,-0.3443861305713653,0.3409165143966675,0.0603276640176773,0.2964895069599151,-0.0570669658482074,-0.9990729689598083,0.0238197539001703,0.0489080734550952,-0.0346764251589775,0.1864619255065918,0.0158124044537544,0.2862429022789001,-0.5115312337875366,-0.2338037192821502,0.1353099048137664,0.1608468294143676,-0.2106554061174392,0.1547987461090088,0.5374172329902649,-0.066332496702671,-0.1900498867034912,-0.8293370604515076,0.2218030542135238,-0.0450445711612701,0.4054462313652038,-0.6599977016448975,0.6992177963256836,0.018104126676917,-0.002429557731375,0.5482659935951233,0.3278791010379791,0.1139019280672073,0.2349071204662323,-0.3641423285007477,0.3448559641838074,0.1526006162166595,-0.4325889348983764,-0.6531708836555481,-0.5379634499549866,-0.927617609500885,-0.3598898649215698,-0.0856102630496025,0.1103380993008613,0.4773735404014587,0.0974730402231216,0.2282249182462692,-0.4778967201709747,0.1223301813006401,-0.3653758764266968,-0.3753630220890045,-0.4723738431930542,-0.2525172531604767,0.0311940945684909,-0.1930955797433853,-0.2202931046485901,0.0085229333490133,-0.555094838142395,-0.7384956479072571,0.1608379185199737,0.0788786187767982,-0.3683903217315674,-0.4114533364772796,0.0641935840249061,-0.1213461458683013,-0.3295978009700775,-0.011258372105658,0.254391461610794,-0.3797242045402527,-0.0208807196468114,-0.6492891907691956,0.6138627529144287,-0.6307557225227356,-0.3399337232112884,-0.1044942960143089,0.0166841223835945,-0.1446605622768402,-0.4678792357444763,-0.1896993815898895,0.7635605931282043,0.2990688681602478,-0.138578861951828,-0.3641351163387298,-0.4979437291622162,-0.5783031582832336,0.4369446933269501,0.4176512956619262,0.1074473783373832,0.0878961756825447,0.402312695980072,0.5334050059318542,0.1978185474872589,0.2844682931900024,-0.1847484111785888,-0.2366843223571777,-0.2725338637828827,-0.1306344270706176,0.0627033412456512,0.4482207596302032,-0.305838406085968,-0.122567318379879,0.9938422441482544,-0.4593415260314941,-0.3654066920280456,0.7318883538246155,-0.0670155808329582,-1.3997195959091189,0.2089877426624298,0.4641358256340027,0.339649885892868,-0.481524795293808,0.7123547792434692,0.1878018230199813,0.5769309997558594,-0.2344101518392563,-0.4898486137390136,0.5672318339347839,-0.1247627809643745,-0.4136821627616882,0.4254004061222076,0.1543496400117874,-0.5032008290290833,-0.0087127489969134,-0.4590893089771271,-0.2126435190439224,0.4482419192790985,-0.1862764656543731,-0.0274078119546175,0.0112516330555081,-0.4013431370258331,-0.24400494992733,0.3090179860591888,-0.0148792658001184,-0.5374107956886292,-0.5534104108810425,-0.2894331514835357,0.3393507897853851,1.0581037998199463,0.144974336028099,0.6220086216926575,-0.4687284231185913,0.4528188407421112,0.3884975910186767,0.1073685884475708,0.5571797490119934,0.2764184772968292,-0.2424703538417816,-0.2158079594373703,0.5627112984657288,0.415305495262146,0.106074534356594,-0.0443860217928886,0.1336534172296524,0.0635653510689735,0.1826259046792984,-0.1055840924382209,0.6502776145935059,-0.141808420419693,0.3536523282527923,0.5146189332008362,0.2330994606018066,-0.0900570750236511,0.0781622529029846,-0.4576899111270904,0.1094290018081665,-0.8406364917755127,0.5045748353004456,-0.0283449869602918,-0.0218085329979658,-0.0520893447101116,-0.1031492948532104,-0.4371600151062011,-0.017949478700757,-0.1399894803762436,0.2675392627716064,-0.5081573128700256,-0.5338950753211975,0.1077740564942359,-0.0689213573932647,-0.283149242401123,0.171120136976242,0.3129028677940368,0.4287918210029602,-0.5326884388923645,-0.4094868898391723,0.7733538150787354,0.0162159632891416,-0.0072541129775345,0.5614296197891235,0.1175485625863075,-0.0760221034288406,-0.211329385638237,-0.4428883790969848,-0.2046450078487396,-0.7780249118804932,-0.3564236462116241,-0.4528417289257049,0.2160809636116027,0.2362763434648513,0.3225845992565155,-0.1116638481616973,-0.0470034219324588,0.0703728720545768,0.1373246610164642,-0.0632245987653732,-0.65218186378479,0.2310350388288498,-0.1592269390821457,0.5896809101104736,0.8067646026611328,0.1587326377630233,-0.2732491493225097,-0.1715768128633499,0.2116468995809555,0.2313543707132339,0.1230284571647644,-0.6485904455184937,0.0193797163665294,0.5927419066429138,-0.0951088666915893,-0.2243158966302871,0.1123715043067932,0.3114649355411529,0.461230456829071,-0.276660680770874,-0.382485032081604,-0.0353952907025814,0.3318245410919189,-0.0521954633295536,0.3872840106487274,0.0941041409969329,1.028633952140808,0.2518595159053802,-0.0752753987908363,0.2339671552181244,-0.3081791698932647,-0.0724743828177452,-0.2201147973537445,0.2931573987007141,0.1904922127723693,0.0927618965506553,0.5092480778694153,0.1100455299019813,-0.3637725114822387,-0.2760427296161651,-0.0828023701906204,0.3296189904212951,0.1685519069433212,0.0973466262221336,0.2866364419460296,-0.5149614810943604,-0.0037491263356059,-0.3459472954273224,-0.4577270150184631,-0.1330947428941726,0.1084762662649154,0.6005651950836182,0.1605362296104431,0.5439375638961792,-0.5331707000732422,-0.3257345259189605,-0.3711455166339874,-0.4540835320949554,-0.1340912729501724,-0.2620345950126648,0.2089841961860656,0.1866414099931717,0.1436269432306289,-0.4567202031612396,-0.3661319315433502,-0.0883623957633972,0.3650775253772735,0.0215740874409675,-1.0030871629714966,-0.4105854034423828,0.6311589479446411,-0.1848551332950592,-0.3698974549770355,0.1036599949002265,0.236632689833641,0.1726095229387283,-0.2160039544105529,-0.0213409829884767,-0.168961226940155,0.3041289746761322,-0.0161232110112905,0.4921342730522156,-0.09644266217947,-0.2044597864151001,-0.332964688539505,0.0566480383276939,-0.2578245103359222,-0.3340344727039337,-0.572498619556427,-0.3068805336952209,-0.0457549095153808,0.1794564574956894,0.1167832538485527,0.4510316550731659,-0.2446545511484146,0.4985246956348419,0.031571552157402,0.1467853039503097,-0.0906953960657119,0.2868809998035431,-0.2875887453556061,-0.1965115219354629,-0.1932107657194137,0.5326632857322693,0.2681797444820404,0.3176998496055603,-0.2003336399793625,-0.5330439209938049,-0.1281498223543167,-0.2392009794712066,-0.519485592842102,0.5827149152755737,0.0900339633226394,0.5456182360649109,-0.1836076378822326,0.2240788340568542,-0.1907528638839721,-0.0015128852101042,-0.3930225670337677,-0.1054306253790855,-0.1078258082270622,-0.8340499997138977,-0.186623215675354,-0.3212255537509918,-0.4420482516288757,0.5200933218002319,0.2669086158275604,-0.6013787388801575,-0.3170128464698791,0.1425212919712066,-0.034273512661457,-0.4507310092449188,-0.0893237888813018,-0.5125720500946045,0.1827784180641174,0.487899512052536,0.4282651841640472,0.4144729077816009,-0.2689167261123657,-0.6819618940353394,0.1487437039613723,0.7066802978515625,0.1276256442070007,0.2586115002632141,0.1338995993137359,-0.0630201920866966,0.0068775373511016,-0.3611669242382049,0.5995979905128479,0.3284713923931122,0.6112343668937683,-0.1593673080205917,0.5796571373939514,0.5704997777938843,-0.2039690464735031,0.27096688747406,0.9044501185417176,0.39722540974617,0.6367554068565369,-0.0577708259224891,0.036823458969593,-0.5470572113990784,0.2953176200389862,-0.2784082591533661,0.2505327463150024,0.2955975830554962,-0.3873145580291748,-0.0106711722910404,-0.4470608234405517,0.0582158118486404,0.3540639281272888,-0.2572919130325317,0.0640492439270019,-0.1530279666185379,-0.5277718901634216,0.3817476332187652,-0.158414676785469,-0.0710591152310371,0.1840384602546692,-0.0350280739367008,0.4537293612957001,0.528607189655304,0.2899109721183777,-0.0413019880652427,0.2188134342432022,-0.6566449999809265,0.0871488004922866,-0.4678245782852173,0.2556524276733398,0.8074514269828796,0.1066321358084678,-0.7058013081550598,0.1147244274616241,0.7123931646347046,-0.3560422956943512,0.0612720251083374,-1.0915507078170776,-0.1837315112352371,-0.1110924184322357,0.1160295903682708,0.1151471585035324,-0.1754621565341949,0.4969201385974884,-0.3079700171947479,-0.1208853498101234,-0.2617020308971405,0.7547056078910828,0.0675808936357498,-0.2036011964082718,-0.0834806710481643,0.0529114045202732,-0.0520556680858135,0.2553771734237671,0.0519331432878971,-0.4064322412014007,0.1175331100821495,-0.0400002636015415,-0.2948659062385559,-0.0202174540609121,0.4066607654094696,0.1878072172403335,0.0256806910037994,0.2268457561731338,-0.0400772243738174,-0.8691291809082031,-0.2082367241382599,0.3324902355670929,-0.942822277545929,-0.0735208243131637,-0.1429763734340667,-0.1136432737112045,0.3548907041549682,-0.1476150751113891,-0.3494469225406647,0.015733528882265,-0.295113205909729,-0.0524454191327095,-0.1219716221094131,-0.5856705904006958,-0.0685122907161712,0.2011014968156814,-0.0997806042432785,-1.0749133825302124,0.1433800905942917,0.1807161569595337,0.3349646627902984,0.0505462624132633,0.51595139503479,0.2372927665710449,0.0397394374012947,0.4213206768035888,-0.229931965470314,0.179247185587883,-10.382081985473633,-0.4448930025100708,-0.3652932643890381,-0.183305487036705,-0.3692849576473236,0.4921149015426636,0.6921905279159546,0.3035148084163666,-0.2524159848690033,0.4128586649894714,-0.3018664121627807,0.2482895404100418,0.1434746235609054,0.9373087286949158,-0.4286087155342102,-0.1827657520771026,0.3007826209068298,0.082112118601799,0.0640494301915168,0.3107931613922119,-0.2130162268877029,-0.4070342779159546,0.6020965576171875,0.0759041309356689,-0.0683071687817573,-0.3665779531002044,-0.2489219903945922,0.2341049611568451,-0.1814572066068649,0.1103604510426521,-0.6091642379760742,0.5347440242767334,0.1003084331750869,0.3639244735240936,-0.7448790669441223,-0.2301767915487289,-0.0891357064247131,0.2333881556987762,0.3847591280937195,0.5595882534980774,-0.0836476907134056,0.6774351000785828,0.2649302184581756,-0.4228098094463348,0.853337287902832,-0.2344857007265091,0.3338377773761749,0.5192164182662964,0.2750162482261657,0.1354071348905563,-0.1363216787576675,-0.6438022255897522,0.0042162416502833,-0.4347541332244873,-0.1330995559692382,-0.1422829777002334,0.3304428160190582,-0.6977059245109558,0.0330822952091693,-0.1127327904105186,0.4786390364170074,-0.273013710975647,0.6636946201324463,-0.0587224513292312,-0.3250734508037567,-0.1605715006589889,0.0656867250800132,0.6946278810501099,-0.5975626111030579,-0.2920809686183929,0.5590290427207947,-0.2730327248573303,0.2166372835636139,0.4055890440940857,-0.4609197080135345,0.2656212449073791,-0.1926836967468261,-0.177279993891716,1.1196138858795166,0.0746123492717742,0.4504166543483734,-0.0480197295546531,-0.4257279634475708,0.1747554093599319,-1.0736651420593262,0.4939015209674835,-0.1731966435909271,0.1242589876055717,0.3955589532852173,-0.4195772707462311,0.582466721534729,0.0015246457187458,-0.3316822946071625,0.1182079017162323,0.481196790933609,0.0666705295443534,0.4595232307910919,0.0795234888792038,0.923289954662323,0.1367945075035095,-1.0597199,-1.357523,0.34027317,1.5422106,-0.9203609,-0.14772318,-1.947243,-0.1384612,1.0958833,-0.80267364,0.7198086,0.28963494,-1.9503725,2.3204513,-1.7678752,-0.6306037,1.2860849,-1.3857555,0.033651203,-0.33385214,0.6623132,0.27997917,0.8369374,-0.7244359,1.5251541,1.0511758,-0.16256168,-0.7495918,-0.48966324,-0.8516005,-0.34011066,-0.03126782,-1.0944717,-0.2504323,0.55376893,-1.3471074,-1.6239462,1.184344,-0.22760466,-0.5249464,-0.80274194,1.0098114,-0.2418989,0.15539701,-0.8861511,-0.4600554,2.17007,-0.47362474,0.26300603,-0.7091291,-0.71292675,0.48213127,-0.45092136,1.1421121,0.3098157,-0.07958241,0.7798854,0.81113106,-0.108791865,-0.056924306,-0.15824258,1.6160328,-1.1239958,0.49944693,0.7392791,1.2928317,0.23177876,-0.1786412,-0.432604,0.34546828,-2.1283026,-1.0947149,-0.57014054,1.4964747,-1.4511105,0.833413,0.28197628,-0.439636,0.36042914,0.31609017,0.37283832,-0.030406326,-0.24613121,1.4656858,-0.95602655,-0.7278439,-0.9457221,0.078608006,-2.0170555,-0.77552915,-0.10958164,-2.469378,-0.9083799,-2.023521,1.0238144,-0.09753758,-0.07490129,-0.054549083,-1.7975473,0.05782655,0.50995076,0.7025853,-0.2009014,0.10439792,-0.3084877,-0.20507804,-1.0452687,-0.21938558,-1.2674567,1.1871618,-0.5925493,0.32607004,1.519871,2.1420798,0.66908973,0.90112996,-0.9898356,-0.9894497,-0.44932783,0.60128486,0.7235739,-0.06303452,-0.10108529,0.63529956,0.36075884,1.1868758,-0.04246119,-0.6240786,0.5344602,-0.21288058,0.8926327,-0.31648797,1.9740674,0.9179697,-1.0433927,0.062335357,0.023553312,0.5886338,0.8013355,-1.1466389,-0.7217778,0.003744945,-0.15452924,-0.24357516,-0.102113076,-1.6202219,0.6093577,0.38201305,1.5677271,0.15440765,0.13318878,0.11684161,-0.64919937,0.2119259,0.45941213,-0.110681,0.15639582,0.005358726,-0.99707586,1.7584449,0.73167944,1.1119341,-1.1566865,0.59173083,0.10344377,1.0659132,-0.8185973,0.90726453,-1.6543257,-2.4119465,-0.59807837,0.10725616,-0.26421982,-0.34567332,1.0831761,-0.8146508,1.2376008,0.17828123,-1.4841106,-0.078058586,0.6428751,0.6571743,-0.5242089,1.6641593,-0.5422693,0.3304411,0.9364027,0.3527406,0.5215478,0.055015683,1.330035,-0.5193439,0.3452696,0.8938159,1.091006,2.222278,0.33833307,-2.7113986,-0.643215,0.3176906,-2.1518605,-0.022197772,0.64593965,-0.17168489,1.2683556,-0.9880491,-1.1287533,2.4626036,1.1938287,-0.02215305,-1.5978453,-1.2488794,0.4630952,0.31440294,-1.1311363,0.405466,-0.5002738,0.7690103,-1.1189961,-0.74763024,0.6140171,0.69296914,0.63932747,0.9912816,-0.7571936,0.31889564,0.28101623,0.9354787,-0.11176169,1.2656195,-1.3360971,0.015837878,0.46209827,-0.3203771,0.08044064,-0.45326835,-0.93715745,1.3775849,-1.4202828,0.074119516,0.32110858,-0.6598066,0.49738038,-0.19088638,0.78619,1.1573719,1.7775526,0.49145383,-2.0116396,0.02030852,-0.33505177,0.30882546,0.27202463,0.230176,1.3059812,1.1689643,-0.50605845,0.5649369,-0.5825876,-0.056315582,0.20290993,0.4277922,0.26976898,0.29561,0.3351239,-0.8003019,-0.4640293,0.15292285,-0.11164692,-0.6462333,-0.4112638,-0.1714744,-1.1825048,0.46734866,-0.63149524,-0.1256197,-1.2768595,-1.1031632,-0.6400353,-0.27472037,0.4000662,-0.9666637,-0.8878504,0.5858561,0.017419847,0.8798013,-0.14610592,0.014854804,0.38898173,0.5088547,-0.683268,0.27872345,0.35204545,1.4768806,1.061661,-0.34492117,0.8836572,-0.4297225,0.9777324,-1.4636567,0.47578862,0.19386028,-1.1958425,0.7867918,-0.3964757,-0.37387437,0.5552571,-1.7453865,-0.34825665,-1.0601995,-0.1159617,-0.13411224,-1.262941,1.4700278,-1.9238042,1.1992261,-1.310602,-0.42083514,-0.38221443,-0.42576668,-1.3848555,1.1489911,0.65046763,0.5753676,1.2812448,-0.26693183,-0.033768944,0.81963104,0.57263255,0.78752685,-0.274166,1.0216079,-0.86549443,-1.831393,1.0682524,0.37647462,-1.6430793,-1.705632,-1.9859374,-0.6034341,0.67046714,-1.5331497,0.20609105,1.1490368,-0.41162196,0.39985842,-1.4832361,-0.8325504,0.5671184,-0.6200826,2.2596674,-0.28668877,1.4473428,-0.97790015,0.036651537,0.663334,-1.9642664,-0.9193944,-0.11052336,2.2139404,0.77017313,1.0584099,1.0641322,0.9907105,-1.3419812,-0.07613528,1.1238301,0.6123248,1.229377,0.38976312,-0.10938403,1.4584324,-0.39997482,0.91765463,-0.9517607,-0.62503946,1.5149496,-0.47577333,-0.49313545,-0.7771045,-0.48793107,-0.20345014,0.28214902,0.43437883,0.757647,-0.7337549,1.5844309,0.48504663,-0.13319239,-0.36756524,-0.41047972,1.2149742,0.8419424,1.562671,2.1404052,-0.22101359,-0.69214576,-1.9593594,0.06632763,0.9150806,0.6154815,-0.027732514,-1.6128441,0.3332322,0.14958915,-0.04079909,-0.9508862,-1.6942637,1.3862021,0.40128446,0.36448422,1.4587088,-1.2682202,-1.1490849,-0.7636826,0.17319213,0.30964756,-1.0857666,-1.0198562,0.30987006,-0.90712726,1.770513,0.46943304,0.2699322,0.25256282,0.11459716,0.9583373,0.56161267,-0.6984786,-0.3891264,0.089097165,1.0571723,-1.6636004,-0.31763434,0.3048724,-1.6980189,0.62630004,0.18467574,-0.5402655,0.10157871,-0.7619388,-0.2809582,-0.12505938,-0.44806594,-0.44163048,-0.20841408,0.58595836,-0.91344637,-1.3972828,1.1145667,2.0049002,-0.37045163,0.20088625,-0.11885191,-0.12109622,0.8885305,-0.1251934,-0.30210462,0.32215357,-0.16853857,-0.53038394,-1.1020324,-1.0066148,-0.38025197,0.47226754,-1.1751598,-0.7249951,1.174416,1.0277753,-1.6735446,-0.51951253,-0.37601423,-1.42073,0.9207779,0.8460782,0.377403,0.056575157,-0.23415002,0.15664177,-0.389317,1.6427612,0.40802437,0.04777237,1.309145,-1.4024645,0.21079949,1.39496,-0.00041820318,0.85746497,1.2200074,-0.2036322,-0.907175,0.24544351,-0.24933483,0.24498856,0.7499283,-1.2944709,-1.1180412,1.2901917,-0.8225819,-0.77935195,0.48057482,0.85646594,-1.1054057,0.7986104,0.25181133,1.7473104,1.1998532,1.1942642,1.7099924,-0.283474,-0.36163566,-0.99511635,0.37580547,-1.157749,-1.0637695,0.12356091,0.83936083,1.8496321,-0.27459905,0.38499153,0.68037254,-1.3521335,-1.4287076,0.18502446,0.67662644,-0.29002756,-0.69158626,-0.15169765,-1.2029943,0.29671592,-2.1340022,-0.5426319,0.42831594,0.8572637,-0.72005355,-0.47946125,0.7148375,0.5487071,-1.5556082,-0.4403498,0.71349716,1.0457141,-0.38113186,-0.8058839,0.42903146,-1.233604,-1.0421739,-0.45543492,-1.0660696,-0.62020344,-0.1320154,-0.11229696,0.18848106,-0.8379165,-0.6072501,1.44715,-0.36653596,-0.4318349,0.47261187,-0.76514167,1.8130693,-0.7975254,-1.0500096,1.6590521,0.055866953,-1.2660689,0.4404165,-1.4490012,0.55625165,-1.0548663,-0.15207866,0.7494296,0.49311996,0.30150393,1.3827184,0.39031902,-0.26234424,0.12258002,0.41319948,-0.38074097,-0.11913048,-2.269886,1.3377159,-1.4853363,-0.88786507,-0.42679235,1.3321201,-0.67811435,-0.47774822,0.15379572,0.493066,0.7538756,-1.1981409,0.8800142,1.4421425,-0.42820844,-0.47381997,0.47627944,0.4998349,-0.90935844,0.07400869,2.9039268,0.90797055,0.70046085,-1.4960983,-0.70619047,0.7341073,-0.8296654,-0.9448216,-0.7529398,-0.09144896,0.85302097,0.51280737,-0.28908315,0.65515584,-0.7450974,0.5031032,1.4982885,-0.63855386,0.2519973,0.6666237,-0.7889608,-1.6170874,-0.84627503,0.47633564,0.73600566,-1.1176659,0.38008362,0.14534841,1.768569,0.8032292,0.12899429,-0.174259,0.5983449,1.0854834,1.094265,-0.9466119,-1.228282,0.2629636,1.5187883,-0.57879806,0.62587553,-0.9167,-0.58778477,-1.119031,1.2315607,0.19173281,0.3623121,1.5492404,0.5079095,0.13370304,0.42833978,-0.47455126,0.571219,-0.41167825,-0.32593572,-0.14947414,-0.7080849,-0.75236297,0.15662658,-0.39600217,-0.13882843,-0.586517,0.9502183,-0.6990068,0.45315683,0.33878562,0.91650575,0.08825943,0.2674564,-1.2299802,-0.40538093,-1.5269579,1.42962,1.4339118,0.12301652,-1.6811813,0.26316166,0.90323293,0.76688266,-0.76335055,0.89278436,-0.26913863,-1.1348449,-0.8106265,-1.1510324,-1.2142031,1.1343663,0.5149532,-0.18612716,0.41433436,-2.151399,0.6352696,-0.5547213,-1.240032,-0.06574321,-0.42023015,-0.8819674,1.0247507,2.2050714,0.011107676,-0.12592039,1.4199419,1.1403763,-0.020114273,-0.51026636,-1.3263094,0.7422379,1.3437481,1.2610762,-0.9889099,0.24847418,0.4064692,0.16869418,1.1020885,-0.39599288,-0.456348,-0.83426183,-0.09769054,-0.64825904,-0.3024819,-0.86147654,-0.23859148,-1.2214527,0.23405121,-0.07842849,-0.4093511,0.43917274,-0.32635617,-0.494358,0.16247424,1.3440442,0.2564496,-0.0478431,0.23921467,-0.81786644,-0.2973812,-0.9499316,0.1279731,1.268784,-1.4516524,-0.20523673,0.34138134,1.1191394,2.526701,0.4400142,-0.5087573,1.0051948,-0.95311266,0.46517307,0.22806573,-1.0999298,-0.5232868,0.69144267,-0.016761243,-0.01738584,-1.4431908,-0.42517757,0.11062704,0.8967849,0.5409133,0.88035166,0.091069534,0.6884205,1.3727834,0.944685,-0.25830787,,,,,,,,,,,,,,,,,,,,,,,,,,,,,,,,,,,,,,,,,,,,,,,,,,,,,,,,,,,,,,,,,,,,,,,,,,,,,,,,,,,,,,,,,,,,,,,,,,,,,,,,,,,,,,,,,,,,,,,,,,,,,,,,,,,,,,,,,,,,,,,,,,,,,,,,,,,,,,,,,,,,,,,,,,,,,,,,,,,,,,,,,,,,,,,,,,,,,,,,,,,,,,,,,,,,,,,,,,,,,,,,,,,,,,,,,,,,,,,,,,,,,,,,,,,,,,,,,,,,,,,,,,,,,,,,,,,,,,,,,,,,,,,,,,,,,,,,,,,,,,,,,,,,,,,,,,,,,,,,,,,,,,,,,,,,,,,,,,,,,,,,,,,,,,,,,,,,,,,,,,,,,,,,,,,,,,,,,,,,,,,,,,,,,,,,,,,,,,,,,,,,,,,,,,,,,,,,,,,,,,,,,,,,,,,,,,,,,,,,,,,,,,,,,,,,,,,,,,,,,,,,,,,,,,,,,,,,,,,,,,,,,,,,,,,,,,,,,,,,,,,,,,,,,,,,,,,,,,,,,,,,,,,,,,,,,,,,,,,,,,,,,,,,,,,,,,,,,,,,,,,,,,,,,,,,,,,,,,,,,,,,,,,,,,,,,,,,,,,,,,,,,,,,,,,,,,,,,,,,,,,,,,,,,,,,,,,,,,,,,,,,,,,,,,,,,,,,,,,,,,,,,,,,,,,,,,,,,,,,,,,,,,,,,,,,,,,,,,,,,,,,,,,,,,,,,,,,,,,,,,,,,,,,,,,,,,,,,,,,,,,,,,,,,,,,,,,,,,,,,,,,,,,,,
カ,0.3586235046386719,-0.0246663745492696,0.7754485011100769,-0.8844077587127686,0.0205631572753191,0.3392025232315063,-0.1355293840169906,-0.0529141798615455,-0.4171533584594726,0.307938814163208,0.7799731492996216,-0.1584917306900024,0.2739543914794922,-0.6795698404312134,0.6546946167945862,-0.5095005631446838,0.2791526913642883,-0.1557860970497131,0.0791591852903366,-0.4014647603034973,-0.8990652561187744,-0.9262132048606871,-0.1831101924180984,0.154470607638359,-0.0902618244290351,0.0137811098247766,0.0121721886098384,0.2656416893005371,-0.1975154876708984,0.0017380045028403,-0.1448732018470764,-0.5539519786834717,-0.1022625416517257,0.0579993426799774,-1.0950565338134766,-0.195033997297287,0.1503302156925201,-0.1417342275381088,-0.0951748266816139,-0.5363784432411194,0.3325586020946502,0.0311147775501012,-0.6130945086479187,-0.1334844380617141,-0.1431507021188736,0.5453366041183472,-0.229549840092659,0.367545485496521,-0.0144952787086367,-0.0786912739276886,-0.4052870869636535,0.160253420472145,0.1486576050519943,0.1468552052974701,0.1350431591272354,-0.3601643145084381,0.1212152615189552,-0.8884081244468689,-0.0386912338435649,0.0089029129594564,-0.4122975766658783,0.1841042041778564,0.2635621130466461,0.3959721624851227,-0.2631439566612243,0.0452321544289588,0.0961821600794792,-0.0472497045993804,0.0739715620875358,-0.6487445831298828,-0.0336413718760013,0.164206326007843,0.1290869265794754,-0.4542910456657409,0.7616341710090637,-0.2880868315696716,0.1886349618434906,-0.151704654097557,0.3141540884971618,-0.0434453412890434,-0.4349846839904785,0.1722281128168106,-0.1459560394287109,-0.3821792304515838,-0.2669380307197571,0.1747135072946548,-0.4731841683387756,-0.8139368891716003,0.8416064381599426,-0.1633704453706741,0.398811787366867,0.3357173204421997,0.1424184739589691,0.2348209768533706,-0.3758234977722168,0.1531011164188385,0.1802000254392624,-0.0568276718258857,-0.3802551031112671,0.6075312495231628,-0.1827001422643661,0.0576381757855415,-0.0303319804370403,-0.2173190414905548,0.3214604556560516,-0.3659038841724396,-0.3783417344093323,0.1673703789710998,0.3260456919670105,-0.177744448184967,-0.4289966523647308,-0.3378853797912597,-0.5367929935455322,0.3362517654895782,0.3132054209709167,-0.0323720835149288,-0.2094873338937759,0.2365705668926239,0.0392595268785953,0.4166017472743988,0.2066131979227066,0.5641819834709167,-0.1325835436582565,0.0099416654556989,-0.0932277664542198,0.4952303469181061,0.0901037603616714,-0.6326240301132202,0.158358559012413,-0.2867668867111206,-0.0173558443784713,0.107340008020401,-0.0451720394194126,-0.1583792865276336,-0.3470660746097564,1.0091145038604736,-0.1720819026231765,0.0428343191742897,-0.1088468357920646,-0.5532451868057251,-0.0317088961601257,0.1576555669307708,0.2147662192583084,-0.2545504868030548,0.1049708873033523,0.2996875941753387,0.1895471960306167,-0.7632226347923279,0.0111502408981323,0.1368252038955688,-0.1470520794391632,1.066796898841858,-0.7711522579193115,0.2616840302944183,-0.2608645856380462,-0.040651224553585,-0.5023216605186462,0.088080994784832,0.501655638217926,0.4692065119743347,0.1573397517204284,-0.5436323881149292,0.5917591452598572,0.5716028809547424,0.4121880233287811,0.3372128307819366,0.0857105329632759,-0.2183679044246673,-0.1453911662101745,0.2892410457134247,-0.2568687200546264,0.1158893778920173,0.1483827829360962,-0.454930305480957,0.1390462219715118,0.4084529876708984,0.268079936504364,-0.1322606205940246,0.4458299577236175,-0.9173943996429444,0.0121634928509593,-0.1293108463287353,-0.2407212853431701,-0.655108630657196,0.5757667422294617,-0.1570649445056915,-0.2027263194322586,-0.2569780647754669,0.0370329581201076,-0.5157102346420288,0.095952495932579,0.0432647280395031,0.684190571308136,-0.1562862247228622,-0.1192012578248977,-0.4013515114784241,0.1618971526622772,-0.143419474363327,0.0497052147984504,0.56205153465271,0.1374651789665222,0.1464396864175796,0.0063964049331843,-1.1057502031326294,-0.5280543565750122,0.1395886838436126,0.7025129795074463,0.6469906568527222,0.3365605473518371,0.3559617102146148,-0.3146827220916748,-0.2045052647590637,0.2062235176563263,0.3486829698085785,0.5529441237449646,-0.016566663980484,-0.7394495606422424,-0.3700011372566223,0.3480413854122162,-0.1952962279319763,0.3645149171352386,-0.3964727222919464,0.1479096561670303,-0.1230077594518661,-0.1660883575677871,0.3021289706230163,0.2427328675985336,-0.432539165019989,-0.1254675686359405,0.7219329476356506,-0.5374917984008789,-0.3943407833576202,-0.6420092582702637,0.1480622142553329,-0.3879353404045105,0.1265142112970352,-0.3879170715808868,0.2455029189586639,-0.5147812366485596,0.1670347154140472,0.2136788368225097,-0.0973865538835525,0.1902671456336975,-0.3023533821105957,-0.1986513286828994,0.2059695422649383,-0.0491631291806697,0.1524078249931335,-0.3032713234424591,-0.0656548961997032,-0.5807090997695923,-0.4501806795597076,0.1670434176921844,-0.3809289634227752,0.6607704162597656,0.1631241738796234,0.1359750479459762,-0.0701999813318252,0.3478787839412689,-0.6328304409980774,-0.1447628289461136,-0.4550751149654388,0.2436263114213943,-0.0120690781623125,0.3931418061256408,0.2132409363985061,0.0869434028863906,-0.4913892447948456,-0.4093371629714966,-0.4929644167423248,0.2152226120233535,-0.2128570526838302,-0.2557368278503418,-0.1298930346965789,-0.024274805560708,0.04751892760396,-0.2410119771957397,0.3789639770984649,-0.6740599870681763,0.3417744934558868,-0.1215574964880943,0.5535191297531128,-0.4472485780715942,-0.1685982942581176,0.3951951265335083,-0.049195297062397,-0.4267884194850921,-0.414090096950531,-0.2033648788928985,0.2097956538200378,0.388204962015152,-0.6768291592597961,-0.2198648601770401,0.3544965386390686,-0.4503610134124756,-0.0210239253938198,0.5212361812591553,0.0284831039607524,0.0804966911673545,0.2866666316986084,-0.089926429092884,0.1582807600498199,0.5975357294082642,-0.5801597237586975,-0.2414451092481613,-0.5601361989974976,-0.0293470304459333,-0.3483292758464813,0.556526780128479,0.0230383947491645,0.1481944918632507,0.7260949611663818,-0.4633060693740845,-0.0925065577030181,0.9196696877479552,0.5360009670257568,-1.6513739824295044,0.289298415184021,0.6973103880882263,-0.1962223649024963,-0.2482532858848571,0.0548110119998455,0.0119285555556416,-0.0102505404502153,-0.2157996147871017,-0.7553359270095825,0.8927761912345886,0.2450911849737167,-0.2065581828355789,-0.2450914531946182,0.4924006760120392,0.0727382153272628,0.0552626326680183,-0.4773213267326355,-0.2581067681312561,0.3700799643993377,0.2186993211507797,-0.1692437827587127,-0.2959271967411041,-0.1563395708799362,-0.5493754148483276,0.1432756632566452,-0.2391412258148193,0.2105724662542343,-0.4816707372665405,0.0363241843879222,0.3828274607658386,1.131384015083313,0.3203997015953064,0.5801156759262085,-0.3884201049804687,-0.0716237649321556,0.8466631770133972,0.457819789648056,0.4994423389434814,0.3784675598144531,-0.2813080549240112,-0.2930530309677124,0.6196814775466919,-0.050277542322874,-0.3033430278301239,0.3204991817474365,-0.1048931702971458,0.2078468948602676,-0.1034251824021339,0.0694383829832077,0.1110826358199119,-0.1496219038963318,0.1321352124214172,0.7338179349899292,0.6123164892196655,0.1744691282510757,-0.0940590947866439,-0.4335092604160309,0.0579937808215618,-0.1725084483623504,0.255798876285553,0.4385444521903991,-0.2900402843952179,-0.2993480265140533,-0.1937111467123031,-0.2491368055343628,-0.2325776368379593,-0.3403624296188354,-0.400767982006073,-0.9239010810852052,-1.0663666725158691,0.0514844134449958,0.0364310033619403,-0.7813575267791748,0.2973428666591644,0.1253112405538559,0.6626867055892944,-0.4192781746387481,-0.5313348174095154,0.1362084597349167,-0.469912588596344,0.0440434291958808,-0.1709395498037338,0.040976446121931,-0.254860371351242,0.288720041513443,-0.5707607269287109,-0.2336601018905639,-0.3975604176521301,-0.2706895470619201,-0.4771449267864227,0.0833981111645698,0.1562682390213012,0.7864431142807007,0.0329351238906383,0.2744109034538269,-0.0830293223261833,0.1661955714225769,-0.1352051496505737,-0.1193107739090919,-0.6013108491897583,0.3270958065986633,0.6027277708053589,0.7362671494483948,0.2225320637226104,0.4853352904319763,-0.0107432296499609,-0.1678165048360824,0.2710961103439331,-0.2332077175378799,-0.286459356546402,-0.2649374604225158,0.5488170385360718,-0.4618846178054809,0.2983710467815399,-0.3070251047611236,-0.0251187942922115,0.8155043721199036,-0.2759130299091339,-0.6447542309761047,0.019334452226758,0.4444313943386078,0.2741967439651489,0.2018985152244568,0.2217877656221389,1.1126266717910769,-0.1611074060201645,0.6747143268585205,0.2079386562108993,-0.3065947294235229,0.0153259988874197,-0.2526099681854248,0.0108531191945075,0.1808147132396698,0.5403428673744202,0.8989946842193604,0.2680794596672058,0.387798011302948,0.4225503504276275,0.0394640564918518,-0.3098432421684265,-0.0448453351855278,0.5020272731781006,0.0876635760068893,-0.5822703838348389,0.0671888217329979,-0.4893506169319153,-0.3110739886760711,-0.3760032653808594,-0.1529198884963989,0.2548675239086151,-0.1874099820852279,0.4831192791461944,-0.4073148667812347,-0.6556465029716492,-0.4325756430625915,-0.7924972772598267,0.1225211918354034,-0.1237589567899704,0.2850375175476074,0.5576971769332886,0.5667896866798401,0.151675283908844,0.0797831639647483,0.305660992860794,0.7309637069702148,0.2399234920740127,-0.1629074960947036,-0.1688187420368194,0.3584931790828705,0.1539022028446197,0.4346175491809845,0.2286254167556762,0.0695969685912132,-0.3132855296134949,-0.5330155491828918,-0.3979867100715637,0.1479430347681045,0.0100019462406635,-0.0302755665034055,0.3525822162628174,0.0273273456841707,-0.1545535176992416,-0.5193030834197998,-0.2445397675037384,-0.3318242728710174,-0.1690635979175567,-0.7040066123008728,-0.1218400225043296,-0.5307708978652954,0.1147366911172866,0.4098197817802429,0.4931957721710205,-0.5638531446456909,0.1662935465574264,0.3007017076015472,0.1204905360937118,-0.0154460817575454,0.1163259223103523,-0.0711223110556602,-0.2879864573478699,-0.0643923953175544,0.0923106297850608,-0.0817050263285636,0.6598289608955383,0.1591884344816208,-0.5559541583061218,-0.2439369857311248,0.115936778485775,-0.9041750431060792,0.433933824300766,-0.1377756744623184,0.1395601332187652,-0.6946619749069214,0.1776384264230728,0.0566961802542209,0.0287550706416368,-0.234372466802597,0.1439073234796524,0.1385184079408645,-0.7581139206886292,0.3103348016738891,-0.1813197135925293,-0.3846227824687958,0.7979161143302917,0.5467738509178162,-0.1853010505437851,0.2618381977081299,0.5007081031799316,0.0613263137638568,-0.4154864549636841,0.3247176110744476,-0.1609259694814682,0.1054156497120857,0.3049433827400207,-0.1889155358076095,0.5684009790420532,0.1683012545108795,0.1198823079466819,0.1038140431046485,0.3489070832729339,0.6846362352371216,0.4384132027626037,0.2534331381320953,-0.1556078344583511,-0.470798522233963,-0.7940940260887146,0.0376302748918533,0.2783031463623047,0.5752158761024475,-0.3884532749652862,0.5000850558280945,0.6709069013595581,-0.0261370316147804,0.3636739552021026,0.921187937259674,0.1954237669706344,0.4207964837551117,-0.4991807341575622,0.0607120133936405,-0.9316931366920472,0.4198193550109863,0.3131798803806305,-0.0941114202141761,-0.1071772128343582,0.1388003677129745,-0.5112866163253784,-0.4666632413864136,0.1720971912145614,-0.1056281924247741,-0.1700824797153473,-0.2413229346275329,0.6426102519035339,-0.1109598949551582,0.9409220218658448,0.3932240307331085,0.0111649427562952,-0.4847569167613983,0.1631693243980407,-0.1479229778051376,0.6438269019126892,0.0549303963780403,0.4049669504165649,-0.2156396359205246,-1.03778874874115,-0.4044138193130493,0.2613549530506134,0.2089057564735412,0.286806046962738,-0.5070863962173462,-0.0036206315271556,0.4516017735004425,0.5596505403518677,0.2337265461683273,-0.1101813688874244,-0.4991564750671386,0.0602733492851257,-0.1417141854763031,-0.2067635357379913,0.3999647796154022,0.0863533318042755,0.3394351601600647,0.3769959211349487,-0.1770133674144745,0.0854547098278999,0.4841074049472809,0.1963625401258468,-0.1337948441505432,0.6522935032844543,0.0557423271238803,-0.1153806075453758,0.068910077214241,0.0201813541352748,-0.2673791050910949,0.0112823247909545,0.6305686235427856,-0.0938891470432281,-0.018041593953967,-0.5155843496322632,0.3149875104427337,-0.0319119431078434,0.1470301896333694,-0.4010014533996582,-0.4669030606746673,0.2831065356731415,0.2526891231536865,-0.3539333045482635,0.0224920939654111,-0.2453508973121643,-0.2295989990234375,-0.3570439219474792,-0.3350311815738678,-0.5432419180870056,-0.1944839358329773,-0.3953049778938293,0.4299406409263611,-0.770074725151062,-0.5165455937385559,0.4467598795890808,-0.1453765481710434,-0.1557761132717132,-1.1232340335845947,0.6056432723999023,-0.400147795677185,0.636294960975647,-0.1855069398880005,-0.096103236079216,0.0183214973658323,-0.3138656318187713,-0.322945773601532,-0.5746438503265381,0.4832221865653991,-10.23126220703125,-0.1531709879636764,-0.2061832696199417,-0.6949334144592285,-0.3927797973155975,-0.1074967384338378,1.0815861225128174,0.0150632699951529,-0.5576997995376587,0.1200396791100502,-0.2452751398086547,0.1355503350496292,0.534533679485321,0.3761050999164581,-0.0703593641519546,-0.030170764774084,-0.1402267664670944,-0.5821368098258972,-0.3437755107879638,-0.1215213239192962,-0.077371560037136,-0.1950564831495285,0.6719056367874146,-0.0401544831693172,0.0759009197354316,-0.3982008695602417,-0.1598372608423233,0.2665517330169678,0.1228524073958396,0.4765311181545257,-0.2146400511264801,0.8284003734588623,-0.1778043061494827,0.0664553940296173,-0.1844103336334228,-0.0297167152166366,-0.0254587046802043,0.4636370539665222,-0.1103347167372703,0.490783154964447,0.3837138414382934,0.358788251876831,0.1400733739137649,0.0472070164978504,0.3781290054321289,0.4283336102962494,0.1367486715316772,0.32080739736557,0.7621679902076721,-0.0751866400241851,0.4969749450683594,-0.7559500932693481,0.3250588178634643,0.068393275141716,-0.4673557579517364,0.0409008339047431,0.932538628578186,-0.5532816052436829,0.0047107227146625,0.2532929480075836,0.3740162253379822,-0.0409752391278743,1.1663835048675537,0.404410570859909,-0.2600726783275604,0.3022530674934387,0.1110511496663093,0.122262954711914,-0.4746184349060058,-0.4054569900035858,0.3808251917362213,0.0147620821371674,0.1461379677057266,0.3145440816879272,-0.3718342185020447,-0.085900068283081,-0.0263521336019039,0.2055089026689529,0.3818835616111755,-0.0679506063461303,0.8542038798332214,0.0212811939418315,-0.41378915309906,0.4242964386940002,-0.5259703397750854,0.1248574405908584,0.1416054666042328,-0.0715519413352012,0.5414227843284607,-0.6794898509979248,0.7729988694190979,-0.3009038865566253,-0.3189559578895569,0.7000997066497803,0.3129055202007293,-0.5655158162117004,0.31784188747406,0.1308512240648269,0.0886329114437103,-0.2186778038740158,-1.0617176,-0.6611207,0.49430642,0.90685326,-1.0999033,-0.32906136,-1.281337,1.1652097,0.96141773,-0.20909716,0.61770535,-0.15938999,-1.5651625,1.7367617,-0.3999999,-0.07288097,0.6430368,-0.54303944,0.34749937,-0.17964247,0.7999899,0.34180155,0.5964956,-0.70482224,0.70558363,0.92630017,0.8235589,-0.5581604,-0.2858463,-0.6487497,-0.113216005,-0.52102536,-1.0638635,-1.0735512,-0.013304949,-1.0032693,-1.373821,1.376038,0.70062953,-0.64457667,-0.9294671,0.15143333,-0.1610686,-0.32627463,-0.9719763,-0.23427476,1.7819917,-0.88882697,0.7880993,-0.6944136,-0.42374846,-0.44401723,0.24578126,1.0294632,0.84463626,-0.26330814,0.8315999,0.3739577,-0.20250617,-0.046265572,1.0043488,0.5003587,-1.12736,-0.045187574,0.2741812,1.0867628,-0.0076305694,-0.004608976,-0.5985974,-0.43816847,-2.7861955,-1.0034491,-0.26640394,1.349242,-0.91036224,1.0317011,0.09916341,-0.2509171,0.2903339,-0.1811394,0.20510574,0.11588936,-1.1454479,1.1680405,-1.3904425,-0.58388555,-0.09180761,-0.10046407,-1.4760208,-0.35128397,-0.12814723,-1.173666,-1.5149547,-0.96884674,1.1199291,0.01484526,-0.38879856,-0.7043002,-1.556121,-0.08713435,0.19316094,1.324455,-0.04668991,-0.41508314,-0.915235,0.26040912,-0.7327372,0.004990816,-0.87880296,0.7844485,0.06834717,0.082598366,0.7948695,1.6482689,0.90117997,1.0482309,-1.1235164,-1.1338334,0.0035127657,0.3980363,0.91258955,-0.016754815,-0.77836317,0.70787317,-0.22658838,1.4116256,0.48078242,-0.8154319,1.0301985,-0.19576511,0.33013248,-0.4896085,1.7094184,0.7420769,-0.6807231,-0.8208911,-0.3319981,0.29777023,0.61657923,-0.7562604,-0.69791424,-0.24443762,-0.3590534,-0.31152353,0.26278612,-1.7359258,-0.11466335,1.0397109,1.0423645,0.11437961,-0.26225886,-0.15460801,-1.0470407,0.19191077,0.7034976,-0.3122423,-0.08178649,0.37116438,-1.0181241,1.5023636,0.57721597,1.3349711,-0.8620941,0.80682164,-0.18893684,0.37449935,-0.30867714,1.2079668,-0.5676777,-2.2541993,-0.43506268,-0.392907,0.6148945,-0.21710244,0.6304404,-0.00015622377,0.8123613,0.30342937,-0.9022921,-0.2508386,0.94905853,1.1066514,0.14629878,1.4003948,0.3204187,0.9365441,0.6268177,0.49121365,0.28620222,0.37932858,0.9866337,-0.49306247,0.7985445,1.077874,0.5957662,2.4295142,0.6444788,-1.3430119,-1.317939,0.6197136,-2.3692572,-0.5632467,0.66771495,-0.46534857,1.5123774,-0.9063603,-1.3348318,2.2734864,0.6605503,-0.01508485,-1.5071234,-1.1081295,0.71791404,0.896503,-1.1138437,-0.41860315,-1.0392393,0.069278374,-0.55967677,-0.6409766,0.99616325,0.5616216,-0.26432472,0.9321586,-1.210471,0.6943523,-0.11223866,1.2402948,0.52593416,0.41760233,-1.2869142,0.41992217,0.4920322,-0.007229903,-0.4617018,0.16774121,-0.2695936,0.71606445,-0.5715008,0.159785,0.24448016,-0.74374163,-0.27204862,0.019976368,0.23999381,1.0943799,1.6728781,-0.10032534,-1.6206831,-0.17510316,0.39252934,0.35610744,-0.06260584,0.024005767,0.6270715,1.080032,-0.7404699,-0.15673172,-0.7507825,-0.5628788,-0.37582186,0.2787428,0.109850004,0.15101556,0.47166207,-0.2877512,-0.38992,0.31238818,-0.13233224,-0.7980757,-1.3590873,-0.62705666,-0.6601945,0.07835458,0.6016513,0.15487862,-0.8742568,-1.0460125,-1.3556862,0.21129915,0.20897646,-1.0752767,-0.32325357,0.14843719,-0.502914,0.3861875,-0.053000014,-0.115036674,0.3348299,0.7676033,-1.280781,0.7333175,0.3056322,0.6958867,1.510177,0.29688853,1.031243,-0.80965847,0.43150216,-0.9559382,0.16800769,0.936052,-1.6510419,0.84527194,-0.61685616,-0.3096909,0.98124355,-1.086776,-0.48371592,-0.4950237,-0.013403467,-0.21897759,-1.4642144,1.8619202,-2.2910855,1.2543986,-1.9521967,-0.28476536,-0.46366113,-0.48814836,-0.86445946,0.23765363,0.28847194,0.15920779,0.87140167,0.20750423,0.034628183,0.5370123,0.63654095,0.78704756,-0.22816789,0.62675947,-0.43485647,-1.529606,0.22554159,0.6636153,-1.4736289,-1.645069,-1.1317674,-0.19960786,0.36898914,-0.5063528,-0.4856093,1.0962526,0.0034488025,-0.006030913,-1.1662855,-0.34063664,-0.21999642,-0.9228474,1.2609831,-0.3098917,1.6283071,-1.0642383,-0.5378968,0.78601116,-1.3906348,-0.28864336,0.0260396,2.3244324,0.5736536,0.6521049,0.7920184,-0.100997634,-0.63584673,-0.5444134,1.4398884,-0.14188017,1.7953817,0.05673779,-0.09960561,1.2677289,-0.052428536,0.85726494,-0.66537994,-0.4044003,1.4629506,-0.36920235,-0.21945107,-0.56768715,-0.54147905,-0.14757743,-0.09853757,0.4554007,-0.1365274,-0.2619887,0.8677126,0.51134235,-0.81574625,-0.9324552,-0.82375145,0.7490086,0.94811475,1.5417849,1.3549949,-0.21598041,-0.5869149,-1.996555,0.9108225,0.74825,0.30384755,0.51764715,-2.0895972,0.40776417,0.16767965,0.49543855,-0.9637132,-2.0694785,1.5175381,0.7336229,-0.052434713,1.6680611,-0.50101465,-1.1497902,-0.5353545,0.44602194,-0.06419571,-1.2177867,-0.68654144,0.5703255,-0.8474938,0.81649816,1.0384281,0.5003671,0.34338093,-0.4161472,0.21008013,0.12775825,-0.100056045,-0.4509841,-0.28762436,0.36620495,-1.356551,-0.8719754,0.5053083,-1.8346694,0.6015692,-0.8199315,-0.043365546,0.473881,0.0060426677,-0.2833568,-0.68854934,-0.031787448,-1.4395412,-0.81915504,0.62366503,-1.5327262,-1.6249825,0.587895,1.5312296,-0.45109412,0.4998508,0.2571635,0.6456919,0.8779233,-0.002002086,0.1508107,0.112621985,-0.26952934,-0.1246871,-0.5681412,-1.1799656,-0.56094444,0.79794174,-1.0444814,-1.0202043,1.1605767,1.0751776,-1.494388,-0.63999224,-7.128609e-06,-0.30838865,0.95541257,0.67748624,0.81213903,-0.11785279,-0.90514785,-0.2014225,0.1636988,0.56921685,0.050081957,0.17770699,0.93234503,-0.14849558,0.36121598,1.5544922,0.49716523,0.5256623,0.95212394,0.13997069,-0.46743855,0.37985125,-0.019128153,0.330945,0.58108675,-1.1279684,-0.8353425,1.1917065,-0.13124293,-0.66455925,-0.10754903,0.46239096,-0.21932952,-0.021909058,0.29329637,1.0454911,1.147962,1.0657619,1.5328722,-0.5050297,-0.36433154,-0.5846246,0.4582265,-0.9041792,-0.8888715,0.26659796,0.64581233,1.7094285,-0.7560309,-0.08723103,1.319415,-0.79941,-1.183583,0.22284113,0.3599829,-0.6168694,-0.5507265,0.17157854,-0.85046214,0.050427847,-1.8693864,0.032694545,0.55954117,1.2630084,-0.48349744,0.010703479,0.54321647,0.26197082,-0.79498875,0.20111467,1.0941811,1.3445779,-0.16890521,-0.7709746,0.5108288,-0.40004438,-1.6902406,-0.6496949,-0.9163944,-0.48071623,0.01697381,-0.4783955,-0.09027266,-1.1837026,-0.2789004,1.5116631,-0.2549099,-0.0929841,0.32049865,-0.9609693,1.2060394,-0.718782,-0.6913501,1.1920441,0.0732988,-1.3446286,0.58611196,-1.1422112,0.65111345,-0.8707318,0.49234977,1.0269564,0.6493918,-0.2501156,1.4169511,-0.7721664,-0.74052906,0.021914968,-0.1272048,-0.38877848,0.5305534,-1.9394515,1.5135438,-1.1826366,-1.2336136,-0.06354921,0.57367057,-0.6505195,-0.03297455,-0.37801385,0.33716494,0.34425655,-1.0271062,0.6697426,1.806819,-0.12073003,-0.0401858,1.2409666,0.48037863,-0.16396281,0.21803693,2.3939388,0.38143107,1.075824,-1.2029438,-1.1539307,0.5958576,-0.05016285,-0.6402588,0.2230086,0.16911182,0.20399417,0.3837861,-0.31101638,0.7471158,-1.0783583,0.2786348,0.8390268,-0.69652814,0.007765242,0.78406847,-0.80537385,-1.091935,-1.0072501,1.1964251,0.8598336,-0.7473057,0.1483358,0.6028837,2.047313,0.5231635,-0.0399868,-0.3827128,1.1665937,0.6916286,0.6140986,-0.8116383,-1.0552691,0.47506782,1.6159443,-0.67712957,0.6025597,-0.59712166,-0.41656777,-2.120297,0.6837402,0.32899538,0.043813504,1.1705924,0.3279736,-0.23544064,0.1975086,-0.018619547,-0.33461326,-0.4466091,-0.7702461,0.12595092,0.0574647,-0.98060894,-0.04611359,-0.74948937,0.1584156,0.05718556,0.65089136,-1.2563623,0.8777391,0.3497079,1.0631548,0.19427331,-0.012420769,-1.1994423,-0.5051127,-0.82840884,1.4336215,0.9521194,0.37544844,-1.4684712,-0.06356699,1.3205582,0.53483385,-0.793787,0.09543741,0.053171184,-0.8153692,-0.13264404,-1.0865415,-0.42417356,0.70602334,0.6620809,-0.32771593,0.8778488,-1.9996083,1.0287802,-0.210446,-1.0173638,-0.069014646,0.18678579,-0.478966,1.825796,1.3057268,-0.26733798,-0.009233249,0.6324151,1.0064423,-0.2204983,-0.43011087,-1.3547757,0.77479404,1.0930756,0.7962016,-1.31165,-0.21814884,0.35526347,-0.13126849,1.5480292,-0.32427865,-0.5408477,-1.0318586,-0.49827853,-0.8307679,-0.18849611,-0.44723418,-0.3136563,-1.4942538,0.40443844,-0.7690931,-0.6204929,0.3816029,-0.83836305,-0.086261936,-0.3458783,1.3113353,0.72390664,0.3157305,0.43865225,-0.9088802,0.027366316,-0.88781655,-0.5014712,0.7093453,-0.7179737,0.51569515,0.6113328,0.7497453,1.7002624,0.6034646,-0.81034523,0.55895454,0.025089962,0.29922026,0.5087847,-0.5908287,-0.42778087,0.3355439,0.0758322,0.84819514,-1.2964324,0.0033649674,0.06733162,0.3743128,0.2985107,1.030991,0.018267741,0.55390215,2.035292,0.5798024,-0.2730277,,,,,,,,,,,,,,,,,,,,,,,,,,,,,,,,,,,,,,,,,,,,,,,,,,,,,,,,,,,,,,,,,,,,,,,,,,,,,,,,,,,,,,,,,,,,,,,,,,,,,,,,,,,,,,,,,,,,,,,,,,,,,,,,,,,,,,,,,,,,,,,,,,,,,,,,,,,,,,,,,,,,,,,,,,,,,,,,,,,,,,,,,,,,,,,,,,,,,,,,,,,,,,,,,,,,,,,,,,,,,,,,,,,,,,,,,,,,,,,,,,,,,,,,,,,,,,,,,,,,,,,,,,,,,,,,,,,,,,,,,,,,,,,,,,,,,,,,,,,,,,,,,,,,,,,,,,,,,,,,,,,,,,,,,,,,,,,,,,,,,,,,,,,,,,,,,,,,,,,,,,,,,,,,,,,,,,,,,,,,,,,,,,,,,,,,,,,,,,,,,,,,,,,,,,,,,,,,,,,,,,,,,,,,,,,,,,,,,,,,,,,,,,,,,,,,,,,,,,,,,,,,,,,,,,,,,,,,,,,,,,,,,,,,,,,,,,,,,,,,,,,,,,,,,,,,,,,,,,,,,,,,,,,,,,,,,,,,,,,,,,,,,,,,,,,,,,,,,,,,,,,,,,,,,,,,,,,,,,,,,,,,,,,,,,,,,,,,,,,,,,,,,,,,,,,,,,,,,,,,,,,,,,,,,,,,,,,,,,,,,,,,,,,,,,,,,,,,,,,,,,,,,,,,,,,,,,,,,,,,,,,,,,,,,,,,,,,,,,,,,,,,,,,,,,,,,,,,,,,,,,,,,,,,,,,,,,,,,,,,,,,,,,,,,,,,,,,,,,,,,,,,,,,,,
ク,0.2601964771747589,0.7716675400733948,1.1591545343399048,-0.2490427196025848,0.6242895722389221,0.5124413371086121,0.2772069573402405,0.0134479375556111,-0.6325500011444092,-0.3895764648914337,0.5369018912315369,-0.404379665851593,-0.396104484796524,-0.0910567492246627,0.0537040866911411,-0.2777827978134155,-0.3012771606445312,-0.4784837365150451,0.0834780931472778,-0.1909854412078857,-0.834200382232666,-0.4679176807403564,-0.5020633339881897,0.9456928372383118,0.210563376545906,-0.6258668899536133,-0.1731959581375122,0.2517300546169281,0.5088326334953308,-0.4245054423809051,-0.1459442377090454,-0.0404359847307205,0.167103886604309,0.1442810446023941,-0.6581206917762756,0.2515282332897186,-0.078828826546669,-0.1900695413351059,0.4837754368782043,0.5080987215042114,0.2041688114404678,-0.4527918398380279,-0.1881830841302871,0.2095185965299606,-0.2644474804401397,0.6208105087280273,0.2297912985086441,0.1752271950244903,-0.0829321965575218,-0.6430364847183228,0.0122299417853355,0.3860097825527191,0.2557885944843292,0.3050517439842224,0.1449098736047744,-0.4554262459278106,0.76121985912323,-1.0294541120529177,-0.4803099632263183,0.7949559688568115,-0.7316218018531799,0.0513282716274261,-0.211315244436264,0.1320650577545166,-0.6685051918029785,0.2892091274261474,-0.0587130486965179,-0.5324853658676147,-0.0773560255765914,-0.4111736416816711,0.7183042764663696,-0.196817085146904,-0.096265472471714,-0.5998209118843079,0.93379145860672,-0.5390411019325256,0.182269811630249,0.3392490744590759,0.1852248162031173,0.0401392988860607,0.0288879070430994,0.3593163788318634,0.4713896214962005,-0.3885548114776611,-0.1484255343675613,0.1462392359972,-0.8089075684547424,-0.9694101810455322,0.6656703352928162,-0.0196126922965049,0.0164390243589878,0.0429009683430194,-0.4784901738166809,0.0878115370869636,1.0273886919021606,0.1293212920427322,0.3397265076637268,-0.3997782170772552,0.1173193231225013,0.4924879968166351,-0.2667233347892761,0.141569048166275,-0.3211722671985626,-0.3361550867557525,-0.0384912230074405,-0.0882785022258758,-0.5779410600662231,0.1522940099239349,0.2696743011474609,0.3354161381721496,-0.3325579464435577,-1.02678644657135,-0.5031058192253113,-0.2538363933563232,0.7983214259147644,0.064379945397377,-0.8851882815361023,0.3565098345279693,-0.8110129237174988,0.2155167758464813,-0.101303294301033,0.1714270114898681,-0.3548565506935119,-0.6919399499893188,-0.0187597312033176,0.1371993273496627,0.3809421360492706,-0.4754588901996612,-0.1685718446969986,-0.7141278386116028,-0.7252212166786194,-0.4962208867073059,-0.6804234385490417,0.3396865129470825,-0.6469278335571289,0.9907531142234802,-0.012185076251626,0.1518786996603012,0.0980211049318313,-0.4145057201385498,-0.8676518201828003,0.028614692389965,0.415253221988678,-0.6418198347091675,-0.0138866323977708,0.2562667727470398,0.0787621960043907,-0.1174865067005157,0.4666122198104858,0.1274997740983963,-0.0092818271368741,1.069156527519226,-0.7106303572654724,0.1170868948101997,0.5021846294403076,0.2519029676914215,-0.4767220020294189,0.4217033684253692,0.3188081383705139,0.416269987821579,0.325423926115036,-0.0251908022910356,-0.3737809658050537,0.6916077733039856,0.3371544182300567,0.4900538027286529,0.5342527627944946,-0.029758570715785,-0.0911524444818496,0.3343603610992431,0.327062726020813,-0.0391871556639671,0.2242729663848877,0.0260772313922643,-0.2710334062576294,0.0689779445528984,0.5183835625648499,-0.0916298180818557,0.0555247515439987,-1.153109073638916,-0.2775963246822357,0.1017253473401069,0.664962887763977,-0.6389026641845703,0.8360575437545776,0.0876204371452331,0.1322063654661178,0.3170809745788574,0.3774223029613495,-0.1905486434698104,-0.3846108913421631,-0.4603400230407715,0.6857805848121643,-0.5970818400382996,-0.4961616396903991,-0.1134495660662651,0.519355297088623,0.3193412125110626,-0.531963586807251,0.4343504309654236,0.4539114236831665,0.417395144701004,0.1000203788280487,-0.7704975008964539,-0.5926470756530762,-0.32489213347435,-0.1046395525336265,0.3545795977115631,0.4358235597610473,0.1672981679439544,-0.1975950747728347,0.1507244557142257,0.2212463915348053,0.3735207319259643,1.1885721683502195,0.2576204836368561,-1.0946272611618042,-0.3113104104995727,0.6799831390380859,-0.4022638201713562,0.4393674731254577,-0.6532114148139954,-0.4152394831180572,-0.1701459884643554,-0.0568780861794948,0.7398430705070496,0.4843018651008606,-0.7103230357170105,-0.1642018556594848,0.4482544660568237,-0.73977130651474,-0.7217811346054077,-0.3261362016201019,0.4184364974498749,-0.3652968108654022,-0.1917474865913391,-0.5450551509857178,0.0588369071483612,-1.1698850393295288,0.5660350322723389,-0.6710236668586731,-0.489876389503479,0.3795583844184875,-0.455694168806076,0.047511987388134,-0.1226101741194725,-0.4226889610290527,-0.4262320697307586,-0.574466347694397,-0.0452838689088821,-0.1623226404190063,-0.30068039894104,0.1425822079181671,-0.4819738268852234,0.6339452862739563,0.8741349577903748,0.4001090228557586,-0.0672254413366317,0.2557882070541382,-0.5253933072090149,-0.1784392446279525,-0.7809383869171143,-0.2096228152513504,-0.1427619755268097,0.1988403350114822,0.8017328977584839,0.1154204383492469,-0.1523918956518173,-1.1573235988616943,-0.3845580220222473,0.5947550535202026,-0.1391258686780929,-0.1822718828916549,0.2094863057136535,-0.2732803225517273,0.3066556751728058,-0.3466778099536896,1.1702228784561155,-0.1488174498081207,0.5596212148666382,-0.4773547649383545,0.8751404285430908,-1.0252439975738523,-0.2382192015647888,-0.2597119510173797,0.5175034999847412,-0.3037024140357971,-0.5819077491760254,-0.29946368932724,0.6067160964012146,0.9384274482727052,-0.5277605056762695,0.1936603337526321,-0.4492890238761902,-0.0376345366239547,0.2783607840538025,0.5022274851799011,0.0447737276554107,0.0464513227343559,0.0630439296364784,0.5367921590805054,0.3566792905330658,0.3203383386135101,-0.5047087073326111,0.209250271320343,-0.542144775390625,0.0340330973267555,0.3846865594387054,-0.2016554027795791,-0.3671661019325256,0.2500276267528534,0.6098120808601379,-0.6008380055427551,0.0378953218460083,1.3185583353042605,0.1704170256853103,-1.2425636053085327,0.1166798397898674,0.2197559624910354,0.6595691442489624,-0.7384922504425049,0.244466170668602,0.1448394656181335,0.6157307028770447,-0.6255227327346802,-0.6871852278709412,1.2810161113739014,0.4095411598682403,0.1444949656724929,0.1718177646398544,0.3210488855838775,-0.4711584746837616,0.156625211238861,-0.5008877515792847,0.3024103343486786,0.2653266191482544,-0.8699522614479065,-0.0663931593298912,-0.0814085379242897,-0.9160877466201782,-0.8883458375930786,0.4669428765773773,-0.2875518500804901,0.4959858059883117,-0.7722448110580444,-0.1440795511007309,0.6313294768333435,1.44879150390625,0.7459650039672852,0.6294519305229187,-1.0806553363800049,-0.3688786327838897,0.1754558384418487,-0.0657195597887039,-0.0338567830622196,-0.1755558550357818,0.2047699391841888,-0.2757882475852966,0.0618297010660171,-0.1674783378839492,0.3578948676586151,0.0502398274838924,-0.118345245718956,0.216492161154747,-0.2382357120513916,0.2444372624158859,0.355245977640152,-0.0294780675321817,0.2637642025947571,0.5592740774154663,1.1165114641189575,0.1100249662995338,-0.0190357360988855,-0.6459223628044128,-0.0345478244125843,-0.8436300158500671,0.3676209449768066,0.0651250481605529,-0.3253545463085174,0.478100061416626,0.0718282461166381,-0.3297016620635986,-0.04544423148036,-0.5062267780303955,0.0844847708940506,-0.401085615158081,-0.5096754431724548,0.3127480447292328,0.210587739944458,-0.0452464520931243,0.4976827800273895,0.4919727146625519,0.4291309118270874,-0.523398756980896,-0.943262815475464,0.3379921615123749,-0.242254227399826,0.0142103694379329,0.1511914730072021,0.3454184830188751,-0.5329079627990723,-0.1078366115689277,-0.5055347084999084,-0.4694585800170898,-0.5396525859832764,0.0290536303073167,-0.6770147681236267,0.0359861105680465,0.1319330632686615,0.7239803075790405,-0.6603553295135498,0.2532439529895782,-0.1373676359653473,0.1345330476760864,-0.3997921645641327,-0.7690853476524353,-0.2519575655460357,0.5198513865470886,0.231317862868309,0.5032919645309448,0.4875179529190063,-0.1256764382123947,0.5173438191413879,-0.1470139920711517,0.4803507328033447,0.6586858630180359,-0.3879271447658539,-0.3438239395618438,0.7232455611228943,-0.0787359699606895,0.4007488787174225,0.1852861642837524,0.2032687216997146,0.6855928301811218,-0.3868885636329651,-0.717055082321167,0.074904941022396,-0.2598093152046203,-0.4254417717456817,0.8187243938446045,0.823091447353363,0.4549587666988373,-0.3322716951370239,0.5208785533905029,0.1171120405197143,-0.2200700491666793,-0.1446550190448761,-0.7647825479507446,0.4552333652973175,0.1714992374181747,1.0670262575149536,0.8117987513542175,0.2606683373451233,-0.1066507846117019,0.2760120332241058,0.2933485507965088,-0.6363772749900818,0.3159745931625366,0.5018146634101868,-0.2125376611948013,-0.4411213994026184,0.4284920394420624,-0.4842215180397033,0.0177771355956792,0.4306398034095764,0.0011792115401476,0.5701517462730408,0.1190207153558731,0.2978163957595825,-0.9600476622581482,-0.5824791789054871,-0.8003200888633728,-0.7151087522506714,0.3547765910625458,-0.3095428347587585,-0.0058747273869812,0.5378076434135437,0.1719048023223877,-0.609015703201294,0.7108872532844543,0.0142351780086755,0.2613120675086975,0.1113084927201271,-1.254183292388916,-0.0623344928026199,0.4328422546386719,-0.5138615369796753,-0.5947858095169067,-0.1979426592588424,0.0750741437077522,-0.5794800519943237,-0.4515449702739715,0.502276599407196,-0.4556305408477783,0.1864230185747146,-0.3650542199611664,0.4559695422649383,-0.1440150737762451,-0.8318368792533875,-0.1599677205085754,-0.1752644330263137,-0.0415147617459297,-0.6440781950950623,-0.3740312457084656,-0.174108475446701,-0.1471574902534485,0.2328444868326187,0.5378982424736023,0.5309615731239319,-0.2830321788787842,0.5263422727584839,0.1691173166036605,0.6709350347518921,-0.5538651347160339,0.0076780337840318,-0.4527483284473419,-0.3908379077911377,-0.1000224575400352,0.8300713300704956,-0.0619895234704017,0.1634740829467773,0.1637341827154159,-1.0156677961349487,-0.6258406639099121,-0.096090592443943,-0.7745623588562012,0.5637669563293457,0.2982174456119537,1.096544623374939,-1.023145079612732,0.2118412405252456,-0.3168109655380249,0.3215086162090301,0.3137198090553283,0.2706270217895508,0.3078014254570007,-1.2697547674179075,-0.3488260209560394,-0.1986478269100189,-0.9023205637931824,1.3746393918991089,-0.0114572457969188,-0.6701784133911133,0.8007376790046692,0.9206933975219728,0.4087737500667572,-0.3795710206031799,-0.0217764172703027,-0.0964465960860252,0.0828632116317749,0.1047423258423805,-0.084023505449295,0.39506995677948,0.3740825951099396,-0.113686978816986,0.2499356269836425,0.1856027096509933,0.9281864166259766,0.5368247628211975,-0.1605207473039627,-0.1507079154253006,-0.3414604663848877,-0.4615748822689056,0.0012386603048071,-0.0776219367980957,0.3673667907714844,-1.0136717557907104,1.1397279500961304,0.5711464881896973,-0.2257633060216903,0.6361523270606995,0.8225521445274353,0.1151933073997497,0.8864908218383789,0.0629400238394737,-0.461571455001831,-0.4161486029624939,0.3115420043468475,0.370331734418869,0.5370334982872009,-0.3267718851566314,0.036059733480215,-0.5360196828842163,0.1437736898660659,0.7080637812614441,-0.2596994340419769,-0.057965625077486,0.0479259341955184,0.465667575597763,-0.329204112291336,0.6097540855407715,0.1795294284820556,-0.3872417509555816,0.0016755922697484,0.3521803319454193,0.9326184988021852,1.3803850412368774,0.1614990830421447,0.5338764786720276,-0.1915417611598968,-0.4733914136886596,0.0701276957988739,0.0329782329499721,0.1643308848142624,0.8213740587234497,-0.0189902111887931,-0.6164161562919617,0.7617213726043701,0.1765824258327484,0.1814892888069152,-0.3075031042098999,-0.7292532324790955,-0.1656290143728256,-0.1366206407546997,-0.6081900000572205,0.2079646438360214,0.5843433737754822,0.4702260494232178,-0.1506119072437286,-0.6722562909126282,-0.2116758525371551,0.5799766182899475,-0.0292512588202953,0.0126929972320795,0.2700232565402984,-0.4339153468608856,-0.0051264641806483,0.0901865363121032,0.3135825991630554,-0.3707472383975982,0.0541979558765888,0.1986272931098938,-0.6521261930465698,0.1681795269250869,-0.1146176382899284,0.7386447191238403,0.2633908689022064,-0.0481293015182018,0.2828205227851867,-0.8681786060333252,-0.4640745222568512,0.0413243658840656,-0.5055402517318726,0.1559618413448333,-0.2029827088117599,-0.6607381701469421,-0.5911625027656555,-0.3492030203342438,-0.8141156435012817,-0.3056051135063171,-0.1342716962099075,0.4944316446781158,-0.8597952723503113,-0.1580573618412017,0.1369164437055587,-0.0223080180585384,-0.4806141555309295,-1.4932730197906494,0.1740379333496093,0.2448061853647232,0.0447381138801574,0.610779345035553,-0.0147978896275162,0.1628817170858383,-0.1633743792772293,0.2247444838285446,-0.3936573565006256,-0.535556972026825,-9.42827606201172,0.0191608816385269,-0.4048793613910675,-0.6887878775596619,-0.2456473708152771,-1.073501706123352,1.009339690208435,1.07252037525177,-0.4291646778583526,0.3822269141674042,-0.034221276640892,0.0063276458531618,0.7398654222488403,0.3311055302619934,-0.066605195403099,-0.1160739436745643,-0.2623418867588043,0.0428433120250701,-0.4008525311946869,0.1412759572267532,-0.965386927127838,-0.2797446250915527,0.3088605403900146,-0.1534778475761413,0.2844469845294952,-0.4537075757980346,0.3943725228309631,0.1089145839214325,-0.0997073873877525,0.2902457416057586,-0.6193747520446777,0.3798222839832306,-0.1247166991233825,-0.036256406456232,-0.6955757737159729,0.6298542618751526,0.6800215244293213,-0.0690756812691688,-0.2167994678020477,0.5422770977020264,0.3447732031345367,0.6133348345756531,0.0427318476140499,-0.098197616636753,0.0867847725749015,-0.3296495676040649,0.4413673281669616,0.4500584602355957,0.6732885837554932,0.0353333428502082,0.0105393771082162,-0.63661128282547,0.1806047856807708,-0.435551255941391,0.291910707950592,-0.3821401596069336,0.4180054664611816,-0.495882511138916,0.2797812819480896,0.1087309792637825,0.4244888722896576,0.1696864366531372,0.8885639309883118,0.4118261337280273,-0.3509717881679535,1.145036697387695,-0.1696304827928543,-0.1659910678863525,-0.0380303487181663,-0.1433157920837402,0.0141743309795856,0.1369375139474868,-0.0312920100986957,0.3232018053531647,-0.291940301656723,0.3646182715892792,-0.0224745664745569,0.3830815553665161,0.2656103670597076,0.1135009080171585,0.503313422203064,-0.5484411120414734,0.1841158717870712,0.1809925884008407,-0.6599748730659485,0.286986231803894,0.5200598835945129,-0.4629605710506439,0.0247530192136764,-0.1957879662513733,0.847390353679657,-0.1782170534133911,-0.2313891351222992,-0.0086311353370547,0.0618851855397224,-0.5654031038284302,0.2221276611089706,0.6006233096122742,-0.1652425974607467,-0.5081158876419067,-0.5893001,-0.34251267,0.5944084,0.5248159,-0.85115,-0.26427823,-1.0308865,1.2629468,1.0788606,0.3148384,1.2425574,-0.1481617,-1.7596304,1.9759568,-0.571535,0.31403944,0.6913304,-1.3636972,0.5535193,-0.314891,0.6168943,0.17462763,0.4008448,-0.91885895,0.8706263,0.8774409,0.8778406,-0.28151026,-0.25662687,-1.4106215,0.096144095,-0.18717809,-0.8584033,0.30967107,-0.13098119,-1.0012895,-1.7147154,0.9775591,-0.10331974,-0.9829402,-0.5746997,0.62165684,-0.043746445,-0.32768008,-0.74589545,-0.155223,1.7204357,-0.72537893,1.1992836,-0.6699692,-1.068081,-0.83296335,0.43333244,1.231702,0.50426996,-0.34920436,1.6035032,1.1137215,-0.20531167,-0.03723138,0.4418282,0.61689675,-0.64162886,-0.34289557,0.17283006,0.8670804,-0.12082466,-0.30496392,-0.18684594,0.3169799,-2.8992517,-1.6907437,-0.54031354,1.4643492,-1.2626752,0.7303404,0.14990844,-0.3905308,0.38220507,-0.17471722,0.42940745,-0.91823244,-0.86057204,1.2750623,-1.1608231,-1.6583916,-0.65622663,-0.6363164,-1.073951,-0.14208968,-0.60611236,-1.659902,-0.86182016,-1.1056712,1.6523422,0.34214044,-1.039423,-0.90640175,-1.0385994,-0.011458668,0.32286412,1.3753675,0.33514896,-0.841554,-0.4396774,-0.26405367,-0.6885656,-0.13606958,-0.6446129,0.46853605,0.41725892,0.26884565,0.31335387,1.3416735,0.66520417,0.98522663,-1.2646788,-0.26160073,-0.6730327,0.251016,0.90618265,1.1187159,-0.84682196,0.92184365,-0.032659907,1.0079712,0.1850101,-1.00861,0.05457471,0.22952677,0.13052271,-0.20285185,2.3525918,1.1875384,-0.7005726,-0.6582653,0.13639936,0.023854716,0.8578986,-0.9854871,-0.3692195,0.42225102,0.1860806,0.12286641,0.7062174,-0.92668307,-0.081305645,1.0154186,1.7455548,-0.03684106,-0.008640902,0.28243175,-1.4721234,-0.08771666,0.7481876,0.25159842,-0.017941881,0.08464161,-1.2496538,0.50636804,-0.34213853,1.0109314,-0.9280472,0.5962984,-0.15426923,0.32144338,-0.4985147,0.889638,-0.98965555,-1.9572722,-0.32655126,-0.20907936,0.5780589,0.33422008,0.55973476,-0.124437466,-0.022351146,0.55825776,-1.4652202,-0.6237107,0.89083564,0.90517914,0.54615605,1.1400567,-0.8195044,0.41584232,0.6453797,0.23305282,0.60721016,0.20788427,1.7854325,-0.4892766,0.74619657,1.1854162,0.46739268,2.6887362,0.9370995,-1.4162034,-1.154899,1.1042764,-2.2334628,-1.0700867,1.2337112,-1.4876063,1.1518943,-1.5066445,-0.7856909,1.3396968,0.26701143,0.27981305,-1.0066366,-1.4752504,0.7118391,1.1331083,-1.056923,-0.23329146,-1.0222342,0.25460505,-0.5051338,-0.55375516,1.0570239,0.58285433,0.047087424,0.6250702,-1.1280621,0.18992972,0.30146345,0.37936488,0.2610189,0.6435936,-0.8926333,0.8848201,0.24935213,0.5818873,-0.44057575,0.5240692,-0.12397679,0.46386892,-0.39522067,1.2869807,0.8984155,0.063226044,-0.117566235,0.040559836,0.51463777,0.60711926,1.608429,-0.18534076,-2.0698988,-0.26209,0.67747444,1.3553936,-0.04408536,0.43412504,0.04700636,1.2558229,-0.24715059,0.34443113,-0.64881724,-1.0401357,0.017719163,0.7696013,0.6858578,-0.35661432,-0.1484046,-0.35607335,-0.7513656,0.24146019,-0.009184135,0.27760974,-1.6179049,-0.40987667,-0.37064442,-0.19326368,1.0420558,0.5432953,-0.25991926,-0.7671879,-0.43597433,1.0718327,0.73572785,-1.5732001,0.13896121,0.07243306,-0.501304,0.2566574,0.401563,-0.34235528,0.39720407,0.28113428,-1.0880659,0.85014427,-0.5588829,0.8049718,2.0573108,0.409957,0.8719638,-1.2805045,-0.084443115,-0.0910397,0.4289303,0.3833169,-1.8173418,0.9898091,-0.70623595,-0.5650858,1.3908237,-0.9860536,-0.6589118,-1.13978,0.069596194,-0.15103681,-1.2685591,2.079841,-2.3712351,1.4798115,-2.0409124,-0.53334314,-0.6121488,-0.72130483,-1.185571,-0.30924135,0.21911833,-0.20301661,0.7815343,0.08512216,0.1793886,0.18231748,-0.1076351,1.3050244,-0.12827078,0.3967657,-0.9041917,-1.0986849,-0.58549833,0.40324113,-1.2305458,-1.3130867,-1.0796384,-0.30760375,-0.5342007,0.22462896,-0.75750667,1.0249693,0.12277817,0.066373535,-0.9726082,-0.42910263,-0.023792813,-0.83364815,1.4253474,-0.29409012,1.4828383,-1.2594318,-0.6153695,0.30586606,-0.9281918,0.18544316,-0.2610485,1.8727124,0.97986704,1.0469466,0.33591706,0.28159684,-0.30676585,-0.99919796,1.1580422,0.24603389,1.9682678,-0.19338664,-0.21658088,0.92545575,-0.45530722,0.27026027,-0.20315273,-0.17848857,2.1290932,0.40943098,-0.6916967,-0.28227466,-0.21034531,0.010764271,0.1220749,0.13773039,0.25164333,-0.24042365,0.86049455,0.347766,-0.34627607,-1.5212075,-0.10896293,1.1966591,0.9262663,1.0910281,1.1042249,-0.50957024,-0.63295776,-1.7373459,0.73613226,1.3744963,1.0880282,0.20723794,-1.8253378,0.19310342,0.47570732,0.40951076,-1.7333974,-2.0922515,1.7881001,0.74190515,0.30331844,1.514589,-0.4781687,-1.5506947,-0.8336466,-0.011883944,-0.30296847,-1.1638714,-0.7654663,0.5195404,-0.12422414,0.6358467,1.2115343,0.6452245,-0.5998913,-1.2078363,-0.1654233,-0.024705896,-0.8757865,0.03957147,-0.18887639,0.13252036,-1.220937,-0.49818233,0.4370303,-1.8818582,0.9953906,-0.4428322,0.24510133,-0.049313836,-0.13273421,-0.3397041,-0.16651665,0.045427285,-1.1755838,-0.10499678,1.1304646,-1.8108999,-1.5084027,0.40485412,1.0530937,-0.10599135,0.6291446,0.37410706,-0.05799694,0.82972383,-0.23434618,-0.7486762,-0.11293882,0.034569673,-0.22459881,-0.4605754,-1.0242488,-0.4335647,1.420345,-1.1946548,-1.1669356,0.603423,0.3474381,-1.646837,-0.9246308,-0.19551769,-0.1592756,0.7850127,0.9072918,0.13219808,-0.1961803,-0.72427386,0.1536998,-0.21500894,0.4011291,-0.38230315,0.4516727,0.27414402,-0.29475656,0.43709865,1.4872676,0.06881732,1.2863423,1.4590857,0.09241857,-0.1108071,0.7715575,-0.074897215,-0.29720992,0.45208886,-1.1382678,-0.74433124,1.2317009,0.17761697,-0.77557135,-0.051929835,1.0143148,-0.45310584,-0.21378757,0.47055507,0.6020245,1.6581901,1.5549967,1.2402465,-0.32433942,-0.24844895,-0.31265205,0.46766335,-1.8230957,-0.46349615,-0.4154683,0.64525074,1.9944535,-0.37783274,0.2749929,1.1195573,-0.67904603,-1.8447082,0.32797244,0.6429314,-0.51520354,-0.84171444,0.118117265,-1.4343679,0.14819393,-1.8476197,-0.6604284,0.6650937,1.3385572,-0.49948004,0.30912736,0.43235582,0.074769326,-0.7005092,-0.2771345,1.3625525,2.0359306,0.09803821,-0.97931397,0.84498805,-0.13639258,-1.2570169,-0.18520628,-1.0854512,-0.79501146,-0.26310143,-0.13755395,-0.15470943,-0.28263494,-0.76989603,1.4537884,0.0049780896,0.10539699,0.80396765,-0.9468039,0.88795507,0.0046586967,-0.6907519,1.2047218,0.36323065,-1.5134557,0.6947846,-1.2801479,1.4497454,-0.4089134,0.92120373,1.1877137,0.56772715,-0.43275172,1.5773742,-0.37370488,-0.045852456,-0.6756423,0.5445307,-0.58321565,0.17068747,-1.6193143,1.1882155,-1.334499,-0.61455387,0.23060198,0.35666475,-0.976528,0.53636557,-0.42847854,0.38885075,0.5280829,-0.6727955,0.5768014,1.8103993,0.0137827415,-0.9310166,0.09341594,0.5261548,-0.40883622,-0.19166334,2.2855928,0.52112085,0.5412572,-1.3741095,-1.0834458,0.62640274,-0.6092821,-1.2995541,-0.628979,-0.31455222,0.29060465,-0.25561664,-0.5698853,0.8598558,-0.87218606,0.8441618,0.26225132,-0.92024946,-0.2936468,0.35759634,-0.27240023,-0.6498906,-1.0657542,0.93042403,0.5188924,-0.94714254,0.70710427,1.0542659,1.651192,0.8292085,-0.31118202,-0.8142801,0.864629,0.3954105,1.0953243,-1.7264472,-1.3225832,0.2693479,1.1138208,-0.29812473,0.8547798,0.69207555,-0.4200376,-1.9519373,1.0875832,0.10401457,0.36410126,1.1793169,0.3076511,-0.4536596,0.043008752,0.02808817,0.19618276,-0.18291657,-0.60345924,-0.13298981,0.19940647,-0.93867886,-0.045864712,-0.6093835,0.18235481,-0.16344084,0.006451977,-1.8525963,0.64143705,0.5438577,0.4692088,1.042978,0.62343025,-1.5657965,-0.5915671,-0.47314805,1.5680265,0.9934409,0.111437336,-0.68942773,-0.20411101,1.4929886,0.7251683,0.1643542,0.2636372,0.5013652,-0.43257427,-0.10589804,-0.59719026,-0.35949984,0.4334443,-0.28386524,-1.0760832,1.3475378,-1.9553394,0.40727374,0.004168191,-1.5636442,-0.062215984,0.50150365,-0.02019341,2.0109951,0.9541717,-0.6827842,-0.35617068,0.48850566,1.0826957,-0.58508295,-0.26730138,-1.0741569,0.9336471,1.3612406,0.49468705,-1.0697385,-0.34000373,-0.024288403,-0.4076107,1.4152677,-0.5791715,-0.59513146,-1.0405912,-0.71097004,-1.0124859,-0.63466686,-0.40183777,-0.007929823,-1.0980642,0.61880237,-0.48864174,-0.71025616,0.5457544,-0.2967944,-0.33146778,-0.530321,1.1851074,-0.058876183,0.5902296,0.38743377,-0.6994877,-0.2061274,-1.126741,-0.622717,0.71049136,-0.4290357,1.0929626,0.06873136,1.0105444,0.9877625,0.22036651,-1.5182842,1.0019573,0.32119003,0.5288326,-0.38460353,-1.2867845,-0.1358774,0.11987118,0.13388208,1.6190268,-1.8584007,-0.8964893,-0.33202645,0.059119143,0.27636173,0.75451887,0.44982603,0.18969372,1.3010918,1.0191666,0.2541271,,,,,,,,,,,,,,,,,,,,,,,,,,,,,,,,,,,,,,,,,,,,,,,,,,,,,,,,,,,,,,,,,,,,,,,,,,,,,,,,,,,,,,,,,,,,,,,,,,,,,,,,,,,,,,,,,,,,,,,,,,,,,,,,,,,,,,,,,,,,,,,,,,,,,,,,,,,,,,,,,,,,,,,,,,,,,,,,,,,,,,,,,,,,,,,,,,,,,,,,,,,,,,,,,,,,,,,,,,,,,,,,,,,,,,,,,,,,,,,,,,,,,,,,,,,,,,,,,,,,,,,,,,,,,,,,,,,,,,,,,,,,,,,,,,,,,,,,,,,,,,,,,,,,,,,,,,,,,,,,,,,,,,,,,,,,,,,,,,,,,,,,,,,,,,,,,,,,,,,,,,,,,,,,,,,,,,,,,,,,,,,,,,,,,,,,,,,,,,,,,,,,,,,,,,,,,,,,,,,,,,,,,,,,,,,,,,,,,,,,,,,,,,,,,,,,,,,,,,,,,,,,,,,,,,,,,,,,,,,,,,,,,,,,,,,,,,,,,,,,,,,,,,,,,,,,,,,,,,,,,,,,,,,,,,,,,,,,,,,,,,,,,,,,,,,,,,,,,,,,,,,,,,,,,,,,,,,,,,,,,,,,,,,,,,,,,,,,,,,,,,,,,,,,,,,,,,,,,,,,,,,,,,,,,,,,,,,,,,,,,,,,,,,,,,,,,,,,,,,,,,,,,,,,,,,,,,,,,,,,,,,,,,,,,,,,,,,,,,,,,,,,,,,,,,,,,,,,,,,,,,,,,,,,,,,,,,,,,,,,,,,,,,,,,,,,,,,,,,,,,,,,,,,,,
ケ,0.2429837435483932,0.6616470813751221,0.4144341945648193,-0.5313122272491455,0.1043398976325988,0.1102759465575218,0.1062611937522888,-0.2478341162204742,-0.2821229696273803,-0.1260201185941696,0.3784200251102447,0.1037749797105789,-0.10788494348526,-0.294757604598999,0.5367764234542847,-0.928157925605774,0.1167352274060249,0.0656434595584869,-0.1832303702831268,-0.2120799869298935,-0.4948760271072387,-0.4055013060569763,-0.4894960820674896,0.4153940379619598,0.2371083348989486,0.0990686863660812,0.3000172078609466,0.2303175777196884,-0.1508395671844482,-0.4304077327251434,0.1607287675142288,-0.3669348955154419,-0.0078871855512261,-0.2883332073688507,-0.2220017313957214,0.4118724763393402,0.0157045312225818,-0.3442846238613128,0.6697462797164917,0.3244195282459259,0.492513507604599,-0.0104946829378604,-0.1454022377729416,-0.4759864807128906,-0.1838628053665161,-0.025675805285573,0.026679765433073,-0.2451867908239364,-0.145347774028778,0.2870108783245086,-0.0690131187438964,0.1475712805986404,0.2691896855831146,-0.0975613892078399,-0.1410095989704132,-0.2098197638988495,0.4573187530040741,-0.1174774765968322,0.0793971195816993,0.1471655964851379,-0.6074702143669128,-0.0248136818408966,-0.2856194376945495,0.2636463046073913,-0.1505414545536041,0.2051240503787994,0.1775323301553726,-0.1433065384626388,-0.0035859446506947,0.1596288084983825,-0.0907938554883003,0.2541209459304809,-0.4107077419757843,0.0826245546340942,0.4377497136592865,0.1316197663545608,0.1347358673810959,-0.6244744658470154,0.205821231007576,0.193708449602127,-0.1448723077774047,0.6121870279312134,-0.1083380207419395,-0.923694670200348,-0.3283492922782898,0.4229500889778137,-0.855821430683136,-0.6492044925689697,0.7465376257896423,0.1914977729320526,0.3263177573680877,-0.1214522197842598,0.1692380011081695,0.051663763821125,0.4650666713714599,0.0560071654617786,0.1095112487673759,0.000639735138975,0.0553719326853752,0.4078894555568695,-0.5672503709793091,-0.1987964212894439,0.2265511900186538,0.0204362273216247,-0.2532869279384613,0.102281630039215,-0.1485786437988281,0.2984353899955749,0.5234402418136597,0.1864424645900726,0.0229677036404609,-0.5233455300331116,-1.037511110305786,-0.0380867198109626,-0.5107100009918213,-0.0620136447250843,-0.146765798330307,0.2129094898700714,-0.0059054959565401,0.958530604839325,0.1520959734916687,0.6953815221786499,-0.2734029293060303,-0.4183167219161987,-0.6107425689697266,-0.0333437174558639,0.2114969491958618,-0.0050072912126779,0.2974022030830383,-0.5956506133079529,-0.1555178463459015,-0.3459401130676269,-0.4776040613651275,0.1496871560811996,-0.2893439829349518,1.3273342847824097,-0.2777860164642334,-0.3315542042255401,-0.1166881397366523,-0.7165441513061523,-0.3890847563743591,0.2689749002456665,0.4938358068466186,-0.3202112317085266,-0.355864554643631,0.2386700063943863,0.2283650189638137,-0.1370262056589126,0.3486682474613189,0.2297505736351013,0.070768654346466,0.7893009781837463,-0.4187586605548858,0.2134864628314972,-0.0380802862346172,-0.2275033444166183,-0.4241217076778412,0.8129070401191711,-0.0552768632769584,0.1299701780080795,0.4829398691654205,-0.3331312537193298,0.0883076786994934,0.6621437072753906,0.192182183265686,0.3532751500606537,0.5633125305175781,0.0806767791509628,0.5191296339035034,0.84903883934021,0.1574263125658035,0.1920378357172012,0.2674828171730041,-0.0119606144726276,-0.0179694071412086,0.3758255541324615,0.1096233204007148,-0.1509265750646591,0.0598473697900772,-0.6680653095245361,0.0179712958633899,-0.4222248792648315,0.2690566480159759,-0.6090359687805176,0.4296282827854156,0.1820018142461776,0.2575974762439728,-0.0080163571983575,0.2309181541204452,0.2193805873394012,0.0711452215909957,-0.1978735029697418,0.3086549341678619,-0.305957019329071,-0.2482561767101287,-0.040400955826044,-0.1866161823272705,-0.1047106832265853,-0.3690989017486572,0.6217343211174011,-0.0149576058611273,0.0208998396992683,0.1553537398576736,-1.0083690881729126,-0.6598727703094482,-0.0307220090180635,0.0740824490785598,0.2435399740934372,0.2011950463056564,0.4041383564472198,-0.3810803890228271,0.3071947991847992,0.2138439565896988,0.2134152352809906,0.7393538355827332,0.124230146408081,-0.4999823570251465,-0.6200705170631409,0.6957839727401733,-0.4209252595901489,0.2966658174991607,0.287886381149292,0.1154162883758544,-0.3496742844581604,-0.5425217747688293,0.3033263981342315,0.6870912313461304,-0.1928041577339172,0.2805252969264984,0.786598801612854,-0.2743557393550873,-0.7091795206069946,-0.755965530872345,0.4028015732765198,-0.5773530602455139,-0.0032976644579321,-0.1895332485437393,0.3897786438465118,0.103490449488163,0.4466934204101562,-0.2233365625143051,0.0843053236603736,0.1237956285476684,0.0208829268813133,-0.295165866613388,0.1247735247015953,-0.2412090301513672,-0.6967189311981201,-0.2191511392593383,-0.5633196234703064,-0.7809281349182129,0.2351743131875991,-0.0793177708983421,-0.6614803075790405,0.7603803873062134,-0.1348340362310409,0.1946591436862945,0.3506882488727569,0.6989926099777222,-0.2840446829795837,-0.9344939589500428,-0.6188869476318359,-0.109934501349926,-0.2047150284051895,-0.2345944344997406,0.2682673633098602,0.1313077062368393,-0.2012358456850052,-0.9308447241783142,-0.3641413450241089,0.5580544471740723,-0.4756347835063934,-0.2437719404697418,-0.0948891788721084,-0.5024368166923523,-0.1324057281017303,0.0524689331650733,0.6777330636978149,-0.5296950340270996,0.4793498516082763,-0.6652148962020874,0.2199455201625824,-0.9174380898475648,-0.3692097067832947,0.2431943714618683,-0.2337118685245514,-0.2766892313957214,-0.6346429586410522,-0.2657560408115387,0.0116315418854355,0.1325128227472305,-1.0660030841827393,-0.1120108589529991,-0.0864522457122802,-0.2063036113977432,0.5902285575866699,0.2407087236642837,0.3161251246929168,-0.2273279726505279,0.0248950850218534,0.1730425208806991,0.0993838012218475,0.4278195202350616,-0.1964274644851684,-0.2368857413530349,0.0010892205173149,-0.0591033622622489,-0.3960906863212585,0.5078621506690979,-0.163101851940155,0.2188931852579116,0.4486396014690399,-0.5537123680114746,-0.0463178567588329,1.2444818019866943,0.3487429320812225,-1.5020153522491455,0.5995408296585083,0.2303229719400406,0.4922672510147095,-0.0242355950176715,0.8289330005645752,0.1658795326948166,0.2400076240301132,-0.1751780658960342,-0.4951502084732055,0.8983199000358582,0.5475347638130188,-0.3157324492931366,0.4954361021518707,0.7171089053153992,-0.2827208042144775,0.3410134017467499,-0.6121780872344971,0.0275671202689409,0.3620475828647613,-0.1288771480321884,0.0586671493947505,-0.3593015968799591,-0.4158864617347717,-0.3234583139419555,0.2186788320541381,-0.054381426423788,0.3666248917579651,-0.6259625554084778,-0.3300541043281555,0.0359206236898899,0.905072808265686,0.7259753346443176,0.6455700397491455,-0.8034408688545227,-0.3687601089477539,0.3280030786991119,0.3391102850437164,-0.1116150394082069,-0.0498237125575542,0.3112061023712158,-0.6004527807235718,0.7444670796394348,0.004943897947669,-0.2737416625022888,0.4370934069156647,0.2138765752315521,-0.1150262430310249,-0.1550572216510772,0.3714747726917267,0.5801296234130859,0.0133970277383923,0.3824444711208343,0.1665427237749099,0.5571229457855225,0.0155771458521485,-0.3926637768745422,-0.2148728370666504,0.5078781247138977,-0.6612591743469238,-0.1466124355792999,-0.0399776212871074,-0.4440430402755737,0.3932904601097107,0.0550920702517032,0.1107166036963462,-0.4616883993148803,-0.0968769788742065,-0.3807919919490814,-0.3492355346679687,-0.7859245538711548,0.1585797220468521,-0.102816417813301,0.1691825091838836,0.0684942007064819,0.0590056367218494,0.6421015858650208,-0.3890002369880676,-0.694823145866394,0.49764084815979,-0.2100668847560882,0.616585910320282,0.1529806107282638,0.3491581380367279,-0.0853445529937744,0.5202713012695312,0.0830933153629303,-0.3337989449501037,-0.9165831804275512,-0.016295026987791,-0.7332712411880493,0.042853370308876,-0.1878782957792282,0.6519651412963867,-0.1901039034128189,0.1041358187794685,-0.2169331759214401,-0.1172236055135726,-0.6708835959434509,-0.4083777666091919,-0.0215285513550043,0.4125701189041137,0.1186963841319084,0.2391372174024582,0.0760342478752136,0.2227817773818969,-0.1969287544488906,-0.1205940619111061,0.2048063576221466,-0.2838293313980102,-0.2153407633304596,-0.3133227825164795,0.3032082021236419,0.2229405045509338,0.1993780732154846,0.1405640542507171,0.1348936557769775,0.9171162843704224,-0.0040773986838757,-0.5683957934379578,-0.202481135725975,0.0748540014028549,-0.5582358837127686,0.6207622289657593,0.603394627571106,0.3168795704841614,-0.2125132828950882,-0.0288510210812091,0.3115122616291046,0.2210391759872436,0.2493517100811004,-0.2543894052505493,-0.0992610976099968,-0.1656071990728378,0.6284988522529602,1.0713316202163696,0.2836301922798157,-0.1074520945549011,0.0900056660175323,0.4166778028011322,-0.3198823630809784,0.2921349704265594,-0.0971302092075347,-0.2276584059000015,-0.1310792714357376,0.1182970181107521,-0.0538550391793251,-0.6497675776481628,-0.0252242423593997,-0.2644214630126953,0.0595304928719997,0.1227905079722404,-0.0516981892287731,0.1294545233249664,-0.2900190353393554,-0.094262309372425,-0.1633104383945465,-0.1553844809532165,-0.4451681971549988,-0.0710231885313987,0.4448330998420715,0.2612958550453186,-0.5230633616447449,-0.1095476970076561,-0.5029499530792236,0.2451343834400177,0.2199645638465881,-0.973588764667511,-0.0070733963511884,0.4774846136569977,-0.4497261941432953,0.3073701560497284,0.7928303480148315,0.0182920433580875,-0.1018890142440795,-0.6858155727386475,-0.1857819855213165,0.0109096784144639,0.1317808181047439,-0.6567697525024414,0.8301150798797607,0.1016561090946197,-0.5717026591300964,-0.1149327009916305,-0.2627092003822326,0.034024178981781,0.0031094052828848,-0.3713329434394836,-0.3024531900882721,0.1304530352354049,-0.0712276026606559,0.3358756899833679,0.3019727170467376,-0.3836082518100738,0.5502412915229797,0.476828396320343,-0.1813965141773224,-0.2056408822536468,0.1381787955760955,0.1300579309463501,-0.2510866522789001,-0.490662008523941,0.5847228169441223,0.0990990921854972,0.4542977511882782,-0.5019312500953674,-0.4525839984416961,-0.9553918242454528,-0.3081034123897552,-0.4120027124881744,1.0101089477539062,0.106171153485775,0.5920789241790771,-0.5466233491897583,0.0369764156639575,-0.2334018349647522,-0.4807859659194946,0.0340243764221668,-0.00066391605651,0.1705408543348312,-0.5426018834114075,0.0597610399127006,-0.0566765144467353,-0.5716797709465027,0.5897325873374939,0.2156503498554229,-0.5519767999649048,0.214102029800415,0.3325624465942383,0.4883544743061065,-0.3271539509296417,-0.004443631041795,0.028824022039771,-0.4150506258010864,0.4931075572967529,0.598717451095581,-0.0168216433376073,0.0082954056560993,-0.4523566663265228,0.1862673312425613,0.4561715424060821,0.0995494574308395,0.5674883723258972,-0.1299070566892624,0.3055258095264435,-0.393447607755661,-0.5910243988037109,-0.1656953394412994,0.5245293974876404,-0.0361129119992256,-0.2305850982666015,0.520514965057373,0.812446653842926,-0.4471359252929687,-0.2025977224111557,0.5878554582595825,0.5430659055709839,0.5173218250274658,-0.1239184811711311,-0.0395412445068359,-0.1178594082593917,0.3187896609306335,0.1799277663230896,0.0406401194632053,0.0795059874653816,-0.3792600333690643,0.1649370342493057,0.0250375401228666,-0.0221073124557733,0.0572055093944072,-0.1905837059020996,-0.2511022388935089,-0.0188268590718507,-0.090795986354351,0.9667328000068665,-0.0944556295871734,-0.0823743417859077,-0.1619880199432373,0.0251872967928648,0.7463778853416443,0.3581504225730896,0.5912224054336548,-0.2392962276935577,-0.158086210489273,-1.1010819673538208,0.1275637000799179,0.313126653432846,0.2486414015293121,0.4778515994548797,-0.5838837027549744,-0.4259118437767029,0.1567355543375015,-0.0280694551765918,0.2171958833932876,-0.3518778383731842,-0.3050165474414825,-0.0396391414105892,-0.1147433742880821,-0.6355258226394653,0.1865203827619552,0.0695757940411567,0.2216122150421142,-0.2658445537090301,-0.1083803921937942,0.0552495196461677,0.7241560816764832,0.0491474531590938,-0.1668150871992111,0.4289432168006897,-0.5209513902664185,-0.3094995319843292,-0.2502380311489105,0.4035990536212921,-0.1378433555364608,-0.2864646017551422,-0.1820030808448791,-0.2839915752410888,-0.1860846579074859,0.1142166927456855,0.7544969916343689,0.3308906853199005,-0.4474155604839325,-0.2436137497425079,-0.6800034046173096,0.1107430011034011,-0.0449113100767135,-0.2781331539154053,-0.1667873561382293,0.0878268927335739,0.1511742919683456,-0.0381850898265838,-0.4347122609615326,-0.9467491507530212,0.2705251574516296,0.0103676039725542,-0.0074499985203146,-0.5324368476867676,-0.2000237107276916,0.1846408545970916,-0.1127865463495254,-0.0611799508333206,-1.416852951049805,0.2163655906915664,0.2854018211364746,0.474258691072464,-0.5205056667327881,-0.1401354521512985,-0.3134582340717315,0.079124741256237,-0.0675518810749054,-0.3643983602523803,0.2236636132001876,-10.126229286193848,-0.5954090356826782,-0.2013663649559021,0.1831450760364532,-0.6076692938804626,-0.0956417769193649,0.7921034097671509,0.413495659828186,-0.7086025476455688,0.2050848752260208,0.0776176750659942,-0.0283153001219034,0.3393615484237671,0.749784529209137,-0.4074761271476745,0.0213155783712863,-0.1998467445373535,0.0702861994504928,0.0554596148431301,0.2280466705560684,-0.0689334645867347,-0.4802581667900085,0.7317725419998169,0.0283301267772912,-0.0139087084680795,-0.2485344260931015,-0.0482468679547309,-0.0003126022929791,-0.2205953449010849,0.558956503868103,-0.9520581364631652,0.6147222518920898,0.0145301884040236,0.0522126071155071,-0.5024722814559937,-0.1647526025772094,0.0200219843536615,0.3842663764953613,-0.5653843879699707,0.1704603135585785,-0.1715089976787567,0.7515622973442078,-0.0378189496695995,0.3845742642879486,0.2855170965194702,0.2306790500879287,0.3776623606681824,0.3391391634941101,0.4178454279899597,-0.1351577639579773,0.1267131716012954,-0.8318745493888855,0.7936612963676453,-0.3537940979003906,0.0752086713910102,0.0817460492253303,0.5929507613182068,-0.4896476566791534,0.2425201833248138,0.0449772663414478,0.5130683183670044,0.2265548110008239,0.5212042927742004,0.771906316280365,-0.0512834563851356,0.0863157957792282,0.1183015257120132,0.1627729535102844,-0.6374534368515015,-0.1275700479745865,0.4738827049732208,0.3821472823619842,-0.1575829535722732,0.3601088225841522,-0.1020923852920532,0.0407757274806499,0.1951898038387298,0.284396082162857,0.6152212619781494,-0.1505789905786514,0.5937989950180054,-0.6158877611160278,0.3322451710700989,0.316054105758667,-0.8139500021934509,0.3925434052944183,-0.1298147588968277,0.0886130779981613,0.3968512415885925,-0.6393334865570068,0.7390257716178894,0.8232161402702332,-0.4749906957149505,0.1071046143770217,0.4608772695064544,-0.3346630036830902,0.1829065084457397,-0.0594441927969455,0.5927159786224365,-0.0158273372799158,-1.0071036,-0.84238577,1.1072987,0.7146443,-0.7848667,-0.38934848,-1.1282002,0.6091059,1.3454484,-0.23585086,0.7682904,0.2661315,-1.8528363,2.4011726,-0.54410565,0.43146867,0.90606916,-0.89507633,0.5838571,-0.4907696,0.16540338,0.19908884,0.9009165,-0.8301906,0.8926988,0.67846644,0.45670196,-0.22537926,-0.58667755,-0.70200694,0.20277958,-0.6809918,-1.050222,0.06277429,0.20139794,-1.1550575,-1.0448043,1.2109451,0.09954866,-0.6129913,-0.949741,0.5351624,-0.3903204,-0.035718113,-0.30490997,-0.3121722,1.789982,-0.34665298,0.8677565,-0.255801,-0.7382573,-0.30715242,0.09176481,0.71737564,0.19987984,0.037635993,1.0995611,0.797311,0.024604755,-0.2093341,0.70092005,0.7790521,-1.0423553,-0.21644405,0.16954586,0.56839365,-0.16085482,-0.17178245,-0.28507158,-0.261638,-2.2148483,-1.4701388,-0.14835013,1.410468,-1.0689021,0.78706086,0.2684185,-0.4711031,0.2247412,-0.15844724,0.44480848,0.036302008,-1.0444955,1.2115024,-0.4590891,-1.5076287,-0.23957025,-0.7513906,-0.73359257,-0.20113459,-0.13620016,-1.6230749,-1.3166335,-1.4968427,1.1804699,0.119256474,-0.7267677,-1.2882129,-1.0095172,0.2241143,0.06964537,1.7496624,0.2100793,-0.22660986,-0.43036693,-0.6064311,-0.5246161,-0.4980759,-0.5302835,1.2732884,-0.25416562,0.53859323,0.68708944,1.363188,0.6866146,0.63214725,-1.166299,-0.26584646,-0.906804,-0.010174556,1.0682949,0.68391275,-0.5878832,0.69342107,-0.37802267,0.94102806,0.06831087,-1.0207123,0.3958231,0.17627236,0.5270569,0.541053,2.1918328,0.9052637,-0.78416437,-0.5843829,-0.3771219,0.20488049,0.3527206,-1.1189526,-0.5596651,0.17152168,-0.020389736,-0.16612794,0.7535447,-1.6409099,-0.035635073,0.6218273,1.254199,0.31388262,-0.23863813,-0.23557246,-1.4058403,0.6736087,0.8590407,0.29594427,-0.07685418,0.2890532,-1.6686558,0.9577488,-0.19679455,1.4015608,-0.7423422,0.46639875,0.024096161,1.0144479,-1.0292723,0.464789,-1.0479946,-2.0066564,-0.22722653,-0.27204633,0.5260675,-0.07818432,0.6538908,-0.057986975,0.30681786,0.20619357,-1.1164321,-0.4731397,0.8280521,0.88428926,0.08944486,0.95973915,-0.030512448,-0.04756995,0.78571945,0.49534926,0.49414068,-0.22151789,1.3258799,-0.6690764,0.85516137,1.2235212,1.1288317,2.8826156,0.6945333,-1.6309187,-1.2866656,1.1512331,-2.4081035,-0.67738336,0.7259857,-1.1050403,1.2627872,-0.74680567,-0.53744787,1.6226728,0.56555617,0.14741342,-1.345838,-1.2500188,0.8923623,0.6145837,-0.92936534,-0.017312441,-1.2549752,0.30313855,-0.032226708,-0.18973134,0.6424026,0.5486668,0.31747937,1.0080411,-1.1362625,0.61205703,0.29934874,-0.15596008,-0.20135204,0.683936,-1.0811099,0.31696993,0.3100559,0.3546942,-0.6076285,0.6039887,-0.25441715,0.7486836,-0.5120073,0.9695545,0.64454937,-0.21843907,0.20127106,0.16421907,0.98474497,0.3325293,1.6783458,0.027342405,-1.499821,-0.25470886,0.38036564,1.0482959,0.15991868,0.3319567,0.33280072,1.191025,-0.6261129,0.4209513,-0.65281075,-0.535339,-0.120824285,0.9167331,0.51213133,0.19903578,0.20593956,-0.43538985,-0.8400312,-0.10708521,0.16830191,-0.84878874,-1.0137674,-0.66793007,-0.7198804,-0.06619237,0.2463207,0.24420176,-0.32351595,-0.7831556,-1.0733246,0.6254166,0.7056465,-2.0225143,-0.38966876,-0.23776612,-0.522932,0.6755889,0.13406886,0.07588484,0.07563532,0.15986945,-1.6705431,1.0419238,-0.033220742,0.5639661,1.2251605,-0.07742841,0.91358775,-0.8682253,0.19122574,-0.25534242,0.88347006,0.26606405,-1.5708157,0.8623811,-0.39356858,-0.7629579,0.7207314,-1.3759037,-0.7826285,-0.6690866,0.04737075,-0.15208162,-1.3492167,2.089605,-1.8197533,1.4421066,-1.5217887,-0.5355901,-1.1353991,-0.52995974,-1.2012739,0.17554463,0.24893618,-0.2553866,0.9583377,-0.07223561,0.011483257,0.18935552,0.15444735,1.1200868,-0.50588167,0.44597206,-0.6686203,-1.6383957,-0.12559998,0.40440917,-1.0861588,-0.7906865,-1.3394251,-0.5026602,-0.114081725,-0.40344223,-0.25227776,0.75960034,-0.3856683,0.8827366,-0.8026005,-0.47353163,0.09524642,-0.58143467,1.0160218,-0.19947655,1.4786643,-0.66771364,-0.7512771,0.6128615,-1.6353465,0.38855124,-0.32756424,1.995102,0.5647369,0.23070131,0.39726716,0.48539633,-0.61265457,-0.25681925,1.2496642,-0.004197172,2.0734794,0.46160573,-0.33713818,1.4890072,-0.17226885,0.40028808,-0.1414211,-0.34251285,1.827998,-0.3061707,-1.0726348,-0.20130877,-0.29112467,0.17960355,0.16334991,0.38280478,0.3106853,-0.12613419,0.56702584,0.0018000518,-0.6506549,-0.95987123,-0.2953038,0.66513443,0.6870052,1.2046055,1.2071484,-0.21898516,-0.54532987,-1.737084,0.20292197,1.2462598,0.6579839,0.28431052,-1.4599359,-0.017625043,0.5270121,0.44117853,-1.5436922,-1.5091325,1.3751107,0.18069005,0.65770644,1.7972955,-0.85766023,-1.5138758,-0.625916,0.4057785,-0.49869055,-0.82296705,-0.73067504,0.8322205,0.02225746,1.2914108,0.68295556,0.3145956,0.076914266,-0.5818744,0.7510243,0.42223755,-0.87936735,-0.17912138,-0.090561695,0.6561512,-1.2429063,-0.50352514,0.5169637,-1.7712861,0.4385414,-0.5741517,-0.23007433,-0.23255849,-0.053255204,-1.001252,-0.2567967,0.03614268,-1.129351,-0.17726962,0.3330014,-1.2023433,-1.3815024,1.0207435,1.3736545,-0.97959125,0.83256197,0.14550789,0.28525516,0.7669951,-0.16303763,-0.3511483,0.1801187,-0.36047068,-0.21978535,-0.26299316,-0.8105217,-0.30832657,0.45578578,-1.2015831,-1.1975001,1.01255,0.9901763,-1.5953699,-0.7222213,0.023871167,-0.40336508,0.50279135,0.70503,0.011594938,-0.09849457,-1.0405769,-0.29690677,-0.31644335,0.61597264,-0.07069609,-0.14524998,0.7825187,-0.4675903,0.41263372,1.7816762,0.039213262,1.3202721,1.207367,0.17540355,-0.112915464,0.5152787,0.00819689,-0.46483272,1.1146023,-1.225907,-0.42286128,1.2272816,-0.2914416,-0.21465632,-0.09259556,0.68619686,-0.55678546,-0.11078178,0.017765911,1.088835,1.6445739,1.2056216,1.3071117,-0.24703598,-0.2039802,-0.93310827,0.20407717,-1.5296013,-0.68434,-0.048348464,0.794546,2.35878,-1.0057982,0.39268965,0.6345035,-0.58861727,-1.0463561,0.59918433,0.32429537,-1.0360228,-0.71058816,0.22836903,-1.4788725,0.28002504,-1.6112463,-0.43209845,0.42868096,1.1623414,-0.46961102,-0.4417433,0.6408064,0.3569043,-0.8339714,0.20193522,1.0363566,1.3778974,-0.10171283,-1.0397358,0.5724829,-0.04910048,-1.4236014,-0.25033197,-1.103199,-0.54710764,0.061377354,-0.5462485,0.08673407,-0.32840654,-0.8332942,1.3381042,0.26122308,-0.20135002,0.57744735,-0.82412297,1.3420293,-0.16942117,-0.8434707,1.0386533,1.153165,-1.6001046,0.7544859,-1.575462,1.1032063,-0.61076343,0.9132341,1.0184878,0.7137317,-0.26303953,1.6075017,-0.32382837,0.05716312,-0.34432793,0.9494105,-0.68854654,0.32661113,-1.8573611,1.4135027,-1.5057164,-1.0285798,0.46632248,0.57974976,-0.36432713,0.3405169,-0.18904136,0.31165525,0.23643497,-1.4373748,1.2689888,2.029764,-0.5980296,-0.8625804,0.12219078,0.5615453,-0.65174264,-0.5372184,2.366575,0.58262306,0.758602,-1.2034768,-0.6722904,0.6775826,0.08010776,-1.0971544,-0.22759767,-0.71956044,-0.1689154,0.03596782,-0.3307198,1.1329557,-0.7986761,0.6353335,0.9961464,-0.72063965,0.149737,-0.055349775,-0.48474446,-1.4509413,-1.2512283,0.1376098,0.4921452,-0.8560473,0.3903148,0.8743594,1.4431789,0.42633438,-0.33926278,-0.75971454,0.8361779,0.5965457,0.6747688,-0.5227677,-0.96513665,0.67832786,1.1929985,-0.90305656,0.31505588,0.025826355,-0.58035994,-1.8201913,1.2727716,0.43563887,0.22517256,1.1768082,0.48729593,-0.5134053,0.88272196,-0.45293668,0.275519,-0.27362007,-0.67480296,-0.3356638,0.040204342,-0.81787556,0.22239709,-0.25506952,-0.14067923,-0.09835214,0.4069528,-1.285899,0.4254556,-0.015052951,0.5802031,0.32056546,0.41404626,-1.2052499,-0.48214227,-0.49171564,1.7015184,1.0592253,-0.20479317,-1.1749676,-0.052223925,1.19287,0.78684956,-0.014832454,0.008033037,0.4508243,-0.67979807,-0.552319,-1.186407,-0.5243197,0.5055491,0.6546981,-1.2205236,1.4082804,-1.8231659,0.60594827,-0.5278753,-1.5347937,0.074312426,0.19733216,-0.26396817,1.9509636,0.7359905,-0.56460613,0.00851552,0.91814584,1.1683712,-0.05794708,-0.65795225,-1.4630483,0.7250275,1.2470607,0.6202555,-0.9956541,0.13727891,0.6539344,-0.37987003,1.4254131,-0.5459207,-1.1234581,-0.46289605,0.016581638,-0.8504153,-0.6551675,-0.59154135,0.08337248,-1.295028,0.42202863,-0.704282,-1.0347408,0.36370775,-0.92061657,0.13007908,0.15066934,1.167693,0.5352533,0.5642336,0.4934342,-0.7070783,-0.20054306,-1.120475,-0.5897594,0.7706478,-0.74211293,0.40851524,0.19103183,0.7699545,1.5357454,0.3314572,-1.1814727,0.16666855,0.22950687,0.35818738,-0.17313454,-1.1396178,-0.41566268,0.13624638,0.5662833,1.2034262,-1.3998849,-0.59404814,-0.016357673,0.7332868,0.09350486,1.0534105,0.3492241,0.7125073,1.7003044,0.8672454,-0.060434725,,,,,,,,,,,,,,,,,,,,,,,,,,,,,,,,,,,,,,,,,,,,,,,,,,,,,,,,,,,,,,,,,,,,,,,,,,,,,,,,,,,,,,,,,,,,,,,,,,,,,,,,,,,,,,,,,,,,,,,,,,,,,,,,,,,,,,,,,,,,,,,,,,,,,,,,,,,,,,,,,,,,,,,,,,,,,,,,,,,,,,,,,,,,,,,,,,,,,,,,,,,,,,,,,,,,,,,,,,,,,,,,,,,,,,,,,,,,,,,,,,,,,,,,,,,,,,,,,,,,,,,,,,,,,,,,,,,,,,,,,,,,,,,,,,,,,,,,,,,,,,,,,,,,,,,,,,,,,,,,,,,,,,,,,,,,,,,,,,,,,,,,,,,,,,,,,,,,,,,,,,,,,,,,,,,,,,,,,,,,,,,,,,,,,,,,,,,,,,,,,,,,,,,,,,,,,,,,,,,,,,,,,,,,,,,,,,,,,,,,,,,,,,,,,,,,,,,,,,,,,,,,,,,,,,,,,,,,,,,,,,,,,,,,,,,,,,,,,,,,,,,,,,,,,,,,,,,,,,,,,,,,,,,,,,,,,,,,,,,,,,,,,,,,,,,,,,,,,,,,,,,,,,,,,,,,,,,,,,,,,,,,,,,,,,,,,,,,,,,,,,,,,,,,,,,,,,,,,,,,,,,,,,,,,,,,,,,,,,,,,,,,,,,,,,,,,,,,,,,,,,,,,,,,,,,,,,,,,,,,,,,,,,,,,,,,,,,,,,,,,,,,,,,,,,,,,,,,,,,,,,,,,,,,,,,,,,,,,,,,,,,,,,,,,,,,,,,,,,,,,,,,,,,,,
エ,0.0749431177973747,0.5010326504707336,0.3710091114044189,-0.6560860276222229,-0.0393311083316803,0.1110338270664215,0.0859642401337623,0.0129492720589041,0.0309907756745815,-0.211056187748909,0.9358340501785278,0.1515482664108276,0.2768792510032654,-0.5607249140739441,0.5666325688362122,-0.4205234050750732,-0.0514361336827278,-0.409527987241745,0.0087934993207454,-0.2534026503562927,-0.662889838218689,-0.5673192143440247,-0.4004799723625183,0.3462963700294494,0.2720090448856354,-0.3106721639633178,-0.0153719121590256,0.1219049021601677,-0.0711736679077148,-0.1898295879364013,-0.5257799029350281,-0.5601031184196472,-0.0119114443659782,0.3211928606033325,-0.5740010142326355,0.2335926294326782,-0.0217736177146434,0.2182086557149887,0.381268709897995,-0.3959852457046509,0.1372956931591034,0.4798860251903534,-0.0752676799893379,-0.2060661315917968,-0.0997740179300308,0.5041969418525696,0.1902588605880737,0.2213988602161407,0.1714688241481781,0.0679966434836387,-0.4217140674591064,-0.0168467536568641,0.2043122053146362,-0.1903988867998123,0.0538444705307483,0.4335804581642151,0.0571286678314209,-0.5621520280838013,-0.0375801064074039,0.3367684483528137,-0.4257773756980896,-0.3871409296989441,-0.4007278382778168,0.4770677387714386,-0.31719970703125,-0.2118542194366455,-0.2097134888172149,0.0095695564523339,-0.440587431192398,0.0129947438836097,-0.3038898408412933,0.0424129404127597,-0.0943005010485649,-0.6754307746887207,0.8318064212799072,0.0375881008803844,0.4462927281856537,-0.6719961166381836,-0.1212290599942207,-0.1193667128682136,-0.5262832641601562,0.3429143130779266,-0.2234872728586197,-0.6913549304008484,-0.4837868809700012,0.3528997004032135,-0.6478340029716492,-0.7440022230148315,0.7960655689239502,-0.0685420781373977,0.0856943354010582,-0.0958595424890518,0.2736121714115143,0.4215126633644104,-0.1404181718826294,-0.0187079757452011,0.2700517773628235,0.0099487397819757,-0.0817176774144172,0.3633236289024353,-0.0221207719296216,-0.186085358262062,-0.0417227186262607,-0.0841543450951576,0.1982919126749038,-0.2140036225318908,-0.0435556881129741,0.1449015885591507,-0.0029432601295411,-0.0543723404407501,-0.1221221834421157,-0.7235029339790344,-0.2588759660720825,0.2878579795360565,0.1313011646270752,0.0211674720048904,-0.2963569760322571,0.8375142216682434,-0.4395132958889007,0.4824954271316528,0.0797572657465934,0.3578066527843475,-0.1532616764307022,-0.2701750993728637,-0.2237030118703842,0.574558675289154,-0.102646104991436,0.3830364048480987,0.1745470762252807,-0.5298358798027039,0.2133499234914779,-0.2185020595788955,-0.1887807995080948,0.4014162719249725,-0.0559132732450962,0.6713578701019287,0.2789525687694549,0.4715734720230102,0.3285359144210815,-0.7746561169624329,-0.0957909896969795,0.3114047646522522,0.2697217166423797,-0.3401710391044616,0.5627554059028625,-0.2159447371959686,0.2518156170845032,-0.0929246991872787,0.1412185430526733,0.3115687370300293,0.1791305094957351,1.2047104835510254,-0.2105723321437835,-0.1966185718774795,-0.2365557551383972,-0.051765888929367,-0.3071994185447693,0.1252636611461639,0.1052574664354324,0.4957506954669952,0.4416899681091308,-0.3907606899738312,0.0425344593822956,0.4740809500217438,-0.2821821570396423,0.6412449479103088,0.5071831941604614,0.0508637130260467,0.3439184427261352,0.6333444118499756,-0.0284297224134206,0.5089585781097412,-0.1086053624749183,-0.5634750723838806,-0.0309455096721649,0.7188382744789124,0.311085969209671,0.6358630657196045,0.6108752489089966,-0.8965632319450378,-0.1295465379953384,-0.1185513958334922,0.4232197403907776,-0.8145791888237,0.4032543897628784,-0.3262531161308288,0.0159038063138723,-0.214253544807434,0.1698854565620422,-0.1010085046291351,-0.698457658290863,-0.0076903025619685,0.1109161227941513,-0.1491693258285522,0.0695568621158599,-0.2233514934778213,-0.0167310871183872,-0.015342017635703,-0.4737337827682495,0.6624923944473267,-0.1559403836727142,0.2207432687282562,0.0569845475256443,-0.5219500660896301,-1.2316482067108154,-0.4402652084827423,0.1799165308475494,0.6104909181594849,0.1239572167396545,0.150706797838211,0.1248641982674598,0.5599746108055115,0.17961485683918,0.4113308787345886,0.8713894486427307,0.0085140224546194,-0.808025598526001,-0.4608233869075775,0.7838011384010315,-0.863122820854187,0.0805009827017784,0.1366147398948669,0.2772863805294037,0.1550791710615158,-0.7040775418281555,-0.0131914457306265,0.4275945723056793,-0.072159469127655,0.1844909191131591,0.793224573135376,-0.0839586034417152,-0.751721978187561,-1.2341216802597046,0.1730105280876159,-0.6860142946243286,0.2278774529695511,-0.5205190181732178,0.5394347906112671,-0.2303494960069656,0.7310740351676941,-0.1670832484960556,-0.0219035483896732,0.3549574315547943,-0.2393565475940704,-0.5964962244033813,0.2471265792846679,0.277322769165039,-0.6431230306625366,-0.8614026308059692,0.1485059857368469,-0.3955720067024231,-0.3469831049442291,0.5136789679527283,-0.1920532435178756,0.4309240579605102,0.2742425203323364,0.3554822504520416,0.2859397530555725,-0.1083761602640152,-0.1788811236619949,-0.4731722474098205,-0.5599711537361145,-0.2128765732049942,0.3954005241394043,0.357731431722641,0.4167017638683319,0.235432744026184,-0.5407547354698181,-0.7101407647132874,0.0172899886965751,0.2256495356559753,-0.8143934011459351,-0.1771579086780548,-0.4117016196250915,-0.3668525516986847,0.4502196907997131,-0.010294952429831,0.3205542862415313,-0.0579238422214984,0.6466991901397705,-0.3707708418369293,0.1495065540075302,-0.6712538599967957,-0.1695050746202469,0.0971602499485015,-0.1352232992649078,-0.5953330993652344,-0.5814643502235413,-0.6016782522201538,0.3324083983898163,0.27141934633255,0.1118214651942253,-0.450823575258255,0.162023589015007,-0.2617408037185669,0.1260527372360229,0.7692469954490662,-0.1068775355815887,0.0980919077992439,0.8634207248687744,0.2058811634778976,0.1528165489435196,0.1129610240459442,-0.2915551662445068,-0.0847493857145309,-0.6286470890045166,-0.3785236477851867,-0.3954266309738159,0.6105015277862549,-0.3894446492195129,-0.1456832438707351,1.0077064037322998,-0.1247380748391151,0.1983711421489715,0.8306106328964233,0.6311897039413452,-1.380234956741333,-0.0884410068392753,0.1388814002275467,-0.0937888920307159,-0.2333306223154068,0.3486403524875641,0.3726886212825775,0.0771161168813705,-0.1585301458835601,-0.2015129178762436,0.8199771046638489,0.6578356623649597,-0.3070632815361023,-0.4453116059303283,0.5956208109855652,0.1386835277080536,0.3188926875591278,0.0521704368293285,-0.1059231013059616,0.3507256507873535,-0.4518594443798065,0.2438142448663711,-0.4377323389053345,-0.2286379337310791,-0.1234437376260757,0.199282705783844,0.0153326885774731,0.3558323681354522,-0.1752387136220932,-0.1933534294366836,0.5626264810562134,0.920954167842865,0.3658363819122314,0.7407443523406982,-0.1070056408643722,-0.0405289568006992,0.2043249756097793,0.6213338971138,0.2409420162439346,0.1001663953065872,-0.5828248262405396,-0.2984749674797058,0.3780459463596344,-0.211902230978012,-0.4752582013607025,0.5304667949676514,0.1041564494371414,-0.2018498927354812,-0.477229505777359,0.7384042739868164,0.5590384006500244,-0.2059563547372818,0.6611539721488953,0.5554072856903076,0.6567457318305969,0.2722589671611786,-0.1388095766305923,-0.3048117458820343,-0.0825459584593772,-0.0733940079808235,-0.0752356722950935,0.1497256457805633,-0.3450393676757812,-0.2782748341560364,0.0019222253467887,0.0486252047121524,-0.4260407090187073,0.1734906882047653,-0.2195824682712555,-0.6376174688339233,-0.7793687582015991,-0.063861608505249,-0.5986669063568115,-0.4026835560798645,0.1535077095031738,0.3492183685302734,0.4964047968387604,-0.7464361190795898,-0.1271601021289825,0.251165896654129,-0.4921227097511291,-0.0871448442339897,0.3863778412342071,0.2233757823705673,-0.2901251018047333,0.3032810091972351,-0.3707574307918548,-0.4037947356700897,-0.5771791338920593,-0.044406022876501,-0.104837954044342,0.2173322588205337,0.4064656794071197,-0.2222395986318588,-0.0843929201364517,0.4954863786697387,-0.3509054481983185,-0.1521254926919937,-0.3213151395320892,-0.2467758059501648,-0.3823592960834503,-0.0004126716521568,0.2382006198167801,-0.0721666291356086,0.4457323253154754,0.12066450715065,0.2801474034786224,-0.2946795523166656,0.0558578930795192,-0.0915755033493042,-0.0672047361731529,-0.6947820782661438,1.043548822402954,-0.2698815464973449,0.6022354364395142,-0.1585612595081329,-0.1920691132545471,0.5223063826560974,0.1901698559522628,-0.3558352589607239,-0.0084017505869269,-0.0078360205516219,-0.7592402100563049,0.3996194899082184,0.1867904961109161,0.4296346008777618,-0.6996725797653198,0.2841742932796478,-0.0073746871203184,-0.3833093047142029,0.3453073799610138,0.0295856371521949,-0.0858638137578964,-0.176126018166542,0.2847397327423095,1.128198742866516,0.2592743933200836,0.5765736103057861,0.2231803685426712,0.0346827544271945,-0.2903764843940735,0.3834536373615265,0.5880371332168579,0.4451239109039306,-0.0262109413743019,0.0362952724099159,-0.5897907018661499,-0.1578114777803421,-0.2345291525125503,-0.1075652614235878,0.2756355404853821,-0.0312539003789424,0.4429961740970611,-0.2004246711730957,0.0638856515288353,-0.1451282352209091,-0.9031107425689696,0.1222156733274459,-0.1834559738636016,0.1905830055475235,0.6729186773300171,0.0866291671991348,-0.1776756793260574,0.6918963193893433,0.0155387427657842,0.2878796756267547,0.2941742241382599,-0.5048111081123352,-0.2961974442005157,0.0720140784978866,-0.2909269034862518,-0.0977205261588096,0.2293915599584579,0.3342984318733215,-0.4124390780925751,-0.684638261795044,0.3148770630359649,0.1597632616758346,-0.0436460860073566,-0.2034602612257003,0.176448568701744,-0.1126431450247764,-0.4202786982059479,-0.3832724690437317,-0.4151628315448761,-0.3104378879070282,0.1650653779506683,-1.2466304302215576,-0.2332406938076019,0.1884365230798721,-0.2688154578208923,-0.0736619308590889,0.4764087200164795,-0.3358447849750519,0.1452673226594925,0.2703050971031189,0.2237081676721573,-0.2590507268905639,0.0192719046026468,-0.0795586183667182,0.0360382497310638,-0.1438534706830978,0.817067563533783,0.1579559445381164,0.5941767692565918,0.3027631342411041,-0.7028121948242188,-0.5920444130897522,-0.4645710289478302,-0.7179806232452393,0.6742623448371887,0.2435949891805648,0.8040297627449036,-0.008918591775,-0.1653932631015777,-0.0711243376135826,0.4084788560867309,0.0711899250745773,0.060596790164709,0.1597693860530853,-0.2148708552122116,0.5213537216186523,-0.7979964017868042,-0.7235814332962036,0.6335520148277283,0.1019856408238411,-0.4841380715370178,0.1760994046926498,0.4590330421924591,0.1125073805451393,-0.3673014938831329,0.0359121635556221,0.0998397096991539,-0.3449825346469879,-0.1475851982831955,0.0724823996424675,0.337226003408432,0.2343750745058059,-0.284378707408905,-0.2747551798820495,0.8732015490531921,0.5530959367752075,0.3112063705921173,0.0513002574443817,0.0139406127855181,-0.0974974036216735,-0.3201525807380676,-0.0299951583147048,0.4052170515060425,0.5808098316192627,-0.0588267035782337,0.5734966397285461,0.3379321992397308,-0.4853165745735168,-0.1704242974519729,0.954895794391632,0.0769428685307502,0.4070640206336975,-0.3711090385913849,-0.2573497295379638,-0.7029648423194885,0.1889971941709518,-0.3051510155200958,0.0327525250613689,0.6434774994850159,0.399682879447937,0.3450816571712494,0.1136735007166862,0.1362553387880325,-0.0839655026793479,0.3553557097911834,0.2357159852981567,0.3322381377220154,-0.1449383348226547,0.177589938044548,0.3900604546070099,-0.3421905934810638,-0.4446595311164856,-0.1966626197099685,0.3757204711437225,0.7618974447250366,0.0669720694422721,-0.0896947532892227,-0.1943534165620803,-1.4250625371932983,0.0408629849553108,0.2390487492084503,-0.1056598871946334,0.6612232327461243,-0.3579338490962982,-0.0024675633758306,0.5101805329322815,0.7155277729034424,0.904975652694702,-0.3297808766365051,-0.7374759912490845,-0.150851309299469,-0.0983057022094726,-0.2111362665891647,0.3975003063678741,0.1607130616903305,0.3469347953796386,0.2551337778568268,0.019056286662817,-0.0540425591170787,0.6164014935493469,-0.0906426012516021,-0.1723643839359283,0.5014562606811523,0.208467498421669,-0.0607839860022068,0.0516667477786541,0.0861604735255241,-0.0767332762479782,-0.333077609539032,0.0226525943726301,-0.4775790572166443,-0.1980053484439849,-0.0786902010440826,-0.0766219198703765,0.2640433311462402,0.0717762410640716,-0.1749752908945083,-0.2701096832752228,-0.0458554662764072,0.2411010712385177,-0.5189756155014038,-0.4917986094951629,-0.1243263110518455,-0.0921150967478752,-0.1277189403772354,-0.3560868799686432,-0.8639858961105347,-0.74403977394104,-0.0318985469639301,0.0938406363129615,-0.6164048910140991,-0.4533934295177459,0.3096181154251098,0.3297369182109833,-0.1638644486665725,-1.0943195819854736,0.4664691388607025,0.0408923849463462,0.5658580660820007,-0.4973099529743194,0.1925394237041473,-0.2818112969398498,-0.0399208925664424,-0.6177926063537598,-0.3555668890476227,0.4475041925907135,-10.153399467468262,-0.3599840402603149,-0.7595536112785339,-0.6855631470680237,-0.2458588033914566,0.2240585684776306,1.2206475734710691,0.3808872699737549,-0.4861872792243957,0.0686450004577636,0.1692031621932983,0.2285959124565124,0.0912148728966713,0.6852289438247681,-0.3793286681175232,-0.3994357883930206,-0.1460523605346679,0.1557333469390869,-0.0443009510636329,0.1980044394731521,-0.2460727840662002,-0.1713671833276748,0.3375617563724518,0.2444052994251251,0.0044457670301198,-0.3166196942329407,-0.5726965069770813,-0.1580016314983368,-0.1992977410554886,-0.0791026130318641,-0.4226790964603424,0.2348426133394241,-0.2147015035152435,-0.1036305800080299,-0.292151540517807,-0.0128618264570832,-0.1198069527745246,0.0942057892680168,-0.8203505873680115,0.4572871029376983,0.3889889121055603,-0.1811655312776565,0.32080078125,0.0758871957659721,0.350387841463089,0.0100688440725207,0.8307955861091614,-0.1307865381240844,0.3256823122501373,-0.0503523461520671,0.3469188213348388,-0.5069632530212402,0.2867747247219085,-0.3743391335010528,-0.1176211014389991,-0.0606089197099208,0.8165594339370728,-0.8023248910903931,0.0516206808388233,0.102803461253643,0.0552830509841442,0.1893246471881866,0.6527770757675171,0.3593394458293915,-0.2308391034603119,0.0804167315363884,0.2592554092407226,0.0644260793924331,-0.4231237769126892,-0.2595343887805938,0.0551220141351223,0.1739334911108017,-0.1747120320796966,0.0012442307779565,-0.2372197359800338,0.4570473432540893,0.5787063241004944,0.4222153723239898,0.2878996431827545,0.0781440958380699,0.3834221065044403,-0.5836068987846375,0.3235379159450531,0.0089804455637931,-0.6085178852081299,0.2586498558521271,-0.2114227265119552,-0.0624385923147201,0.3221389055252075,-0.6665878295898438,0.635194718837738,-0.480550467967987,0.0325992666184902,0.278866171836853,0.6550256013870239,0.1526957303285598,-0.2973670959472656,0.0376310832798481,0.3147817552089691,0.097697764635086,-0.39382458,-1.1492053,0.58329964,1.5475794,-1.0351344,0.5051809,-0.39705077,0.4195244,0.8161103,-0.50918704,0.87391025,-0.16615395,-1.5833322,1.470809,-1.6519397,0.9320833,0.9811165,-1.1835209,-0.66690654,-0.44693652,1.1654574,0.5502958,0.49826077,-0.6029828,0.23201734,0.6986074,0.1437874,-0.36153126,-1.2253785,-0.29709783,-0.3089423,-0.8443225,-0.5336737,-1.3831167,-0.41385877,-2.068395,-0.83561474,1.197103,0.8241739,-0.64494205,-0.43426982,0.823487,-0.54364425,0.12555486,-1.1712176,0.05944221,1.7791568,-1.1997132,0.6681285,-1.1905197,-0.03635778,-0.8761495,0.6878627,0.5274902,0.67455345,-0.6601136,1.0434276,0.21883273,-0.5806616,-0.4173816,0.6288831,1.0001663,-1.4115103,-0.25835082,0.687301,1.1033835,0.32320914,-0.19364202,-0.07497955,-0.15414186,-2.0712793,-1.0334396,0.19232829,0.5130941,-1.1638904,0.49289694,0.13361196,0.010463417,-0.3518699,-0.5673082,-0.26498505,0.59781533,-1.4318314,1.069117,-0.5136213,-0.13088778,-0.2480098,1.215432,-1.8023478,-0.29024503,0.046823356,-0.9053646,-1.3909492,-1.1639441,0.77353716,0.38152075,-0.50027406,-0.07851911,-1.4504288,0.040190697,0.14635159,0.8034931,-0.44234335,-0.92563385,-0.36415553,-0.15637945,-1.4668875,-0.76308924,-0.9669874,1.1411954,0.2993838,-0.44935796,0.90411043,2.1945665,0.8244783,1.7146734,-0.6030465,-1.158836,0.2670034,0.16888897,1.4105102,0.13921191,-0.9287961,-0.49660492,0.72071934,1.5611582,0.32489914,-0.884909,1.0059891,-0.47756422,0.9147496,-0.22941059,1.6329303,0.30588868,-0.38103995,-0.2556804,-0.8926546,0.064806856,0.5899088,0.066591494,-0.9040582,-0.24981415,-0.15710549,-0.27424398,0.35361195,-1.7755318,0.17666703,1.3673916,0.8979132,0.49800563,-0.1948422,-0.45406857,-1.0035576,0.26947153,0.4636439,-0.89310604,0.21188115,-0.06339099,-0.95934325,2.2108593,0.9703889,1.6560858,-1.1012979,0.6716008,0.42409745,0.24075596,-0.2994163,1.1596916,-0.10494286,-2.5558236,0.28185213,-0.3881143,0.4619991,-0.18002068,0.7766866,-0.27142286,1.3113842,0.4418684,-0.7576085,-0.27560028,0.33799234,1.2405834,0.05375594,1.17275,-0.455519,1.5864474,0.91307634,-0.050676268,0.8769595,-0.016415616,0.6576865,0.6241892,0.6987517,1.440113,0.42226318,2.533593,-0.19969414,-0.8182238,-1.4098058,0.26400712,-2.6817625,0.7418299,0.80911064,-0.5020149,1.5337225,-1.0337907,-1.437821,2.0492218,0.8081641,-0.27452466,-1.8726888,-0.8249453,0.69020396,1.6884079,-0.73817235,0.19507532,-1.5415825,0.46209767,-0.09009134,-0.2401213,0.95839405,0.4833385,-0.100670844,0.8425231,-1.6031688,0.620994,0.51298696,0.7576979,0.5456683,-0.017954001,-1.178023,0.4378294,1.3861412,0.13079436,-0.3638338,0.1522791,-0.97531646,0.7582777,-0.19480103,0.35536098,0.42854843,-1.6251583,0.06012665,-0.2317033,-0.18015067,1.151682,1.9031844,-0.07218823,-1.6207639,-0.7390607,0.6135217,0.72758096,-0.014378668,-0.24574934,0.8415093,1.3627287,-1.2209935,-0.4765165,0.51284075,-0.33221313,0.10054907,0.9405451,-1.5291783,1.372202,1.2183374,0.20473033,-0.20034434,0.29920647,-0.81638575,-0.713981,-1.5392141,-0.78943735,-0.8342064,0.8055604,-0.2408929,0.82284623,-1.1226343,-1.0786325,-0.90615636,-0.21881892,0.39398447,-0.8693989,-0.29915383,0.30317593,-0.6140031,0.8925584,-0.14833486,-0.5384889,0.6817894,0.499365,-1.2314708,1.043082,-0.061968803,0.73637533,0.53180665,0.26793966,1.444478,-0.76256686,0.5647166,-1.5683788,0.9614822,1.683712,-2.0184891,0.770305,-0.5367208,-0.87419015,0.78699064,-1.5477953,-0.20885508,-0.51744246,0.27135193,-0.74163604,-1.3740069,1.7059301,-2.3518336,1.6023415,-2.0872347,0.07201185,0.07550138,-0.15944774,-0.7760741,1.3220834,0.78772193,0.51453584,0.9891033,0.23913415,0.43446708,0.37540567,0.7575254,0.12542178,-1.0533458,0.82659405,-0.30806005,-1.7782655,-0.22622752,1.4044868,-0.9954982,-1.9672784,-1.1609997,-0.24348545,0.92046565,-1.806523,-0.3914635,1.0988792,-0.7935216,0.8554458,-1.2378091,0.43862805,-0.7343703,-0.5530759,1.7971557,0.19524984,1.4345517,-0.6888028,0.4786297,0.92994136,-2.3281968,-0.6031839,0.3065497,2.1688793,0.50766236,0.68072885,1.2119458,-0.52216244,-0.740485,-1.0625489,1.2085991,0.0009133518,1.8819537,0.40934518,-0.4254845,1.3508466,-0.10138139,1.360758,-0.03870919,-0.49270427,1.381183,-0.5374007,-0.33717477,-0.28433782,-0.60404974,0.77969104,-0.37574854,0.35735855,-1.2101783,-0.3798605,0.22456817,1.2256851,-1.1849611,-1.1911787,-0.99881667,-0.22412455,0.81247187,1.543315,1.6981183,-0.42979965,-0.71140575,-2.5636153,0.8524247,1.4652185,0.078968816,0.30759725,-2.1587212,-0.28568915,0.4155812,-0.47050783,-0.27038866,-2.3978279,1.865115,0.89629793,0.31871334,1.6890432,-0.86176133,-1.1628047,-0.1952712,0.29185358,0.7852025,-1.5224034,-0.54538155,0.7589771,-0.8420039,1.4506092,0.38886258,0.03890596,1.2238755,-0.21701641,0.946553,-0.34347844,-0.6550885,-0.30164418,-0.15278293,0.6646388,-1.4842976,-1.1093036,0.1400658,-0.85579985,1.2310416,-0.67610717,-0.65541327,0.18574636,-0.36743,-0.63952416,-1.4599894,0.016553456,-0.8939485,-0.59170055,0.4664291,-1.582091,-1.862827,0.66859275,0.7244224,-0.826258,0.5234618,0.87382644,0.57646877,0.771957,-0.4401867,0.28552625,0.149563,0.43454683,0.26101074,-0.7067614,-1.1305593,-0.25105986,0.087378524,-1.3394036,-1.2195059,1.1593152,0.62323004,-2.024527,-0.3047719,0.042930316,-0.55718243,0.80495757,1.1571159,0.87366706,0.08729289,-0.5238405,0.16408604,-0.13611835,1.204817,0.01606317,-0.06688408,1.4401346,0.046960056,-0.3061006,1.1431935,0.36671695,0.36359128,0.8357584,0.43418884,-1.007198,1.2225173,-0.8602602,0.47024754,-8.8093184e-05,-1.4330326,-1.3086863,1.8873507,-1.1777943,-0.7805691,-0.09198276,-0.3722274,0.33760163,0.8548818,-0.24784885,0.9904471,1.3151183,0.6249526,1.7349375,-1.139239,-0.4253985,-0.06929863,0.88930607,-1.1316501,-1.7216372,0.48995486,0.5221452,1.4704026,-0.61463994,-0.08334207,1.3111311,-0.91501933,-0.23614591,0.82938784,-0.0653756,-0.12762609,0.14269628,0.11938191,-0.79816467,-0.82686514,-1.6756252,0.68132776,0.47279072,1.6930603,-0.3683444,-0.06442233,0.5442922,0.51276547,-0.591088,0.43877605,0.6306223,0.93577385,-0.10772707,-1.0395601,-0.01614827,-0.860984,-1.7200823,-0.5484285,-1.5020342,-0.9762769,0.01430919,-0.5082318,-0.07193195,-1.7146158,-1.2726123,1.364028,-0.2877447,-0.2138658,0.35760632,-0.3889489,1.2091751,-1.4560775,0.4378132,1.5621386,0.008621812,-0.6131097,0.7978549,-0.6250002,0.5819443,-0.661189,0.98958063,0.7105383,0.9040951,-1.0502142,1.0374079,-0.36593243,-0.40307888,0.2878559,0.42571047,-0.037765328,-0.43807015,-2.1648538,0.90878344,-2.0651891,-1.063541,-0.08229802,0.48746705,-0.124469124,-0.57251436,-0.108091734,-0.2645102,0.80354196,-1.0105554,0.53411907,1.0945867,-0.61375284,-0.33927336,1.6454659,0.7417725,-0.41006184,-0.4861077,2.7387102,0.63304776,1.660953,-0.71230793,-1.2049121,0.8165104,-0.534934,-1.2392608,0.5694799,-0.3089677,0.7397801,-0.17071407,-0.09455379,0.37311777,-1.0553774,-0.9827685,0.9189029,-1.661025,-0.29064885,0.9940224,-0.35940614,-1.1506002,-0.39653325,1.1084405,1.1911892,-0.19978572,0.08603424,0.009981739,2.5122511,1.0018497,-0.18770905,-0.564445,0.97520477,0.9033117,0.040923286,-0.17357016,-1.530549,0.35804582,1.3293766,-1.3746957,1.1609501,-0.85685474,0.23118909,-2.2613983,0.85601395,-0.09086606,0.06614098,1.193974,-0.114742614,-0.1530423,-0.105439365,0.6296651,-0.23464839,-1.2092037,0.8282116,-0.044199705,0.07831652,-1.4151753,-0.5833809,-0.38313794,0.55629486,0.71022576,0.23548305,-1.2763096,0.9245057,0.5776799,1.2936813,0.33352777,-0.12593587,-0.7185773,-0.34136066,-0.8502293,0.7667001,1.0628465,-0.09419206,-1.8577257,0.031641673,1.064293,-0.21139713,-1.298973,0.2655398,-0.030370355,-0.4760178,-0.31114486,-1.2261655,-0.47365376,1.1486226,0.86743027,-0.9313242,0.46987924,-1.5877303,0.96017456,0.4522369,-1.2643365,0.36440095,0.44978544,-0.97546476,1.377644,1.2530438,-0.1676734,-0.47024205,0.43597677,1.254119,-0.19745071,-0.1700987,-1.5986601,1.3701712,1.402329,0.23379831,-1.7739674,0.0734183,-0.35512313,-0.40625,2.4800537,-1.4024214,-0.100545526,-0.28209302,-0.85692626,-1.0188105,-0.5094869,-0.765826,-0.45292255,-1.3822584,0.1850089,-1.347988,0.13340922,0.6024187,-1.0905594,-0.22547118,-0.3385615,1.6326965,1.0473244,0.12345922,-0.019656241,-1.2745785,-0.11120256,-0.05701874,0.11485025,0.4972711,-0.42375174,0.121161856,0.60453314,1.1581391,2.3123896,0.55501175,-0.41094533,1.065966,0.07930428,-0.20837249,0.9390113,-0.70309764,-0.4016131,0.26223293,-0.68627006,-0.05321653,-1.0638466,0.4619991,-0.09282983,0.9701576,1.0088089,0.7249083,0.023020016,0.33726314,2.1057951,0.08691918,-0.1928047,,,,,,,,,,,,,,,,,,,,,,,,,,,,,,,,,,,,,,,,,,,,,,,,,,,,,,,,,,,,,,,,,,,,,,,,,,,,,,,,,,,,,,,,,,,,,,,,,,,,,,,,,,,,,,,,,,,,,,,,,,,,,,,,,,,,,,,,,,,,,,,,,,,,,,,,,,,,,,,,,,,,,,,,,,,,,,,,,,,,,,,,,,,,,,,,,,,,,,,,,,,,,,,,,,,,,,,,,,,,,,,,,,,,,,,,,,,,,,,,,,,,,,,,,,,,,,,,,,,,,,,,,,,,,,,,,,,,,,,,,,,,,,,,,,,,,,,,,,,,,,,,,,,,,,,,,,,,,,,,,,,,,,,,,,,,,,,,,,,,,,,,,,,,,,,,,,,,,,,,,,,,,,,,,,,,,,,,,,,,,,,,,,,,,,,,,,,,,,,,,,,,,,,,,,,,,,,,,,,,,,,,,,,,,,,,,,,,,,,,,,,,,,,,,,,,,,,,,,,,,,,,,,,,,,,,,,,,,,,,,,,,,,,,,,,,,,,,,,,,,,,,,,,,,,,,,,,,,,,,,,,,,,,,,,,,,,,,,,,,,,,,,,,,,,,,,,,,,,,,,,,,,,,,,,,,,,,,,,,,,,,,,,,,,,,,,,,,,,,,,,,,,,,,,,,,,,,,,,,,,,,,,,,,,,,,,,,,,,,,,,,,,,,,,,,,,,,,,,,,,,,,,,,,,,,,,,,,,,,,,,,,,,,,,,,,,,,,,,,,,,,,,,,,,,,,,,,,,,,,,,,,,,,,,,,,,,,,,,,,,,,,,,,,,,,,,,,,,,,,,,,,,,,,,
セ,0.6034827828407288,0.0750778391957283,0.8657544255256653,-0.3678527474403381,-0.0313357412815094,0.0785465538501739,0.3023997545242309,0.1341314166784286,-0.0150674358010292,0.1794959306716919,0.5327253937721252,-0.0546330027282238,-0.0090028950944542,-0.1984357684850692,0.4012514948844909,-0.3616842329502105,0.0017708534142002,-0.2547635734081268,-0.1755476742982864,-0.2963722348213196,-0.7017987370491028,-0.4959449172019958,0.0900995656847953,-0.0678692832589149,0.5468490123748779,-0.5644563436508179,0.0843673050403595,0.3800015449523926,-0.0727834179997444,-0.2994767725467682,-0.4494493305683136,-0.2137268185615539,-0.0988010093569755,-0.2648979723453522,-0.8406083583831787,0.321076363325119,-0.2116503715515136,-0.2594198882579803,-0.0166147779673337,-0.6252167820930481,-0.1629805564880371,-0.2735671699047088,-0.1306898742914199,0.2027148008346557,-0.2640228867530823,0.4681769013404846,0.3186984956264496,0.2199781984090805,0.1590713560581207,0.3783169388771057,-0.2190364152193069,0.4417745172977447,0.3228428363800049,0.0483717061579227,0.2766009569168091,-0.293256551027298,0.0194970220327377,-0.3499400615692138,0.051380880177021,0.6324642896652222,-0.1727774292230606,-0.3782002031803131,0.0908156633377075,0.4214170575141907,0.1470639556646347,0.0952928364276886,-0.0770568773150444,-0.3569855391979217,-0.0024191737174987,-0.9345948696136476,0.1054674610495567,-0.1814249157905578,0.1347778290510177,-0.5121384859085083,0.9192212224006652,-0.1132273972034454,0.5152490139007568,-0.0106139434501528,0.5689225792884827,-0.0215554423630237,0.1422233283519745,0.4946246147155761,-0.1477049738168716,-0.6141643524169922,-0.0316419005393981,0.1433631032705307,-0.2315422445535659,-0.8052089810371399,0.2334419935941696,-0.0100490115582942,0.0416909642517566,0.288483589887619,0.2873562276363373,0.5011584758758545,-0.0890111923217773,0.4297166168689728,0.2156285643577575,-0.2732447981834411,-0.4008235931396484,0.2421606630086898,0.0104161538183689,0.1166939809918403,0.2539656460285187,-0.0125807607546448,-0.354225754737854,0.1834481656551361,-0.2137883305549621,0.3058245182037353,0.0607062354683876,0.016571270301938,-0.3441768288612366,-0.6101165413856506,-0.9098912477493286,-0.1643927991390228,0.0461167208850383,-0.3002687692642212,-0.4222589135169983,0.7391008138656616,-0.3650001883506775,0.4872054755687713,0.2627048194408417,0.4744058549404144,-0.1802817285060882,-0.3436811566352844,-0.0989200696349144,0.3496215045452118,0.4674854874610901,-0.0337310284376144,-0.2539657950401306,-0.1530697494745254,-0.1126011088490486,-0.1008185073733329,-0.1988453865051269,-0.1834728419780731,-0.1859756112098693,1.0019562244415283,-0.2667397260665893,-0.0522280670702457,0.0221421010792255,-0.2407938241958618,-0.121945783495903,0.1448226422071457,0.6913648247718811,-0.3939955234527588,0.2216789275407791,-0.1399714201688766,-0.1281062513589859,-0.5362316370010376,-0.1395812332630157,0.3998737633228302,-0.3157594799995422,0.6487504839897156,-0.8809701800346375,-0.2126045376062393,0.2258440405130386,0.2880144417285919,-0.7001898288726807,0.1056503355503082,-0.1913360506296157,0.0378595292568206,0.0268137883394956,-0.5634580850601196,-0.0073304274119436,0.6009246706962585,0.1807908862829208,0.2881605327129364,0.1586738526821136,0.0785095691680908,-0.3303672671318054,0.8681853413581848,0.511932909488678,0.0099891992285847,0.1945490539073944,-0.0367480590939521,-0.010967057198286,0.2244033217430114,0.7548457384109497,0.359950989484787,-0.334017664194107,-0.4333972334861755,-0.384022057056427,-0.0326096005737781,0.1045397147536277,-0.6877201199531555,0.1180780604481697,0.2910391390323639,0.3983965516090393,0.3366944491863251,-0.3584904670715332,0.0164710283279418,0.1555396467447281,-0.7865625023841858,0.1052769497036933,-0.5746724009513855,-0.0178759582340717,-0.3101350367069244,-0.2689124345779419,-0.0294117908924818,-0.4702986478805542,0.879673421382904,0.0344816595315933,0.3251921534538269,-0.1996561735868454,-0.7094054222106934,-0.8463715314865112,0.1425738781690597,-0.10161142796278,-0.1238091588020324,0.3591572940349579,0.2223147898912429,-0.1085578128695488,0.175785556435585,0.6998524069786072,0.2151294201612472,0.6825213432312012,0.4518811404705047,-0.3791395723819732,-0.2934220135211944,0.4491629004478454,-0.6812587380409241,0.5171694159507751,-0.3814699947834015,0.2751484513282776,0.0894262120127677,-0.4749280512332916,0.4922092258930206,0.4074813425540924,-0.2321700155735016,-0.0602190718054771,0.7236948013305664,-0.5181476473808289,-0.3106818199157715,-0.9644609093666076,0.3610828518867492,-0.577052652835846,-0.0282045342028141,-0.1405972838401794,-0.2382441908121109,-0.5538663864135742,0.4035924077033996,0.0530608557164669,-0.0650336667895317,0.1128134876489639,-0.37974613904953,-0.2270873337984085,0.144732728600502,-0.4401654005050659,-0.5063103437423706,-0.1142496913671493,-0.0740144476294517,-0.0978259518742561,-0.2774339616298675,0.0230636540800333,-0.440977931022644,1.0684287548065186,0.5564851760864258,0.6356865167617798,-0.0223555583506822,0.1783395856618881,-0.1415370255708694,0.0456109419465065,-0.5141477584838867,0.1883867383003235,0.0597095638513565,-0.1815057694911956,0.1952510178089141,0.3119526505470276,-0.2785893082618713,-0.6507947444915771,-0.9219587445259094,0.0997645407915115,-0.6202857494354248,-0.0778116658329963,-0.0487549118697643,-0.473504364490509,-0.2878942489624023,-0.4061278700828552,0.8403850197792053,-0.1530055701732635,0.1211740672588348,-0.3376452326774597,0.6478351354598999,-0.5461059212684631,-0.3854315280914306,-0.1192429736256599,-0.0689709335565567,-0.6466272473335266,-0.14373479783535,-0.6436154246330261,0.5789369940757751,0.2714177668094635,-0.3288511335849762,-0.3607306778430938,0.5365675687789917,-0.1525389999151229,0.3727106750011444,0.305794894695282,-0.0124803753569722,0.4156901836395263,0.0130990268662571,0.0483854860067367,0.398985892534256,0.2581155002117157,-0.1875572800636291,0.0613583028316497,-0.5587813854217529,0.0501830987632274,0.1585660427808761,0.3721579611301422,-0.2235145270824432,0.4471069276332855,0.789029061794281,-0.4257601797580719,0.3631481528282165,0.325540691614151,0.8647564053535461,-1.6320197582244873,0.2422871142625808,0.3077225685119629,-0.0182281862944364,-0.3779305517673492,0.162742018699646,0.5018773674964905,-0.1500382721424102,-0.0089867850765585,-0.5964475870132446,0.7721530199050903,0.120200514793396,-0.0118414564058184,-0.1354780197143554,0.3769541382789612,-0.4087579548358917,0.2606328725814819,-0.3906883001327514,0.443256139755249,0.2728796601295471,-0.4299178123474121,-0.0726710930466651,0.1484448462724685,-0.4802765548229217,-0.2633105814456939,0.1061314418911933,-0.1347464174032211,0.1210457608103752,-0.5667712688446045,-0.2901121973991394,0.0845103338360786,0.5594958066940308,0.8658941984176636,0.5913154482841492,-0.4480279684066772,-0.2294298708438873,0.2076779901981353,0.1762100011110305,0.5203078389167786,-0.1820008754730224,-0.1051240861415863,-0.0627926886081695,0.5727033019065857,-0.0488503947854042,-0.1660609394311905,0.1992775946855545,0.1152427271008491,0.4405218958854675,-0.1966742873191833,0.0300865266472101,1.1923983097076416,-0.268284410238266,-0.13162662088871,0.2411096692085266,0.7372906804084778,0.3380445837974548,0.0311949849128723,-0.0610441043972969,-0.1054794639348983,-0.2466994225978851,-0.0484000220894813,0.1485935598611831,-0.4643492698669433,0.0946572422981262,-0.2567406296730041,-0.1056801378726959,-0.123014822602272,-0.1463367640972137,-0.1214188784360885,-0.5694536566734314,-0.5389914512634277,0.1876948326826095,0.0982346385717392,-0.6518548727035522,0.5742854475975037,0.3568605780601501,0.5404207110404968,-0.8067978620529175,-0.7520087361335754,-0.1347270905971527,-0.0785858333110809,-0.0754351839423179,0.1775768250226974,-0.0751150101423263,-0.6135401129722595,-0.1002246960997581,-0.2546331584453583,0.0585763305425643,-0.3846781253814697,-0.3166280388832092,-0.7551460266113281,0.1292170584201812,-0.293252170085907,0.780036449432373,-0.0462789572775363,-0.2303877919912338,0.2657456994056701,0.6775398254394531,-0.4065422117710113,-0.4495618641376495,-0.4584120512008667,0.8373240828514099,0.0512344539165496,0.3173268139362335,0.385352611541748,0.2748156487941742,0.2830776274204254,0.1819606721401214,-0.3985791802406311,-0.0157041735947132,-0.5556009411811829,-0.2081477642059326,0.3702368438243866,-0.0785902738571167,0.5781213045120239,-0.3293099701404571,-0.0456543043255806,0.7103759050369263,-0.3246232867240906,-0.7063472270965576,0.12338138371706,0.3657518327236175,-0.5330333113670349,0.4693048596382141,0.8696290850639343,0.769604504108429,-0.7394624948501587,-0.0199984926730394,-0.0491824597120285,0.0292065311223268,0.5893369317054749,-0.0741845443844795,0.0488187856972217,-0.1426861882209777,0.3648760616779327,0.6170795559883118,0.221597284078598,-0.0471688657999038,0.4615173935890198,0.2232668548822403,-0.3384721875190735,0.6513592600822449,-0.0357232876121997,0.300730437040329,-0.45834681391716,-0.1274605244398117,0.1129325404763221,-0.2202627807855606,-0.6643514037132263,-0.3386875689029693,0.1395236104726791,-0.2627438008785248,0.5947475433349609,-0.3828618824481964,-0.7533091902732849,-0.6318255066871643,-0.5088008046150208,0.1271135807037353,-0.1374127715826034,-0.0798821449279785,0.0102653671056032,0.1662863790988922,-0.4274555146694183,0.3237448036670685,-0.0807531997561454,0.1142224445939064,0.0820484235882759,-0.5486111044883728,0.4254395067691803,0.2334243208169937,0.0314912088215351,0.1671176254749298,0.0433287657797336,-0.1333120912313461,-0.8757457137107849,-0.6722213625907898,-0.0414260327816009,-0.3047709465026855,0.3394939303398132,0.0436046570539474,0.3915460407733917,0.2183481454849243,-0.6332376003265381,-0.298288881778717,-0.5024104714393616,-0.2461941838264465,0.168449118733406,-0.2257195562124252,0.2276105880737304,-0.0712011307477951,0.376390665769577,0.5094534158706665,0.7028288841247559,0.0056369793601334,0.0157313849776983,0.5789600610733032,0.4273936450481415,-0.5230504870414734,-0.3404727280139923,-0.1554687768220901,-0.3449896872043609,0.0959898084402084,0.4280674159526825,0.4014675915241241,-0.038503523916006,0.1964097917079925,-0.7710626125335693,-0.2982843816280365,-0.0100206090137362,-0.4969553649425506,0.5028594732284546,-0.3073532879352569,0.6047269105911255,-0.8835477232933044,0.2471556663513183,-0.1721460372209549,0.2979965209960937,0.0988359153270721,0.2505272626876831,0.0405870787799358,-0.5503985285758972,0.0078401193022727,-0.0282123908400535,-0.4133504033088684,0.48213991522789,0.5093300342559814,-0.564020574092865,-0.0630154311656951,0.7397372126579285,0.4950209558010101,-0.1479485630989074,-0.2041714489459991,-0.5524908900260925,-0.2461763322353363,-0.1651788502931594,0.0962053835391998,0.4927022755146026,0.0574981421232223,-0.4329172074794769,0.1347987204790115,0.6766618490219116,0.4353385269641876,0.7924428582191467,0.2495272010564804,-0.0503512285649776,0.1095496192574501,-0.2341724932193756,0.3761541843414306,0.1359458267688751,0.7105685472488403,-0.5681143403053284,0.7346940636634827,0.5131425261497498,-0.3905883431434631,0.1338603496551513,0.4927493631839752,0.1655526161193847,0.0331513099372386,-0.0668327286839485,0.21676005423069,-1.1577006578445437,-0.2070232182741165,0.4567450881004333,-0.108603686094284,0.349767804145813,-0.1468093991279602,-0.272512823343277,-0.3594733774662018,0.1256765872240066,0.1336356550455093,-0.0803120732307434,0.0717826709151268,0.4696975350379944,-0.3887090682983398,0.5619118809700012,0.3889592587947845,0.0070016589015722,0.1808483451604843,0.0728503689169883,0.7361040711402893,0.533949613571167,0.1084820255637168,0.4169452786445617,-0.3646301627159118,-0.9425081610679626,0.2984364032745361,0.0274211354553699,-0.4213316142559051,0.4637819826602936,-0.3018240332603454,-0.2471407651901245,0.3390486240386963,0.2031398862600326,0.0307705607265234,-0.1741285175085067,-0.6933572292327881,0.1380597352981567,-0.1937256455421447,-0.0442165583372116,0.2289419174194336,-0.2993386089801788,0.4781246185302734,-1.8821431240212403e-06,-0.0388729013502597,0.4249505698680877,0.6757005453109741,0.5005992650985718,-0.4437052309513092,0.3728569149971008,0.1247911676764488,-0.1848772317171096,0.150855153799057,0.351049393415451,0.0533195659518241,-0.0693046525120735,0.5249400734901428,-0.224432423710823,0.0193343479186296,-0.3187216818332672,0.4181233942508697,0.1985646933317184,-0.2660110592842102,-0.2695210874080658,-0.3208607137203216,0.4870755672454834,0.0571654662489891,-0.3261508643627167,-0.1408548355102539,0.0713569298386573,0.1925425380468368,0.1412426978349685,-0.4827492237091064,-0.5667328834533691,-0.5158524513244629,-0.2101653963327407,0.2888988256454468,-0.5078287124633789,-0.371027261018753,0.501457154750824,-0.1215050145983696,-0.1823085844516754,-1.5426088571548462,0.1391412317752838,-0.1983575224876403,0.3572340905666351,-0.2395525872707367,0.5764230489730835,0.2233718782663345,-0.084420807659626,-0.4390450417995453,0.0667186453938484,0.2911503314971924,-10.199799537658691,0.3088061809539795,-0.5409168601036072,-0.7815231084823608,-0.3371039628982544,-0.124379426240921,0.6968086361885071,0.3581056296825409,-0.2872464954853058,0.3523631393909454,-0.7251420617103577,0.41616091132164,0.5971251726150513,0.0970413088798523,-0.1099560633301734,-0.0877025201916694,-0.1905624270439148,-0.1242031678557396,-0.0928427651524543,0.1550261825323104,-0.255848228931427,-0.1528791785240173,0.6300467252731323,0.635814368724823,0.4549063742160797,-0.3584784269332886,0.0620031543076038,0.0982092320919036,0.4553763270378113,0.3091898560523987,-0.8943516612052917,0.647114634513855,-0.088815189898014,0.0694255456328392,-0.3161036670207977,-0.0389481931924819,0.0332068167626857,-0.0861871168017387,-0.5074703097343445,0.0814435109496116,0.5768760442733765,0.579755425453186,0.0115757444873452,0.1708525717258453,0.3499915599822998,-0.3767823874950409,-0.0237202029675245,-0.0745694041252136,0.7220386862754822,-0.4265865683555603,-0.0492623075842857,0.0808892473578453,-0.0173357240855693,0.0091804014518857,-0.1825318038463592,-0.2819981575012207,0.7245775461196899,-0.7030529379844666,0.2386891841888427,0.1236471831798553,0.6605232954025269,-0.0807105153799057,0.3659892976284027,0.7711077928543091,0.3688330948352813,0.4093636870384216,-0.1484010815620422,-0.1482061892747879,-0.6010558009147644,-0.3189830183982849,0.4094802439212799,0.7575972676277161,-0.3058397769927978,0.2721104025840759,0.0785079449415206,0.0028526014648377,0.08616304397583,-0.059882890433073,0.2011765539646148,0.2032788246870041,0.2285952121019363,0.1532840579748153,0.0307135768234729,0.6151642799377441,-1.058052897453308,-0.1103243082761764,0.0959193184971809,-0.3619970083236694,0.2754208743572235,-0.4584848284721374,0.7406895160675049,-0.3048589825630188,-0.6493950486183167,0.3040450811386108,0.4413687884807586,-0.2443837821483612,-0.1059194803237915,0.1633730828762054,0.4056206047534942,-0.5125148296356201,-0.27807435,-0.33471394,0.9091622,0.72474277,-0.951194,-0.9132213,-1.5964075,0.5526649,1.3168036,0.19048226,0.39874426,-0.46820182,-1.3595116,2.7550719,-0.6474165,0.24302855,0.996767,-0.77041775,0.324352,-0.40738827,0.41926035,0.28457776,0.6745367,-0.8451485,0.9517577,1.2385585,0.72482663,-0.32704666,-0.6896991,-1.2273132,0.34723145,-0.46953374,-0.8432311,-0.31782958,0.040990923,-1.2813883,-1.5546247,1.0898813,0.34900647,-1.0816249,-0.7552177,1.1501993,0.43280086,-0.41241288,-0.8027873,-0.1353677,2.1501777,-0.66412777,0.67118686,-0.43596873,-0.9474597,-0.18343352,0.6139854,0.99593335,0.3437283,-0.1910851,1.0001109,1.071642,-0.028860118,-0.71182644,0.033051442,0.72653586,-0.94752294,-0.64351755,0.20145795,0.82012653,-0.21852382,0.07532574,-0.0018923453,-0.4186738,-2.7089353,-1.5930531,-0.35124618,1.7424723,-1.3443081,0.9152466,-0.083693884,-1.1275675,0.3412989,-0.2526421,0.4902653,-0.1723017,-1.4893621,1.0992966,-0.96547836,-1.485808,-0.28524902,-0.71650684,-1.031336,-0.38192368,-0.7099969,-1.5515019,-1.1197487,-1.0943987,1.7093557,0.100299135,-0.87429994,-1.5332915,-1.2325298,0.20093843,0.19523968,1.4461386,0.59148556,-0.10303428,-0.5963319,-0.5390038,-0.2906429,-0.22499223,-0.4618807,0.5281382,-0.13546039,0.3126049,0.8171687,1.4877695,0.95321494,0.9250045,-1.4541178,-0.39538664,-0.62436163,0.5585114,0.9351047,0.98104227,-0.93738365,0.83825594,-0.4930446,1.1090181,0.42073604,-0.73416424,0.18635564,0.64680463,0.34892267,-0.3156301,2.169453,1.2415081,-0.7100223,-0.8159493,0.15337427,-0.062490422,0.7453266,-1.1647581,-0.9248125,-0.08130343,-0.15759137,-0.5232157,0.6278806,-0.9115027,0.17788032,0.83990306,1.6374575,0.0066551333,-0.30688745,-0.26854426,-1.3987774,1.0450548,1.0944079,-0.17637634,-0.0937968,0.5775591,-0.84273654,1.0440346,-0.37017682,1.5281706,-0.57819444,0.56962997,-0.20185114,0.622472,-0.7523386,0.6762344,-1.1561091,-2.5277102,-0.59461784,0.6092091,0.554812,-0.2555757,0.77881277,-0.26930445,-0.0714024,0.38686198,-1.013454,-0.2703641,0.87022704,1.1483489,0.16897954,1.2407931,-0.21684548,0.052571725,0.90065116,0.60513073,0.7758409,-0.12687585,1.5750225,-0.32391492,0.76191753,1.1178464,0.6741832,2.7309282,1.0191176,-1.7092451,-1.2194636,0.9987077,-2.5082126,-0.56694585,0.9173311,-1.3563395,0.5238785,-0.8543053,-0.9127749,1.8911041,-0.030585095,0.23300695,-0.9590828,-1.492047,1.3637502,0.854849,-0.50810045,-0.06641717,-1.0101507,0.30432367,-0.28022832,-0.11369471,1.0125495,0.44516423,0.050356705,0.7891122,-0.9703179,0.41105542,0.39920738,0.09653514,0.1285628,0.7662764,-0.9868764,0.30393386,0.29163557,-0.009382205,-0.67284214,0.47834557,0.16949163,1.1443499,-0.6052055,0.8595313,0.20163366,-0.39048678,-0.22159025,-0.34574515,0.4943652,0.6352939,1.414868,-0.5363491,-1.8739349,0.012304306,0.39920196,0.9360154,-0.1760447,0.44459733,0.2179934,1.742552,-0.5582245,0.00752604,-0.6930785,-0.7644338,-0.2196407,0.4501969,0.78835064,-0.16178744,0.273911,-0.34859863,-0.6965127,0.2193227,0.37906006,-0.9014581,-1.1749943,-0.5677696,-0.63265705,-0.1586549,0.87690055,0.19060874,-0.36576733,-0.70975,-0.8034744,0.8690289,0.3178299,-2.11574,-0.29002962,-0.0381825,-0.23060465,0.42256695,0.48086673,-0.11008533,-0.19711292,0.661141,-1.2748015,1.1209931,-0.47850022,0.62010944,1.8242522,0.27740458,1.184221,-1.0180783,0.0034102628,-0.33492666,0.4848191,0.55680275,-1.4935263,0.85670763,-0.26175043,-0.08835886,1.131809,-1.2331388,-0.41132942,-0.9073184,0.23985712,-0.67873275,-1.4323874,1.8226417,-2.8621025,1.4096848,-1.5069693,-0.5102708,-0.77932805,-0.5336613,-1.1552938,-0.06313266,0.71885306,-0.59465134,0.6735253,0.46848768,0.11203986,0.11623061,0.15809336,1.5112743,0.0029208064,0.5418555,-0.6150171,-1.0662491,-0.47671697,0.32014737,-1.2072479,-1.070866,-1.5234518,-0.15034004,-0.18359134,-0.36096922,-0.69759315,0.66121185,-0.15007648,0.06564474,-0.71577424,-0.5368807,-0.08944996,-0.93572056,1.0664719,-0.108147584,1.4015089,-1.1324506,-0.3571629,0.07980502,-1.0374172,-0.098628774,0.001490446,1.8232244,0.50538164,1.2803209,0.31199002,0.27890998,-0.6163748,-0.28753093,1.5089102,0.25861606,2.3173733,-0.03662018,-0.35153475,1.573361,0.07198186,0.7208193,-0.5179396,-0.21368027,1.6677538,0.11582194,-0.5960225,0.005195158,0.07636367,-0.22445814,-0.21936093,0.38799745,0.63619375,-0.31405184,0.80343163,0.58786815,-0.5252181,-1.5202285,-1.0016232,1.0473936,1.4691696,1.287798,1.522154,-0.13512121,-0.90604603,-1.3973817,0.30626217,1.3748577,0.92577535,0.082819946,-1.3823855,0.953394,0.46873298,0.640869,-1.3221321,-1.6269617,1.4499217,0.45740238,0.54369575,1.5865449,-0.8266231,-1.4970912,-0.97945327,-0.039922696,-0.33872128,-1.0964922,-1.0717984,0.1591717,-0.3909769,1.0857816,1.3123454,0.74907523,-0.22463953,-0.43542412,0.16029902,0.11098201,-0.65130997,-0.041450176,-0.08000411,-0.017337497,-1.2044016,-0.5142453,0.92598885,-2.192273,0.7365074,-0.1706578,0.05375559,-0.08777707,-0.059415426,-0.93395996,-0.29587534,-0.016583,-1.2908431,-0.3718923,0.67472255,-1.6889797,-1.3077621,0.7525695,1.0347886,-0.21915303,0.4304193,0.12107424,-0.2165749,0.60074,-0.15894571,-0.3232984,0.15479612,-0.18767984,-0.3120354,-0.03824423,-1.3585502,-0.46403033,0.8710759,-1.3528101,-1.4019517,1.0875021,0.20990647,-1.1660824,-1.1127889,-0.07713232,-0.5767811,0.28435454,0.5806895,-0.16622381,-0.5195579,-0.7648357,-0.4629213,0.13640675,0.14408067,-0.11493944,0.18677744,0.42599317,-0.6138366,0.51317316,1.8501375,0.7234048,1.365435,1.2207557,0.39147034,0.31112933,0.9215902,-0.5832435,-0.19749881,0.59316283,-0.9546775,-0.6459424,1.3123778,-0.40364116,-0.85452014,0.15205061,1.5418237,-0.71213067,-0.6727775,0.32139048,0.98623717,1.4317423,1.159701,1.172151,-0.03593391,0.22768545,-0.69065845,0.51339585,-1.506566,-0.47340694,-0.32865277,0.3059711,1.9885951,-0.8040859,0.112279,0.85573906,-0.80803055,-1.234666,0.47693586,0.44499186,-0.8773758,-0.57025826,0.6609057,-1.2186329,0.43117708,-1.7813593,-0.32614425,0.70808154,0.84605736,-0.5611758,-0.0559474,0.705818,0.47443062,-0.98883283,-0.2680028,0.865541,1.604312,-0.41427565,-0.7484966,0.8298788,-0.20773387,-1.7893785,-0.26679495,-0.8554527,-1.004089,-0.015643707,-0.18686223,-0.3477249,-0.5803625,-0.7460928,1.6510757,0.35701117,-0.1894226,0.57712144,-1.346534,1.5055532,0.10437612,-0.66745865,1.1506178,1.0332137,-1.8374166,0.378629,-1.8839139,1.1014255,-0.55560684,1.050129,0.91927975,0.8773423,-0.44180563,1.3109595,-0.5696489,-0.2849022,-0.48735067,0.2822483,-0.8063579,0.595976,-1.9774244,1.5976801,-1.5997922,-0.48166585,0.19061635,0.52019656,-0.5001575,0.35757083,-0.9101166,0.6890992,0.34961313,-1.2297804,1.1551784,1.6524279,-0.074822076,-1.0947775,0.46394485,0.53493845,-0.30528444,0.002349183,2.2070835,0.4166711,0.70354813,-1.1792833,-1.0847903,0.6169386,-0.5079963,-1.2202024,-0.3478722,-0.33836994,0.024049062,-0.28760782,-0.13160925,1.2323358,-0.7706071,0.95522547,0.87476546,-0.6819831,-0.12840663,-0.104379736,-0.24091217,-0.899156,-1.4565066,0.019199891,0.15822878,-0.67050654,0.4995095,0.92935544,1.77822,0.57035905,-0.21980084,-0.6019276,0.686386,0.79950684,0.91401964,-0.79201585,-1.227524,0.28105575,1.1640991,0.06468008,0.54371417,0.35550782,-0.78057337,-2.2553182,0.84212047,0.13884617,0.31874365,1.0746773,0.16614796,-0.007855279,0.60287696,-0.47851387,0.3024967,-0.052023616,-0.8780881,-0.1060198,-0.15116604,-1.0532755,0.2485746,-0.7291334,0.30188552,-0.49127546,0.31154352,-0.9936934,0.6981452,0.15742445,0.2272091,0.68598837,0.4353505,-1.1762753,-0.54361945,-0.40967146,1.4591396,1.4375613,0.12692492,-0.8090294,-0.37267596,1.3739502,0.725002,0.16086037,0.12350106,0.004342292,-0.21526898,0.01984756,-0.98449886,-0.5384601,0.32204506,0.4149497,-1.0313659,1.6276076,-2.0379233,0.7393354,-0.3031529,-1.212361,-0.26244193,0.28397408,-0.3158126,1.9088048,0.97053015,-0.3293874,-0.12300495,0.58650684,0.99339134,-0.5175283,-0.27852207,-1.1938232,0.84684676,0.90973437,1.015105,-1.1949764,-0.2790301,0.32102776,-0.13263433,1.0489234,-0.346327,-0.6390219,-0.66733456,-0.32480773,-1.341671,0.1274734,-0.41985908,0.4114525,-1.4537734,0.6287573,-0.16615395,-0.944375,0.7921792,-0.32028744,0.03332151,-0.27912632,1.0494417,0.46357659,0.47314557,0.14826684,-0.96997213,-0.48672384,-0.92790735,-0.540244,0.9586626,-0.71867,0.77986306,0.24650383,0.95172566,1.2457362,0.3464779,-1.0958112,0.43477494,0.2446963,0.39113203,-0.34151307,-1.1012928,-0.63752836,0.015160233,0.42057046,1.326195,-1.7413275,-0.59501874,-0.09611163,0.22816584,-0.18302202,0.7394209,0.6634579,0.6944987,1.6123968,1.5001649,-0.10323878,,,,,,,,,,,,,,,,,,,,,,,,,,,,,,,,,,,,,,,,,,,,,,,,,,,,,,,,,,,,,,,,,,,,,,,,,,,,,,,,,,,,,,,,,,,,,,,,,,,,,,,,,,,,,,,,,,,,,,,,,,,,,,,,,,,,,,,,,,,,,,,,,,,,,,,,,,,,,,,,,,,,,,,,,,,,,,,,,,,,,,,,,,,,,,,,,,,,,,,,,,,,,,,,,,,,,,,,,,,,,,,,,,,,,,,,,,,,,,,,,,,,,,,,,,,,,,,,,,,,,,,,,,,,,,,,,,,,,,,,,,,,,,,,,,,,,,,,,,,,,,,,,,,,,,,,,,,,,,,,,,,,,,,,,,,,,,,,,,,,,,,,,,,,,,,,,,,,,,,,,,,,,,,,,,,,,,,,,,,,,,,,,,,,,,,,,,,,,,,,,,,,,,,,,,,,,,,,,,,,,,,,,,,,,,,,,,,,,,,,,,,,,,,,,,,,,,,,,,,,,,,,,,,,,,,,,,,,,,,,,,,,,,,,,,,,,,,,,,,,,,,,,,,,,,,,,,,,,,,,,,,,,,,,,,,,,,,,,,,,,,,,,,,,,,,,,,,,,,,,,,,,,,,,,,,,,,,,,,,,,,,,,,,,,,,,,,,,,,,,,,,,,,,,,,,,,,,,,,,,,,,,,,,,,,,,,,,,,,,,,,,,,,,,,,,,,,,,,,,,,,,,,,,,,,,,,,,,,,,,,,,,,,,,,,,,,,,,,,,,,,,,,,,,,,,,,,,,,,,,,,,,,,,,,,,,,,,,,,,,,,,,,,,,,,,,,,,,,,,,,,,,,,,,,
エ,0.0749431177973747,0.5010326504707336,0.3710091114044189,-0.6560860276222229,-0.0393311083316803,0.1110338270664215,0.0859642401337623,0.0129492720589041,0.0309907756745815,-0.211056187748909,0.9358340501785278,0.1515482664108276,0.2768792510032654,-0.5607249140739441,0.5666325688362122,-0.4205234050750732,-0.0514361336827278,-0.409527987241745,0.0087934993207454,-0.2534026503562927,-0.662889838218689,-0.5673192143440247,-0.4004799723625183,0.3462963700294494,0.2720090448856354,-0.3106721639633178,-0.0153719121590256,0.1219049021601677,-0.0711736679077148,-0.1898295879364013,-0.5257799029350281,-0.5601031184196472,-0.0119114443659782,0.3211928606033325,-0.5740010142326355,0.2335926294326782,-0.0217736177146434,0.2182086557149887,0.381268709897995,-0.3959852457046509,0.1372956931591034,0.4798860251903534,-0.0752676799893379,-0.2060661315917968,-0.0997740179300308,0.5041969418525696,0.1902588605880737,0.2213988602161407,0.1714688241481781,0.0679966434836387,-0.4217140674591064,-0.0168467536568641,0.2043122053146362,-0.1903988867998123,0.0538444705307483,0.4335804581642151,0.0571286678314209,-0.5621520280838013,-0.0375801064074039,0.3367684483528137,-0.4257773756980896,-0.3871409296989441,-0.4007278382778168,0.4770677387714386,-0.31719970703125,-0.2118542194366455,-0.2097134888172149,0.0095695564523339,-0.440587431192398,0.0129947438836097,-0.3038898408412933,0.0424129404127597,-0.0943005010485649,-0.6754307746887207,0.8318064212799072,0.0375881008803844,0.4462927281856537,-0.6719961166381836,-0.1212290599942207,-0.1193667128682136,-0.5262832641601562,0.3429143130779266,-0.2234872728586197,-0.6913549304008484,-0.4837868809700012,0.3528997004032135,-0.6478340029716492,-0.7440022230148315,0.7960655689239502,-0.0685420781373977,0.0856943354010582,-0.0958595424890518,0.2736121714115143,0.4215126633644104,-0.1404181718826294,-0.0187079757452011,0.2700517773628235,0.0099487397819757,-0.0817176774144172,0.3633236289024353,-0.0221207719296216,-0.186085358262062,-0.0417227186262607,-0.0841543450951576,0.1982919126749038,-0.2140036225318908,-0.0435556881129741,0.1449015885591507,-0.0029432601295411,-0.0543723404407501,-0.1221221834421157,-0.7235029339790344,-0.2588759660720825,0.2878579795360565,0.1313011646270752,0.0211674720048904,-0.2963569760322571,0.8375142216682434,-0.4395132958889007,0.4824954271316528,0.0797572657465934,0.3578066527843475,-0.1532616764307022,-0.2701750993728637,-0.2237030118703842,0.574558675289154,-0.102646104991436,0.3830364048480987,0.1745470762252807,-0.5298358798027039,0.2133499234914779,-0.2185020595788955,-0.1887807995080948,0.4014162719249725,-0.0559132732450962,0.6713578701019287,0.2789525687694549,0.4715734720230102,0.3285359144210815,-0.7746561169624329,-0.0957909896969795,0.3114047646522522,0.2697217166423797,-0.3401710391044616,0.5627554059028625,-0.2159447371959686,0.2518156170845032,-0.0929246991872787,0.1412185430526733,0.3115687370300293,0.1791305094957351,1.2047104835510254,-0.2105723321437835,-0.1966185718774795,-0.2365557551383972,-0.051765888929367,-0.3071994185447693,0.1252636611461639,0.1052574664354324,0.4957506954669952,0.4416899681091308,-0.3907606899738312,0.0425344593822956,0.4740809500217438,-0.2821821570396423,0.6412449479103088,0.5071831941604614,0.0508637130260467,0.3439184427261352,0.6333444118499756,-0.0284297224134206,0.5089585781097412,-0.1086053624749183,-0.5634750723838806,-0.0309455096721649,0.7188382744789124,0.311085969209671,0.6358630657196045,0.6108752489089966,-0.8965632319450378,-0.1295465379953384,-0.1185513958334922,0.4232197403907776,-0.8145791888237,0.4032543897628784,-0.3262531161308288,0.0159038063138723,-0.214253544807434,0.1698854565620422,-0.1010085046291351,-0.698457658290863,-0.0076903025619685,0.1109161227941513,-0.1491693258285522,0.0695568621158599,-0.2233514934778213,-0.0167310871183872,-0.015342017635703,-0.4737337827682495,0.6624923944473267,-0.1559403836727142,0.2207432687282562,0.0569845475256443,-0.5219500660896301,-1.2316482067108154,-0.4402652084827423,0.1799165308475494,0.6104909181594849,0.1239572167396545,0.150706797838211,0.1248641982674598,0.5599746108055115,0.17961485683918,0.4113308787345886,0.8713894486427307,0.0085140224546194,-0.808025598526001,-0.4608233869075775,0.7838011384010315,-0.863122820854187,0.0805009827017784,0.1366147398948669,0.2772863805294037,0.1550791710615158,-0.7040775418281555,-0.0131914457306265,0.4275945723056793,-0.072159469127655,0.1844909191131591,0.793224573135376,-0.0839586034417152,-0.751721978187561,-1.2341216802597046,0.1730105280876159,-0.6860142946243286,0.2278774529695511,-0.5205190181732178,0.5394347906112671,-0.2303494960069656,0.7310740351676941,-0.1670832484960556,-0.0219035483896732,0.3549574315547943,-0.2393565475940704,-0.5964962244033813,0.2471265792846679,0.277322769165039,-0.6431230306625366,-0.8614026308059692,0.1485059857368469,-0.3955720067024231,-0.3469831049442291,0.5136789679527283,-0.1920532435178756,0.4309240579605102,0.2742425203323364,0.3554822504520416,0.2859397530555725,-0.1083761602640152,-0.1788811236619949,-0.4731722474098205,-0.5599711537361145,-0.2128765732049942,0.3954005241394043,0.357731431722641,0.4167017638683319,0.235432744026184,-0.5407547354698181,-0.7101407647132874,0.0172899886965751,0.2256495356559753,-0.8143934011459351,-0.1771579086780548,-0.4117016196250915,-0.3668525516986847,0.4502196907997131,-0.010294952429831,0.3205542862415313,-0.0579238422214984,0.6466991901397705,-0.3707708418369293,0.1495065540075302,-0.6712538599967957,-0.1695050746202469,0.0971602499485015,-0.1352232992649078,-0.5953330993652344,-0.5814643502235413,-0.6016782522201538,0.3324083983898163,0.27141934633255,0.1118214651942253,-0.450823575258255,0.162023589015007,-0.2617408037185669,0.1260527372360229,0.7692469954490662,-0.1068775355815887,0.0980919077992439,0.8634207248687744,0.2058811634778976,0.1528165489435196,0.1129610240459442,-0.2915551662445068,-0.0847493857145309,-0.6286470890045166,-0.3785236477851867,-0.3954266309738159,0.6105015277862549,-0.3894446492195129,-0.1456832438707351,1.0077064037322998,-0.1247380748391151,0.1983711421489715,0.8306106328964233,0.6311897039413452,-1.380234956741333,-0.0884410068392753,0.1388814002275467,-0.0937888920307159,-0.2333306223154068,0.3486403524875641,0.3726886212825775,0.0771161168813705,-0.1585301458835601,-0.2015129178762436,0.8199771046638489,0.6578356623649597,-0.3070632815361023,-0.4453116059303283,0.5956208109855652,0.1386835277080536,0.3188926875591278,0.0521704368293285,-0.1059231013059616,0.3507256507873535,-0.4518594443798065,0.2438142448663711,-0.4377323389053345,-0.2286379337310791,-0.1234437376260757,0.199282705783844,0.0153326885774731,0.3558323681354522,-0.1752387136220932,-0.1933534294366836,0.5626264810562134,0.920954167842865,0.3658363819122314,0.7407443523406982,-0.1070056408643722,-0.0405289568006992,0.2043249756097793,0.6213338971138,0.2409420162439346,0.1001663953065872,-0.5828248262405396,-0.2984749674797058,0.3780459463596344,-0.211902230978012,-0.4752582013607025,0.5304667949676514,0.1041564494371414,-0.2018498927354812,-0.477229505777359,0.7384042739868164,0.5590384006500244,-0.2059563547372818,0.6611539721488953,0.5554072856903076,0.6567457318305969,0.2722589671611786,-0.1388095766305923,-0.3048117458820343,-0.0825459584593772,-0.0733940079808235,-0.0752356722950935,0.1497256457805633,-0.3450393676757812,-0.2782748341560364,0.0019222253467887,0.0486252047121524,-0.4260407090187073,0.1734906882047653,-0.2195824682712555,-0.6376174688339233,-0.7793687582015991,-0.063861608505249,-0.5986669063568115,-0.4026835560798645,0.1535077095031738,0.3492183685302734,0.4964047968387604,-0.7464361190795898,-0.1271601021289825,0.251165896654129,-0.4921227097511291,-0.0871448442339897,0.3863778412342071,0.2233757823705673,-0.2901251018047333,0.3032810091972351,-0.3707574307918548,-0.4037947356700897,-0.5771791338920593,-0.044406022876501,-0.104837954044342,0.2173322588205337,0.4064656794071197,-0.2222395986318588,-0.0843929201364517,0.4954863786697387,-0.3509054481983185,-0.1521254926919937,-0.3213151395320892,-0.2467758059501648,-0.3823592960834503,-0.0004126716521568,0.2382006198167801,-0.0721666291356086,0.4457323253154754,0.12066450715065,0.2801474034786224,-0.2946795523166656,0.0558578930795192,-0.0915755033493042,-0.0672047361731529,-0.6947820782661438,1.043548822402954,-0.2698815464973449,0.6022354364395142,-0.1585612595081329,-0.1920691132545471,0.5223063826560974,0.1901698559522628,-0.3558352589607239,-0.0084017505869269,-0.0078360205516219,-0.7592402100563049,0.3996194899082184,0.1867904961109161,0.4296346008777618,-0.6996725797653198,0.2841742932796478,-0.0073746871203184,-0.3833093047142029,0.3453073799610138,0.0295856371521949,-0.0858638137578964,-0.176126018166542,0.2847397327423095,1.128198742866516,0.2592743933200836,0.5765736103057861,0.2231803685426712,0.0346827544271945,-0.2903764843940735,0.3834536373615265,0.5880371332168579,0.4451239109039306,-0.0262109413743019,0.0362952724099159,-0.5897907018661499,-0.1578114777803421,-0.2345291525125503,-0.1075652614235878,0.2756355404853821,-0.0312539003789424,0.4429961740970611,-0.2004246711730957,0.0638856515288353,-0.1451282352209091,-0.9031107425689696,0.1222156733274459,-0.1834559738636016,0.1905830055475235,0.6729186773300171,0.0866291671991348,-0.1776756793260574,0.6918963193893433,0.0155387427657842,0.2878796756267547,0.2941742241382599,-0.5048111081123352,-0.2961974442005157,0.0720140784978866,-0.2909269034862518,-0.0977205261588096,0.2293915599584579,0.3342984318733215,-0.4124390780925751,-0.684638261795044,0.3148770630359649,0.1597632616758346,-0.0436460860073566,-0.2034602612257003,0.176448568701744,-0.1126431450247764,-0.4202786982059479,-0.3832724690437317,-0.4151628315448761,-0.3104378879070282,0.1650653779506683,-1.2466304302215576,-0.2332406938076019,0.1884365230798721,-0.2688154578208923,-0.0736619308590889,0.4764087200164795,-0.3358447849750519,0.1452673226594925,0.2703050971031189,0.2237081676721573,-0.2590507268905639,0.0192719046026468,-0.0795586183667182,0.0360382497310638,-0.1438534706830978,0.817067563533783,0.1579559445381164,0.5941767692565918,0.3027631342411041,-0.7028121948242188,-0.5920444130897522,-0.4645710289478302,-0.7179806232452393,0.6742623448371887,0.2435949891805648,0.8040297627449036,-0.008918591775,-0.1653932631015777,-0.0711243376135826,0.4084788560867309,0.0711899250745773,0.060596790164709,0.1597693860530853,-0.2148708552122116,0.5213537216186523,-0.7979964017868042,-0.7235814332962036,0.6335520148277283,0.1019856408238411,-0.4841380715370178,0.1760994046926498,0.4590330421924591,0.1125073805451393,-0.3673014938831329,0.0359121635556221,0.0998397096991539,-0.3449825346469879,-0.1475851982831955,0.0724823996424675,0.337226003408432,0.2343750745058059,-0.284378707408905,-0.2747551798820495,0.8732015490531921,0.5530959367752075,0.3112063705921173,0.0513002574443817,0.0139406127855181,-0.0974974036216735,-0.3201525807380676,-0.0299951583147048,0.4052170515060425,0.5808098316192627,-0.0588267035782337,0.5734966397285461,0.3379321992397308,-0.4853165745735168,-0.1704242974519729,0.954895794391632,0.0769428685307502,0.4070640206336975,-0.3711090385913849,-0.2573497295379638,-0.7029648423194885,0.1889971941709518,-0.3051510155200958,0.0327525250613689,0.6434774994850159,0.399682879447937,0.3450816571712494,0.1136735007166862,0.1362553387880325,-0.0839655026793479,0.3553557097911834,0.2357159852981567,0.3322381377220154,-0.1449383348226547,0.177589938044548,0.3900604546070099,-0.3421905934810638,-0.4446595311164856,-0.1966626197099685,0.3757204711437225,0.7618974447250366,0.0669720694422721,-0.0896947532892227,-0.1943534165620803,-1.4250625371932983,0.0408629849553108,0.2390487492084503,-0.1056598871946334,0.6612232327461243,-0.3579338490962982,-0.0024675633758306,0.5101805329322815,0.7155277729034424,0.904975652694702,-0.3297808766365051,-0.7374759912490845,-0.150851309299469,-0.0983057022094726,-0.2111362665891647,0.3975003063678741,0.1607130616903305,0.3469347953796386,0.2551337778568268,0.019056286662817,-0.0540425591170787,0.6164014935493469,-0.0906426012516021,-0.1723643839359283,0.5014562606811523,0.208467498421669,-0.0607839860022068,0.0516667477786541,0.0861604735255241,-0.0767332762479782,-0.333077609539032,0.0226525943726301,-0.4775790572166443,-0.1980053484439849,-0.0786902010440826,-0.0766219198703765,0.2640433311462402,0.0717762410640716,-0.1749752908945083,-0.2701096832752228,-0.0458554662764072,0.2411010712385177,-0.5189756155014038,-0.4917986094951629,-0.1243263110518455,-0.0921150967478752,-0.1277189403772354,-0.3560868799686432,-0.8639858961105347,-0.74403977394104,-0.0318985469639301,0.0938406363129615,-0.6164048910140991,-0.4533934295177459,0.3096181154251098,0.3297369182109833,-0.1638644486665725,-1.0943195819854736,0.4664691388607025,0.0408923849463462,0.5658580660820007,-0.4973099529743194,0.1925394237041473,-0.2818112969398498,-0.0399208925664424,-0.6177926063537598,-0.3555668890476227,0.4475041925907135,-10.153399467468262,-0.3599840402603149,-0.7595536112785339,-0.6855631470680237,-0.2458588033914566,0.2240585684776306,1.2206475734710691,0.3808872699737549,-0.4861872792243957,0.0686450004577636,0.1692031621932983,0.2285959124565124,0.0912148728966713,0.6852289438247681,-0.3793286681175232,-0.3994357883930206,-0.1460523605346679,0.1557333469390869,-0.0443009510636329,0.1980044394731521,-0.2460727840662002,-0.1713671833276748,0.3375617563724518,0.2444052994251251,0.0044457670301198,-0.3166196942329407,-0.5726965069770813,-0.1580016314983368,-0.1992977410554886,-0.0791026130318641,-0.4226790964603424,0.2348426133394241,-0.2147015035152435,-0.1036305800080299,-0.292151540517807,-0.0128618264570832,-0.1198069527745246,0.0942057892680168,-0.8203505873680115,0.4572871029376983,0.3889889121055603,-0.1811655312776565,0.32080078125,0.0758871957659721,0.350387841463089,0.0100688440725207,0.8307955861091614,-0.1307865381240844,0.3256823122501373,-0.0503523461520671,0.3469188213348388,-0.5069632530212402,0.2867747247219085,-0.3743391335010528,-0.1176211014389991,-0.0606089197099208,0.8165594339370728,-0.8023248910903931,0.0516206808388233,0.102803461253643,0.0552830509841442,0.1893246471881866,0.6527770757675171,0.3593394458293915,-0.2308391034603119,0.0804167315363884,0.2592554092407226,0.0644260793924331,-0.4231237769126892,-0.2595343887805938,0.0551220141351223,0.1739334911108017,-0.1747120320796966,0.0012442307779565,-0.2372197359800338,0.4570473432540893,0.5787063241004944,0.4222153723239898,0.2878996431827545,0.0781440958380699,0.3834221065044403,-0.5836068987846375,0.3235379159450531,0.0089804455637931,-0.6085178852081299,0.2586498558521271,-0.2114227265119552,-0.0624385923147201,0.3221389055252075,-0.6665878295898438,0.635194718837738,-0.480550467967987,0.0325992666184902,0.278866171836853,0.6550256013870239,0.1526957303285598,-0.2973670959472656,0.0376310832798481,0.3147817552089691,0.097697764635086,-0.69301033,-0.026646614,0.5036437,1.9077953,-0.61019164,-0.4796153,-0.9876545,-0.5686895,1.0451084,-0.79668355,0.63683075,0.62841517,-1.469211,2.4968204,-0.5863656,0.2516998,1.3305296,-1.0969228,0.57054883,-1.3234711,0.63464755,0.23712437,0.88044864,-0.6108834,0.7585023,0.32492393,0.9659026,-1.3760114,0.5098479,0.03509468,0.13469465,0.056560446,-0.74619204,-0.7316232,0.32087994,-1.2626085,-1.023466,0.7715257,1.068578,-0.23386852,-0.92130405,0.33402622,-0.82543087,-0.10607893,-0.727438,-0.12241334,1.7421032,-0.15156092,0.86142,0.11407167,0.008729498,-0.16413915,1.072764,1.6118436,1.3300856,-0.16091347,0.7792113,1.5887455,0.80455226,-0.77520937,0.65147036,0.9686456,-1.173385,0.6285157,0.907671,1.1626074,0.1557404,-0.5102804,-0.43488494,-1.1624966,-2.42742,-0.091657735,-0.5089812,0.951989,-1.7881466,1.0748477,-0.1110754,-0.44976842,0.5551941,0.25197145,0.39207911,0.07755563,-1.2727423,1.1904801,-0.8825585,-0.24584277,-0.81493926,-0.07394285,-1.8225608,-0.60625124,0.678813,-0.9768233,-1.4453124,-1.3140154,1.1468383,-0.36288682,-1.4899534,-0.49028477,-1.4324145,-0.3243033,0.13355257,1.5662447,-0.8530075,-0.39220574,-0.64976573,-0.03641745,-0.9660449,-0.5863881,-1.3592831,1.2421688,0.09057233,0.9743266,0.14592437,0.96300524,0.93140787,1.3065323,-0.5357972,-0.89160544,0.089649566,-0.5264638,1.338316,-0.45832992,-1.3616308,0.98658466,0.8718352,0.69952345,0.11470521,-0.9002809,0.5448091,-0.21676509,-0.03341272,-1.3343567,1.5640926,1.2505249,-0.7664482,-1.1299998,-0.844989,0.01868398,0.44889066,-0.77346545,-0.6582281,-0.20221317,0.1246761,0.21041448,0.10527533,-1.7151653,0.16223644,1.6255155,0.67654705,-0.22859745,0.101537734,-0.05090277,-0.8768131,0.27003407,0.18719427,0.46816337,0.22784077,-0.8088918,-1.8958095,1.2252685,1.4190329,1.0689163,-0.99694437,0.8569673,0.4973232,0.44326875,-1.0084715,0.71260923,-0.44437876,-1.6789528,-0.31376985,-0.25505212,0.3385264,-0.0572218,0.6722868,-0.005782783,0.269204,-0.33669588,-0.820714,-0.37195837,1.0784684,1.019969,0.2477311,1.5276384,-0.047794845,0.5604661,0.62006134,0.33026084,0.15069515,-0.027164498,0.9727178,-0.70159215,0.9897771,1.2823168,1.6504773,2.9172199,0.48576903,-1.8263459,-1.1630546,0.82158566,-2.3017378,-0.12598957,0.41030324,-0.6588841,2.0846016,-0.67091227,-1.0096296,1.4183294,0.2785963,-0.036179878,-1.1004378,-1.2539102,1.0082091,0.530013,-0.79812336,-0.590568,-0.49470118,0.39854106,-0.8187895,0.09840426,0.20007043,0.074947454,-0.3261086,2.34884,-1.681722,0.5122213,0.5670436,1.143416,0.47000507,0.6432746,-1.3060647,-0.2559966,0.12512861,-0.7690728,-0.29537907,0.30310792,0.20824657,0.28471804,-0.71794146,0.8172942,-0.45533872,-0.6089322,0.14150232,-0.36793086,0.5798028,0.48603678,2.4935677,0.21231745,-0.97765535,0.6937292,-0.32329285,0.83031577,0.75830394,-0.04316898,0.38142085,1.2127231,-0.25474554,0.30177236,-0.26584396,-0.5000375,0.029317742,0.3915299,-0.22285224,0.64391357,0.67571783,-0.5379475,-0.23881061,0.16922253,0.33429646,-0.91754705,-0.7599156,-0.97750187,-1.0762525,0.1549343,-0.3777971,0.732187,-1.3772596,-0.59441715,-1.8544264,0.059640165,1.0816666,-1.1298319,-0.557641,0.009561628,-0.030942818,0.043793682,0.07398656,-0.34862873,0.45544258,0.93837,-1.802833,1.435853,0.19357301,1.6176472,1.6015524,0.88259,1.2379054,-0.76231736,0.22964759,-1.2474223,1.241306,0.7443777,-1.2902266,0.5891756,0.7414233,-0.3366913,0.71744126,-0.8069989,-0.13319685,-0.58540165,0.2547157,-0.21440923,-1.669887,1.83013,-2.2724297,1.5773516,-1.5215063,-0.49055514,-0.9700989,-0.92124444,-1.51939,0.98812896,0.939864,-0.34808517,0.37512043,-0.38993788,-0.4585606,0.777127,0.909939,0.6525462,-0.05035597,0.7991507,-0.33348295,-0.9346585,0.16272445,1.3680948,-1.3422652,-1.9879841,-1.7323614,-0.32679856,1.054244,-0.19383998,0.33319756,0.56433773,-0.06631776,0.885526,-1.1059856,0.23884964,0.21337925,-0.48168516,0.5690991,-0.23565851,1.6210486,-0.32017723,-0.689713,1.1921016,-1.9336811,-0.65467405,-1.3112803,1.0319604,0.12977485,0.29240462,1.0359803,-0.24377275,0.1504967,-0.39795175,0.528874,-0.37577936,1.2328734,-0.38268661,-0.60930485,1.963576,0.30653664,1.1746268,-0.6584975,-0.4765904,1.7577833,0.28313485,-0.14950147,0.14534222,-0.64900845,0.23996592,0.13476153,-0.081240974,-0.21048862,-0.08553654,0.8600628,0.9029799,-1.8628384,-0.2516593,-0.46506718,0.330053,0.73265153,1.3046707,1.8218346,-0.42304125,-0.7720415,-1.5852017,1.213046,1.0545117,-0.2019455,0.706834,-1.4589847,0.3300428,0.5758551,-0.21363206,-0.8608987,-2.605355,1.6142917,0.60453963,0.8451578,1.2411743,-0.9409344,-1.1517502,-0.1792659,0.13277553,-0.051954836,-0.067707166,0.068561636,1.1931883,-0.63615113,1.3083397,-0.041886985,-0.4046476,-0.11429262,-0.20298745,0.47579917,0.62740976,-0.16723889,-1.0479213,0.34485087,0.65632993,-2.0427945,-0.6964667,0.56277776,-1.282605,0.04548646,-0.59601575,-0.46456838,0.61168545,-0.66664743,-1.7110282,-1.2544363,-0.4401833,-0.75176954,-1.2988046,0.20617051,-1.86978,-1.7872351,1.2044578,1.3017387,-1.2420187,0.4487578,0.697804,0.10726523,0.5873455,0.19117427,-0.69498533,0.37131286,-0.78759927,-0.9458495,-0.99285096,-0.9799094,-1.2473657,0.11792734,-1.5655508,-0.9198637,1.3501282,1.7998309,-2.3325574,-0.82190496,-0.006411292,-0.20177265,0.5182752,0.78569317,0.28560147,0.483667,-1.2854468,-0.48536584,0.6459609,1.1585371,0.33142063,0.22075637,0.66401035,-0.099027574,-0.36637926,1.5046673,-0.028369894,-0.125187,1.3719786,0.035662998,-1.3484455,1.2803879,0.8936229,-0.15292087,1.1012703,-1.3878355,-0.8310688,1.0561936,-0.4308418,-0.7286927,-0.4442776,0.42721114,0.3242981,0.5242669,1.2916226,0.91222423,1.2561718,0.6255719,1.2796425,-0.16873068,-0.9514356,0.17646295,0.472721,-0.7157671,-1.0522276,0.63963133,1.0383602,2.0696628,-0.33818626,-0.16317518,0.6751774,-1.0844799,-0.7005479,0.0046128235,0.27617946,-1.1756967,-1.1160071,-0.24981178,-1.5137773,0.40423855,-2.099221,-0.32164827,0.4903265,0.6439729,-0.830966,-0.069278434,0.32517728,0.036233444,-0.49019027,0.71935934,1.424951,1.1245373,0.6188428,-1.1199992,0.27006552,-0.42090496,-1.5701036,-0.56035084,-0.61173296,-0.5032217,0.14572795,-0.17624916,0.17152788,-0.8948713,-0.6497106,1.6010256,-0.39180848,-0.37117848,-0.11272782,-1.3051232,1.7314897,-0.69637465,-0.06824701,1.3606911,0.7639241,-1.6383406,0.41082096,-1.073703,0.036348324,-1.1066713,0.3929771,0.16889453,0.6244734,-0.30463827,1.9810785,-0.73008823,-0.8233368,-0.0858103,0.63857013,-0.34450635,0.4845035,-2.7259848,1.6044775,-0.7359353,-1.844499,0.37592554,0.5044727,-0.5390896,-0.11389329,-0.085244484,1.1158277,0.12355507,-0.49733904,0.8185112,1.9878149,-1.1994053,-0.3763478,1.1435859,0.4780875,-0.6315854,-0.35081443,3.0012105,0.57962114,1.7807873,-0.8808527,-0.6405309,-0.31435966,-0.79832894,-1.0972914,0.25773907,-0.44810286,-0.56507015,0.5518399,-0.3968352,0.707864,-1.2273182,-0.35553408,0.7608966,-0.7255904,-0.44303083,0.46661815,-0.50609726,-1.2362167,-1.5265312,0.8254485,0.97994596,-0.5808756,-0.19703329,0.15679573,1.5968794,0.6690325,-0.4305687,-0.6787917,1.1549956,0.3850197,0.8740196,-0.44047108,-1.2541069,0.6084165,1.4390424,-0.96280074,1.3490804,-0.66945666,-0.060277853,-2.1147854,1.3848652,1.047011,0.40269175,1.523496,1.197841,-0.34292996,0.31475675,-0.45750436,0.31314296,-0.80963606,-0.7692756,-0.78188473,0.16007333,-1.2026148,0.46642575,-1.38705,0.08576187,0.56102574,1.0791463,-1.1627624,0.38785473,-0.42354822,0.8821292,0.24645424,-0.797159,-0.5485919,-0.2265184,0.022513276,2.2419684,0.8160246,-0.301236,-2.0913124,0.025263285,0.86429214,0.4080381,-0.830121,0.12596601,0.54475045,-1.0186281,-0.4939295,-1.306393,-0.98875016,0.71497387,1.287338,-1.03021,0.042958062,-1.7432591,0.85833913,0.20103095,-0.6300321,0.014822791,0.12516697,-0.69726926,1.6869317,0.86149055,-0.64977294,0.44575775,0.56900126,0.8413873,0.52075106,-0.31468663,-1.1158535,1.2903615,1.2413877,0.44253728,-1.2229478,-0.14503187,-0.44478616,-0.96321887,1.7666473,-0.36478344,-0.9314844,-0.7679569,-0.37185994,-0.5597942,0.10514107,-0.8813669,-0.08458746,-0.6923347,-0.14286637,-0.35816932,-0.0041499236,0.46123818,-0.8124771,0.54293054,-0.32814345,1.1021867,0.81134695,0.8307436,0.24265222,-0.67648906,-0.10895196,-1.5689774,-0.5494133,0.6198285,-0.71801996,-0.13872568,0.023334185,1.0618771,1.8689498,0.33316436,-0.30648062,0.31852648,0.36469758,-0.07120509,0.39440748,-0.5949678,-0.75588155,0.18664412,-0.541836,0.8077633,-1.2630297,0.12427809,-0.100562096,0.8555935,0.6777584,1.0239507,0.24585122,0.45670176,1.2425275,0.4500514,-0.8426688,,,,,,,,,,,,,,,,,,,,,,,,,,,,,,,,,,,,,,,,,,,,,,,,,,,,,,,,,,,,,,,,,,,,,,,,,,,,,,,,,,,,,,,,,,,,,,,,,,,,,,,,,,,,,,,,,,,,,,,,,,,,,,,,,,,,,,,,,,,,,,,,,,,,,,,,,,,,,,,,,,,,,,,,,,,,,,,,,,,,,,,,,,,,,,,,,,,,,,,,,,,,,,,,,,,,,,,,,,,,,,,,,,,,,,,,,,,,,,,,,,,,,,,,,,,,,,,,,,,,,,,,,,,,,,,,,,,,,,,,,,,,,,,,,,,,,,,,,,,,,,,,,,,,,,,,,,,,,,,,,,,,,,,,,,,,,,,,,,,,,,,,,,,,,,,,,,,,,,,,,,,,,,,,,,,,,,,,,,,,,,,,,,,,,,,,,,,,,,,,,,,,,,,,,,,,,,,,,,,,,,,,,,,,,,,,,,,,,,,,,,,,,,,,,,,,,,,,,,,,,,,,,,,,,,,,,,,,,,,,,,,,,,,,,,,,,,,,,,,,,,,,,,,,,,,,,,,,,,,,,,,,,,,,,,,,,,,,,,,,,,,,,,,,,,,,,,,,,,,,,,,,,,,,,,,,,,,,,,,,,,,,,,,,,,,,,,,,,,,,,,,,,,,,,,,,,,,,,,,,,,,,,,,,,,,,,,,,,,,,,,,,,,,,,,,,,,,,,,,,,,,,,,,,,,,,,,,,,,,,,,,,,,,,,,,,,,,,,,,,,,,,,,,,,,,,,,,,,,,,,,,,,,,,,,,,,,,,,,,,,,,,,,,,,,,,,,,,,,,,,,,,,,,,,
ニ,0.2399881780147552,0.498018354177475,0.8955079913139343,0.005041497759521,-0.2969804406166076,-0.1288875639438629,0.8377258777618408,-0.2465835809707641,-0.6963340044021606,-0.3838145136833191,0.5023658871650696,-0.2319454699754715,-0.2090045362710952,0.0123188756406307,0.3375872373580932,0.0955833196640014,-0.2994687259197235,-0.3320967853069305,0.105328544974327,-0.3356218636035919,-1.199247121810913,-0.4857733249664306,-0.014517749659717,0.0603932812809944,0.0599503107368946,-0.78136146068573,0.1385903805494308,0.0701314210891723,0.1482769697904586,-0.4499062299728393,-0.5657681226730347,0.0919201374053955,-0.1736220568418502,0.0030534949619323,-0.4910091757774353,0.6131080389022827,0.015275546349585,-0.0971176624298095,0.5189294815063477,0.1481046974658966,0.0030237135943025,-0.1044567003846168,0.0200241766870021,0.041071742773056,-0.100732646882534,0.4264664351940155,0.132814809679985,0.496850311756134,-0.1855993121862411,-0.1612194776535034,-0.3438955247402191,0.3898206353187561,0.5209559798240662,0.1577526032924652,0.192417174577713,0.0655715242028236,0.8847101330757141,-0.6201813220977783,0.2481703907251358,0.445669949054718,-0.4492683410644531,-0.5545591711997986,0.2076460719108581,0.0906073600053787,-0.3409030437469482,0.4919306635856628,-0.5973501801490784,-0.1568299680948257,0.4562695026397705,-0.5391255617141724,0.0492937266826629,-0.2538284361362457,0.144734114408493,-0.7692111730575562,0.5159355401992798,-0.4594015777111053,0.1821346580982208,-0.1125316768884658,-0.0764267742633819,0.1738098114728927,0.2126527577638626,0.2442357540130615,0.0553750321269035,-0.6869986653327942,-0.3677364289760589,0.6940591335296631,-0.9101846218109132,-1.0816364288330078,0.8663680553436279,-0.2362627536058426,-0.1768848001956939,0.3000737726688385,0.1569752246141433,0.0842565894126892,0.670451819896698,0.6204149723052979,0.0854531079530716,0.2576430439949035,0.0282056499272584,0.2926505506038666,-0.3810499310493469,-0.2817577421665191,0.3634460270404815,-0.3957997858524322,-0.4156117737293243,0.2613184750080108,-0.18729268014431,0.3636125922203064,0.0976108461618423,0.4044984877109527,-0.2066918462514877,-0.9868265986442566,-0.2262287437915802,0.1464495509862899,0.5395494699478149,0.2332690209150314,-0.1634886115789413,0.3493140339851379,-0.2618437111377716,0.2535730302333832,0.1716625392436981,0.5832396149635315,-0.0342006832361221,-1.1091642379760742,0.0796048045158386,0.3212693035602569,-0.0885724648833274,0.0260915197432041,-0.1137551367282867,-0.1529953628778457,-0.4824707508087158,-0.6091140508651733,-0.3289887309074402,-0.0974496304988861,-0.60126131772995,0.651743471622467,0.6650561094284058,0.5216874480247498,0.0827017351984977,-0.281015008687973,-0.6038870811462402,-0.0620010271668434,0.4018469750881195,-0.3225410282611847,0.6033268570899963,-0.0102281784638762,-0.4963041245937347,-0.4260859787464142,0.162226527929306,0.1483174860477447,-0.1598769277334213,0.80233234167099,-0.7591325640678406,-0.061724979430437,0.1537837088108062,0.451979249715805,-0.7278866171836853,0.169708713889122,0.2764085531234741,0.1890266835689544,0.7832756638526917,0.3377169668674469,0.1770556718111038,0.7063726782798767,0.3589708805084228,0.3684092462062835,0.3855596780776977,-0.3533316552639007,0.0153440618887543,0.4558740854263305,0.3503834903240204,0.2179538458585739,0.7681988477706909,0.1386443674564361,-0.5556210279464722,0.6621384024620056,1.071463704109192,-0.3012385964393616,-0.2049427926540374,-0.5722112059593201,-0.2706075012683868,-0.2144170552492141,0.5491052269935608,-0.7793207168579102,0.5074599385261536,-0.0006776891532354,0.000281504180748,-0.2342703640460968,0.1572796255350113,0.6060560941696167,-0.4203536808490753,-0.5844647288322449,0.2661496698856354,-0.5123875737190247,-0.2070800513029098,-0.2717030048370361,-0.2051060050725937,0.2209423929452896,-0.9210068583488464,0.3236485123634338,0.4330968856811523,0.073336474597454,-0.1983409821987152,-0.4938555061817169,-0.6892940998077393,0.0602587014436721,-0.0897126719355583,0.3994076550006866,-0.1870185732841491,0.0892463326454162,-0.2997252643108368,-0.1554416865110397,0.3474860787391662,0.2821784913539886,0.4196942150592804,0.155134379863739,-0.1165054142475128,-0.1757172346115112,0.3276111483573913,0.0551695227622985,0.3733872175216675,-0.1666144132614135,0.0150819709524512,-0.2423607110977172,0.1224497780203819,0.5370935797691345,0.3706514537334442,-0.6751798391342163,-0.2304879873991012,0.4684117436408996,-0.6569773554801941,-0.8943758010864258,-0.5819957852363586,-0.1027029827237129,-0.5708690881729126,-0.5742595195770264,-0.4286757409572601,0.2313897460699081,-0.5876480937004089,0.527140200138092,-0.1354325413703918,-0.3490617573261261,0.2205250561237335,-0.5164347887039185,-0.2158338129520416,0.1988855898380279,0.1232568025588989,-0.1676084250211715,-0.6289826035499573,-0.2826015055179596,-0.2267360836267471,-0.2499215751886367,0.1019749343395233,-0.3679527044296264,0.5211003422737122,0.7176828384399414,0.8670651316642761,-0.1786787658929824,0.3087609708309173,-0.3622464835643768,-0.4940388202667236,-0.6561098694801331,0.0756227597594261,0.1844679564237594,-0.096898503601551,0.04713986068964,-0.1329451650381088,-0.2873137891292572,-0.9781805872917176,-0.319053590297699,0.3318533599376678,-0.2461916804313659,0.0173809994012117,-0.1850131452083587,0.4622901380062103,0.1793286204338073,0.2592511773109436,0.7661769390106201,-0.3640256524085998,0.27199786901474,-0.3022246360778808,0.2611386179924011,-0.611751914024353,0.1417306810617447,-0.1542247682809829,0.4245662093162536,-0.510331392288208,-0.5345093607902527,-0.533447265625,0.716960072517395,0.4460596144199371,-0.6074992418289185,0.2070235908031463,-0.1222982481122016,-0.5591508150100708,0.4849247932434082,0.3392638266086578,0.0201661754399538,0.2770930826663971,-0.0716230198740959,0.6288016438484192,0.2935670912265777,0.8059220314025879,-0.0894927382469177,-0.2002018988132476,-0.1224767044186592,0.1709357798099517,0.7128282785415649,0.1837633997201919,-0.802681028842926,0.6803693771362305,0.3822384774684906,-0.5349481105804443,0.3936195373535156,0.5953669548034668,0.587542712688446,-1.3823076486587524,-0.1753514409065246,0.6864405870437622,0.7565538883209229,-0.6600862741470337,-7.142586582631338e-06,0.2971343398094177,0.3123375475406647,-0.1888991296291351,-0.2407542616128921,1.2328671216964722,-0.0909240394830703,-0.0652929991483688,-0.222514733672142,-0.0749331563711166,-0.3393189311027527,0.2482902556657791,-0.3786711990833282,0.0935624241828918,0.4356390237808227,-0.5850790143013,-0.1831747442483902,-0.3180065453052521,-0.2905949354171753,-0.424087792634964,0.6385433673858643,-0.5369762778282166,-0.1305275112390518,-0.0190998502075672,-0.4493971765041351,-0.1478213220834732,1.0692458152770996,1.1102465391159058,0.1682927459478378,-0.8284353017807007,-0.7258700728416443,0.1027304828166961,-0.3827482461929321,-0.0908938646316528,-0.5365722179412842,0.1473941653966903,-0.2610086500644684,-0.2499143332242965,-0.0199813451617956,0.0439121536910533,0.1047793179750442,-0.2141801863908767,0.1834008693695068,-0.3466436266899109,0.388646125793457,1.0327752828598022,0.0349547788500785,0.3688464760780334,0.6388689279556274,0.672288179397583,0.3386959135532379,0.065013088285923,-0.8786070346832275,0.0681200474500656,-0.5904049873352051,0.495224267244339,-0.088651955127716,-0.7305606603622437,0.907346785068512,-0.0863807573914527,0.1661152392625808,-0.3564050495624542,-0.511898934841156,0.2590500712394714,-0.4335880279541015,-0.0134439598768949,0.183345764875412,0.1517754644155502,-0.1977767348289489,0.7999216914176941,0.4202208518981933,0.6377631425857544,-0.4777056872844696,-0.7689921259880066,-0.1673790961503982,-0.3213671445846557,0.1558387279510498,0.3721858263015747,0.5082894563674927,-0.0948093011975288,-0.1153046339750289,0.0159989353269338,0.2064537405967712,-0.95878005027771,0.0685359314084053,-0.651793360710144,0.0704318657517433,0.0730981156229972,0.2113152742385864,0.031522374600172,0.0527812577784061,0.3189178705215454,0.5808015465736389,-0.7783799767494202,-0.1613888293504715,0.1788643896579742,0.3199944794178009,0.3388553261756897,0.6496179699897766,0.5549226999282837,0.0590652748942375,0.5409660339355469,-0.2235772311687469,0.3465896248817444,0.1655871570110321,0.1747461408376693,-0.5205464959144592,0.9497072100639344,-0.4511545896530151,-0.0876128524541854,0.1544488072395324,0.0602484680712223,0.5611934661865234,-0.4675502181053161,-0.8076052069664001,0.4199115633964538,-0.1826090663671493,0.561552107334137,1.1829746961593628,-0.0805006995797157,0.2960154712200165,-0.0464479625225067,0.1875627934932708,-0.2053208500146865,0.3647632896900177,-0.1009399890899658,-0.6398433446884155,0.427743911743164,0.1481426209211349,0.2722767889499664,1.4112900495529177,0.0862573981285095,0.2672679126262665,0.1452893763780594,0.241290807723999,-0.3223082423210144,-0.0955208763480186,-0.3009140789508819,0.1278165876865387,-0.1152070388197898,0.8357356786727905,-0.6288214921951294,0.0530882254242897,-0.1288283914327621,0.0524586625397205,0.6772114038467407,0.4081891775131225,0.0012743080733343,-0.3657405972480774,-0.5746895670890808,-0.413478672504425,-0.4503512978553772,0.0139700667932629,-0.6152694225311279,-0.0508028306066989,-0.2447485029697418,0.0497177429497242,-0.9581451416015624,0.4678661227226257,0.4893801808357239,0.0627292096614837,0.1946627050638198,-0.5680791735649109,-0.1699132323265075,0.5439184904098511,-0.685943603515625,-0.636755108833313,0.270639419555664,0.0615531913936138,-0.3260607123374939,-0.957592248916626,-0.1974907964468002,-0.3581154346466064,0.2891275584697723,-0.4286392629146576,0.1623032540082931,0.0123498197644948,-0.565133810043335,-0.1754132211208343,-0.5328487753868103,-0.3943957686424255,-0.0778370648622512,-0.1529422849416732,-0.0435021519660949,-0.2341650277376175,0.0455569177865982,0.8609870076179504,0.5781028866767883,-0.3404849469661712,-0.0678211376070976,0.6001311540603638,0.0134011348709464,-0.3031742870807647,0.1346807926893234,-0.144233226776123,-0.5261630415916443,0.4355503916740417,0.5091544985771179,-0.0833733230829238,0.2180920392274856,0.2670896351337433,-0.7991225719451904,-0.4180024862289428,-0.3345060050487518,-1.050958514213562,0.4238246083259582,-0.3562321662902832,0.8672330975532532,-0.5954985022544861,0.4309892952442169,-0.4024232923984527,0.3909869194030761,0.0171622540801763,0.4163903295993805,-0.4857703149318695,-1.3232897520065308,-0.3382763564586639,-0.2781261503696441,-0.6342113614082336,1.0885275602340698,-0.1200270429253578,-0.7550294399261475,0.2689781486988067,0.2818595767021179,0.183319553732872,-0.2465816736221313,0.2268478572368621,-0.0390494316816329,-0.0169130768626928,0.008017498999834,-0.1576659828424453,0.3537449538707733,0.3585444390773773,0.178397536277771,-0.0097616231068968,0.8249403238296509,0.3854309320449829,0.1550318151712417,0.1726711988449096,-0.452601820230484,0.2316302210092544,-0.0850178897380828,-0.2921363413333893,-0.1442154943943023,0.4841728210449219,-0.4870316684246063,0.5140367150306702,0.3830854296684265,-0.8019239902496338,-0.1514890193939209,1.1948102712631226,0.2635453939437866,0.6823922395706177,0.0765335336327552,-0.0981333404779434,-0.6144131422042847,0.0781684964895248,0.595352292060852,-0.1323657780885696,-0.447791576385498,0.1941670179367065,-0.136386290192604,-0.0078218821436166,0.7715087532997131,-0.0365745723247528,-0.1183796897530555,0.3819184601306915,0.0633423402905464,-0.3294958472251892,0.9611512422561646,0.0925962179899215,-0.3062328100204468,0.0292535964399576,-0.0550469979643821,0.420026034116745,0.4790914952754974,0.1943640857934951,0.4590746760368347,-0.0140517381951212,-0.5848106741905212,0.0721693634986877,0.396188884973526,-0.2210362255573272,0.891806423664093,-0.3367661237716675,-0.2763691842556,0.6258436441421509,0.3863765597343445,0.1282980144023895,-0.0149681763723492,-0.7286804914474487,-0.2715208828449249,-0.6282907128334045,0.0671744421124458,0.1371153444051742,0.4392257630825043,0.3184598386287689,0.1893894374370575,-0.4350124895572662,0.3687155544757843,0.321261316537857,-0.1682348549365997,-0.3007729351520538,0.0684005171060562,0.2578999996185303,0.2626895010471344,0.1784130334854126,0.2423498481512069,0.0831109434366226,-0.4748173952102661,0.7601574063301086,-0.2581839859485626,-0.1072468012571334,-0.09479521214962,0.175308957695961,0.59159916639328,-0.2410508245229721,0.3209672570228576,0.0749908313155174,-0.0473887808620929,0.0560566000640392,-0.4479458630084991,0.1063652485609054,-0.20023974776268,0.0028138619381934,-0.2556470036506653,0.084066055715084,-0.6800851821899414,-0.8131122589111328,-0.0201230570673942,0.40631964802742,-0.4025742411613464,-0.5078088641166687,0.4864073097705841,-0.1204340755939483,-0.5760420560836792,-1.5662147998809814,0.5193831324577332,0.0815850645303726,0.0106269372627139,0.0105899330228567,-0.22087924182415,-0.2326550334692001,-0.1760053634643554,0.2459411770105362,-0.6746455430984497,-0.3293901979923248,-9.807195663452148,-0.0124987848103046,-0.5163050889968872,-0.1690342277288437,-0.1281996369361877,-0.4532968699932098,1.1393678188323977,0.8253955841064453,-0.536453127861023,0.3240262567996979,-0.5628291368484497,0.2936359345912933,0.5911865830421448,0.3530381917953491,0.4281627237796783,-0.3939273357391357,-0.067873790860176,0.0666920915246009,0.3080798983573913,0.1399819999933242,-0.1826901137828827,-0.1620252579450607,1.0195213556289673,0.314514696598053,0.0664615780115127,-0.6188612580299377,-0.1658964902162552,0.6420120000839233,-0.2043704092502594,0.2019911706447601,-0.9699943661689758,0.9677385687828064,-0.1644393503665924,0.0563455335795879,-0.4271545708179474,0.1414322853088379,-0.0807258337736129,-0.0451164245605468,-0.8572476506233215,0.4816361367702484,0.0363676100969314,-0.0011551573406904,0.2120583206415176,-0.0737558528780937,0.4536486566066742,-0.2475725561380386,-0.1137004643678665,0.2647754549980163,0.3160045444965362,-0.0187130738049745,-0.1756884008646011,0.2808996438980102,0.6086269021034241,-0.5372304916381836,0.3729364573955536,-0.7106446623802185,0.3599810898303985,-0.9493100047111512,0.2192019671201706,-0.2922466993331909,0.0507802776992321,0.1272028684616089,0.5295270085334778,0.747220516204834,-0.0787647441029548,0.5490385890007019,-0.0020413962192833,-0.6292516589164734,-0.6555565595626831,-0.1589002907276153,0.3971392512321472,0.1711445152759552,0.0227958634495735,-0.240527719259262,0.1442629247903823,0.4694149494171142,-0.0082037206739187,0.3554873168468475,0.7015735507011414,-0.2771918177604675,0.740035355091095,-0.510673463344574,0.3534307181835174,0.5597468018531799,-0.7759509682655334,0.3758062124252319,0.1695676892995834,-0.1911898702383041,-0.021022655069828,-0.7556512355804443,0.4545226097106933,-0.2344045490026474,-0.2773563861846924,0.0750988349318504,-0.168514609336853,0.1701342612504959,-0.0815538763999939,-0.1397444307804107,0.0923962071537971,-0.5649541020393372,-0.7259569,-0.6616046,0.5915754,1.185903,-0.8301199,-0.57880175,-1.6007178,-0.048240375,1.3351038,-0.3772573,0.48570848,0.071664535,-1.4364033,2.5035434,-0.97531796,-0.20305765,1.0051157,-0.4703928,0.58569384,-0.5146314,0.5794368,-0.08704032,0.74172074,-0.5495509,0.72637945,1.1696551,0.7127031,-0.55716217,-0.8259448,-0.87492526,0.01661395,-0.4322787,-0.45704928,-0.4701682,0.25308925,-1.7069738,-1.3137598,1.192013,0.26650763,0.048448525,-0.43449864,1.2287204,0.15472248,-0.27048916,-1.124544,-0.33425936,1.7384256,-0.10993652,0.63910747,-0.26948574,-0.87009394,0.035324864,0.5501784,0.7335616,0.23164025,-0.2502335,1.0447874,0.80004436,-0.24011545,-0.6202405,0.2601369,1.3683301,-0.71931934,0.21917602,0.25013402,0.5826001,0.066886574,-0.41563135,0.017787706,-0.29910627,-2.6446006,-1.3330055,-0.04947809,1.3326571,-1.4210972,0.5012515,0.23011036,-1.0883999,0.17976227,0.51143754,0.47431517,-0.0066352882,-1.0176709,1.5296123,-1.0637679,-0.85423166,-0.26515263,-0.2986692,-1.4047606,-0.28663534,-0.31158823,-1.7667198,-1.242221,-1.5127852,1.2154021,-0.18981338,-0.49595833,-0.6434027,-1.4554064,-0.014917183,-0.072208636,1.7061036,0.054260783,0.24543199,-1.1105068,-0.65129274,-1.2157508,-1.2056412,-0.9064795,0.47958225,-0.28025308,0.0860654,1.2189481,1.5160072,0.88615835,0.65694,-1.3661077,-0.6717174,-0.3614808,0.42941493,0.9544244,0.15336958,-0.68489504,1.0570462,-0.37761307,1.1065241,-0.17224434,-0.65246326,0.80317134,0.23581228,0.91084146,-0.18611126,2.0331,0.48009834,-0.98233175,-0.42669207,-0.13935673,0.2353268,0.7413242,-0.63338375,-0.7707451,-0.018343536,-0.15089124,-0.60935134,0.4299388,-1.3407071,0.34586388,0.9850527,1.0003253,-0.14370641,-0.34956723,-0.46743363,-1.3563764,0.56025237,1.0000584,-0.009839391,-0.10085189,0.3767837,-1.7289683,1.5193408,0.09180315,1.1166174,-0.7744325,0.26130214,-0.20320663,0.63877594,-0.59630907,0.5655183,-1.4450233,-2.4761245,-0.6858565,0.46385938,0.7254478,-0.14872685,1.0790815,0.079775974,0.6811996,0.45488128,-0.8159193,0.071809664,1.0645919,0.9825727,-0.22873044,1.0718362,0.0076843575,0.35081178,0.7056246,0.7159704,0.42984694,-0.061988045,0.665125,-0.74045914,0.6653629,0.8811313,0.79484564,2.429171,0.8699476,-1.1036202,-1.3384075,0.65541303,-2.3969712,0.13742003,1.1740985,-0.7723135,1.4435408,-0.8100076,-1.345433,1.9296824,0.66442907,0.038022604,-1.3491601,-1.4865406,0.9013855,0.36098137,-0.5918291,-0.15319374,-0.71546686,0.16429941,-0.9388606,-0.37441435,0.86926967,0.2496136,0.5878142,1.3913774,-0.79464996,0.68814546,0.40987116,0.11848976,0.3142646,0.67232907,-0.94755924,0.211095,0.9295398,-0.0754014,-0.56554836,0.17862594,-0.8147777,0.87665844,-0.4999124,0.7167528,0.54760396,-0.7781197,0.6790761,-0.32143778,0.40572295,0.6723858,1.6480503,0.34527132,-1.8558948,-0.25053403,-0.14033869,1.0493068,0.013250032,0.028183948,0.54050696,1.1020294,-0.8228787,0.029052531,-0.4426259,-0.13481823,0.067577526,0.29465628,0.22350928,0.28484964,0.36426523,-0.7784184,-0.1656503,-0.35827202,0.033102468,-0.71788406,-0.5388637,-0.47359657,-1.0910423,0.12135921,0.17593205,0.5020151,-0.93110096,-1.4566277,-1.0688922,0.14412515,0.6872927,-1.5383003,-0.6056752,0.07587414,0.12328507,0.73930186,-0.4332951,-0.11190368,0.26323143,0.73854697,-1.4553144,1.2454813,0.085518554,0.52409256,1.1652305,0.12682107,1.2521275,-0.54639626,0.7576131,-1.3654506,0.9022997,0.8227085,-1.2514062,0.902804,-0.080894485,0.04197944,0.7559527,-1.1727289,-0.08013572,-1.029618,0.084532596,-0.30913514,-1.9074204,2.1718802,-1.8319931,0.94604844,-1.6654065,-0.5360579,-0.41024694,-0.75624,-1.3930964,0.7123215,0.50802076,0.2591737,0.47271967,0.36643285,-0.1860008,0.17901568,0.17607886,1.0855634,-0.25008267,0.8461542,-0.81933177,-1.4187043,0.37542665,0.6342429,-1.3017185,-1.594069,-1.4700563,-0.5666316,0.30825627,-0.2707509,0.06475073,0.7034232,0.1360197,0.7865146,-1.3113072,-0.1435165,0.17937574,-0.5461141,1.4425117,0.48795885,1.7398474,-1.0937502,-0.071631014,0.7586249,-1.5299995,-0.5335174,-0.45976013,1.7121032,0.57029104,0.8573899,0.6563946,0.8035779,-0.42623705,-0.6630362,1.3112359,-0.17570141,1.8702276,0.55631363,-0.6077776,1.6409738,0.5862391,0.6768325,-0.29599077,-0.23824105,1.4164903,-0.043441724,-0.74035823,-0.48847896,-0.31196177,-0.09090576,0.30306092,0.87342864,0.4762067,-0.13373472,0.7124302,0.65666026,-0.53040534,-1.2344064,-0.8170885,0.7995952,1.095848,1.7331101,1.574265,-0.19918583,-0.99154437,-2.1485758,0.6670734,1.4761245,0.4132678,0.6085363,-1.3178592,0.6390511,0.49487114,0.29032055,-0.95476943,-1.5371616,1.637092,0.6061243,0.85280037,1.8316778,-1.0494956,-1.4038513,-0.71641505,-0.11903238,0.10255597,-1.0882438,-0.97601044,0.42251348,-0.7838508,1.1137701,0.67394245,0.7749979,-0.3222065,-0.2426321,0.79150856,0.27272987,-0.5346181,-0.31586897,-0.3229271,0.44943053,-1.4919645,-0.17101222,0.8341099,-2.2233272,0.8942744,-0.34947705,-0.34699568,0.20217189,-0.7690046,-0.68885535,-0.39611498,0.26218885,-0.88324416,-0.6730514,0.5382043,-1.7503115,-1.7168684,1.0656098,1.1878366,-0.6525205,0.59498394,0.5214575,-0.07297362,0.9154223,-0.45086694,0.08248484,0.14676435,0.24810624,-0.22673687,-0.6019041,-1.1235745,-0.8283156,0.67656106,-1.1349686,-1.0854571,0.89362544,0.69962394,-1.4291252,-0.72647667,0.01802047,-1.3312204,0.6728826,0.6561176,-0.10232802,-0.27307224,-0.6367276,-0.13773265,0.2784916,0.5767243,-0.4496843,-0.68754417,0.61443603,-0.3927353,-0.1492624,1.7018827,0.15099508,0.8476869,1.1900421,0.07293893,-0.72337425,0.7874322,-0.04292073,-0.12314333,1.1755546,-1.0770022,-0.86557597,1.4375494,-0.98519945,-0.6880139,0.08455641,0.6721876,-0.6919317,-0.1905736,0.29328728,1.0362862,1.6918964,0.67046994,1.4911797,-0.5564461,-0.09763185,-0.6512353,0.6301366,-1.2645143,-0.7051012,0.21092358,0.30934802,1.9250755,-0.60122216,0.51201487,0.4332404,-0.8213264,-1.1231973,0.43368864,0.34536886,-0.67093533,-0.93734473,0.17183441,-1.2976284,0.37895983,-1.548749,-0.29254818,0.41719761,0.70601076,-0.56651795,0.5833571,0.52401435,0.6744846,-0.8643409,0.37384263,0.8675946,0.86454403,-0.275292,-0.6697282,0.23415387,-1.1255832,-1.8946736,0.17415442,-1.0085511,-0.9283784,0.112330936,-0.11662068,0.040619243,-0.54579955,-0.8937963,1.5084486,-0.017025696,-0.2824151,0.47931376,-1.2200441,1.9560006,-0.33156723,0.066812895,1.333529,0.46611792,-0.96194744,0.3828532,-1.6470215,0.5319526,-0.9152945,0.9134451,0.834304,0.46773583,-0.605,1.9811399,-0.2622836,-0.528558,0.49605355,0.4066221,-0.48327684,0.2786578,-2.0967972,1.2503314,-1.6159163,-0.74206805,0.122221336,0.6968516,-0.2650581,-0.24542932,-0.37099597,0.5138294,0.5497097,-1.3278852,0.5936407,1.6367671,-0.5404115,-1.237552,0.6937169,0.39197546,-0.5210487,-0.1872375,2.462008,0.4103759,0.6705779,-1.0967963,-0.50066817,0.4550743,-0.6854252,-0.6531282,-0.23038192,0.097148344,0.20637588,0.07072367,-0.24640062,1.0901731,-1.0394188,0.37159723,0.9052688,-0.4513361,-0.318464,0.31370515,-0.28040358,-1.2723739,-1.6566061,-0.14145279,0.35450166,-0.7156743,0.35296834,0.72467816,1.8818668,0.8766373,-0.30134985,-0.58887273,0.58326674,1.2749937,1.0101303,-0.9976196,-1.408255,0.33635727,1.108687,-0.0039114594,0.38110706,0.15925421,-0.3006298,-1.4283383,1.0650675,0.15243687,-0.00437887,1.4352074,0.5670613,0.0018984616,0.56503165,-0.35633582,0.21006699,-0.6388912,-0.6559412,0.039916247,0.033020068,-1.0969076,0.025749687,-0.78661776,0.17868328,-0.4428541,0.6966857,-1.1727438,0.8068922,0.14180163,0.6288483,0.3269875,-0.33369786,-0.94762594,-0.7274306,-1.2523266,1.5489203,1.035,0.13421181,-1.1687685,-0.054835297,1.1930759,0.3687247,-0.7147955,0.0466035,-0.016243443,-0.99823874,-0.47012144,-0.8308209,-0.5762119,0.7321508,0.31056473,-1.2983698,1.5018276,-1.9660933,0.8817269,0.12836525,-1.5612803,-0.19719541,0.32326704,-1.0216599,2.0078197,1.3383257,0.16614673,0.49429998,0.9282568,1.0645326,-0.5057984,-0.5201578,-1.3929739,1.5784628,1.0446093,0.7438542,-1.2806481,-0.01860329,0.70599425,-0.44435874,1.1101592,-0.22267494,-0.46867102,-0.3296703,-0.37073684,-0.87295914,-0.35675368,-1.0451589,0.08686252,-1.2220716,0.5212985,-0.34278685,-0.58951724,0.75203323,-0.9518267,0.35284734,0.31639606,1.2710831,1.1061437,0.60051847,0.67149734,-0.57075113,-0.14885268,-0.9238607,-0.22555451,0.42663082,-1.5221701,-0.17569196,-0.0084941145,1.1870387,1.877911,0.009217912,-0.735694,0.46740264,-0.0521228,-0.0052580237,-0.014568579,-1.1034744,-0.6403036,0.12703244,0.5317043,0.45218056,-1.5555637,-0.51466095,0.021758521,0.9382739,0.38638642,0.11226387,0.26466268,0.86340064,1.6642195,0.82070667,-0.021871923,,,,,,,,,,,,,,,,,,,,,,,,,,,,,,,,,,,,,,,,,,,,,,,,,,,,,,,,,,,,,,,,,,,,,,,,,,,,,,,,,,,,,,,,,,,,,,,,,,,,,,,,,,,,,,,,,,,,,,,,,,,,,,,,,,,,,,,,,,,,,,,,,,,,,,,,,,,,,,,,,,,,,,,,,,,,,,,,,,,,,,,,,,,,,,,,,,,,,,,,,,,,,,,,,,,,,,,,,,,,,,,,,,,,,,,,,,,,,,,,,,,,,,,,,,,,,,,,,,,,,,,,,,,,,,,,,,,,,,,,,,,,,,,,,,,,,,,,,,,,,,,,,,,,,,,,,,,,,,,,,,,,,,,,,,,,,,,,,,,,,,,,,,,,,,,,,,,,,,,,,,,,,,,,,,,,,,,,,,,,,,,,,,,,,,,,,,,,,,,,,,,,,,,,,,,,,,,,,,,,,,,,,,,,,,,,,,,,,,,,,,,,,,,,,,,,,,,,,,,,,,,,,,,,,,,,,,,,,,,,,,,,,,,,,,,,,,,,,,,,,,,,,,,,,,,,,,,,,,,,,,,,,,,,,,,,,,,,,,,,,,,,,,,,,,,,,,,,,,,,,,,,,,,,,,,,,,,,,,,,,,,,,,,,,,,,,,,,,,,,,,,,,,,,,,,,,,,,,,,,,,,,,,,,,,,,,,,,,,,,,,,,,,,,,,,,,,,,,,,,,,,,,,,,,,,,,,,,,,,,,,,,,,,,,,,,,,,,,,,,,,,,,,,,,,,,,,,,,,,,,,,,,,,,,,,,,,,,,,,,,,,,,,,,,,,,,,,,,,,,,,,,,,,,,
モ,0.9757569432258606,0.6749680638313293,0.9160282611846924,-0.5770445466041565,0.1010512188076973,-0.0959448739886283,0.2260678857564926,0.2389405071735382,-0.394376128911972,-0.0393854789435863,0.440192848443985,-0.6591034531593323,-0.1601279824972152,-0.3064844608306885,0.1344659924507141,-0.45746511220932,0.0625317022204399,-0.3295319974422455,-0.22050641477108,-0.3122970163822174,-0.8919770121574402,-0.7594207525253296,-0.1853798925876617,0.2188920974731445,-0.1910526156425476,-0.985809564590454,0.1007179394364357,0.5949540734291077,0.2635058164596557,-0.5725122094154358,-0.2786420881748199,-0.0629119798541069,0.0073620057664811,0.2458503395318985,-0.7454453110694885,0.075811855494976,0.0332646593451499,-0.3871772587299347,-0.0506983622908592,-0.0629001185297966,0.1152482405304908,-0.4269048869609833,-0.4453933835029602,0.3785352110862732,-0.2071513831615448,0.3537138998508453,-0.031223464757204,0.3142997324466705,0.2183587998151779,0.2201131582260131,-0.4038738012313843,0.4041521549224853,0.425471693277359,-0.1674828231334686,0.2165240347385406,-0.4730794727802276,0.3049252927303314,-0.5639246106147766,0.1720008552074432,0.6032027006149292,-0.239325076341629,0.0690906047821044,0.1045584678649902,0.2978010177612304,0.0470392890274524,0.1192821487784385,-0.1337632089853286,-0.1666222512722015,-0.1568894833326339,-0.1522393524646759,-0.0515811257064342,0.0941227525472641,-0.2164250910282135,-0.137162372469902,1.0071940422058103,-0.2370384484529495,-0.0247733034193515,0.3810829520225525,-0.2730003595352173,-0.4653922021389007,-0.1041339486837387,0.572119951248169,0.0350106954574584,-0.7765647172927856,-0.070925585925579,0.4563371539115906,-0.7200241684913635,-1.202042579650879,0.3911978006362915,-0.2852736413478851,-0.1570264548063278,-0.1534004509449005,0.0471417196094989,0.468172937631607,0.09709133207798,0.0730906948447227,0.1132175922393798,-0.2423918843269348,0.1727945506572723,0.6402551531791687,-0.0581529773771762,0.1234323531389236,0.3324566781520843,-0.3275882303714752,-0.1585267037153244,0.1391417235136032,-0.1200745105743408,0.188875138759613,-0.2060467153787613,0.2481434047222137,-0.5333521962165833,-0.979328155517578,-0.6886600852012634,0.0963836759328842,0.2440036386251449,-0.2300655096769333,-0.4473761618137359,0.4729285538196563,0.002128135645762,0.3371374905109405,-0.1655120253562927,-0.0143981827422976,-0.1765172928571701,-0.1010989397764206,0.1618200540542602,-0.0055616712197661,0.0663326531648635,0.0136193977668881,0.1685331761837005,0.0065427785739302,-0.5123899579048157,-0.2534539997577667,-0.6648191809654236,-0.0751880705356597,-0.3039854168891907,0.7245415449142456,-0.0233443547040224,0.2936453223228454,-0.1287098079919815,-0.2575443983078003,-0.059321854263544,0.0079647898674011,0.4464979767799377,-0.4081531763076782,0.0856433883309364,-0.3519479036331177,-0.2409956902265548,-0.5759998559951782,-0.1140337586402893,0.2878223061561584,-0.3483795821666717,0.7437653541564941,-0.7317702770233154,0.4019326269626617,0.1306826919317245,0.3696637749671936,-0.5716943144798279,-0.328275978565216,-0.2157846689224243,-0.0782648250460624,0.2432252615690231,-0.3281313776969909,0.2566916644573211,1.0450568199157717,0.0076466258615255,-0.1523385792970657,0.5658129453659058,0.2982853651046753,-0.0525276735424995,0.684965968132019,0.8822084665298462,0.1984110623598098,0.2870163917541504,-0.1006898507475853,0.1933297961950302,0.1893860250711441,0.8501880168914795,0.3371810913085937,-0.3322291076183319,-0.2928677499294281,0.519032895565033,-0.1708110272884369,0.1536852270364761,-0.5715721845626831,0.4330354034900665,-0.3459009528160095,0.4607249498367309,-0.1279805302619934,0.0852313116192817,-0.0538889355957508,-0.0931285992264747,-0.2021214514970779,0.2720342874526977,-0.2636159658432007,-0.4522548317909241,-0.3665700554847717,0.106261670589447,-0.1381389498710632,-0.0096690822392702,0.1834071427583694,0.1189355626702308,0.0115183293819427,-0.1249828413128852,-1.1111500263214111,-0.5005223155021667,0.5144323706626892,0.3942021429538727,0.7604984045028687,0.6160243153572083,0.5863209962844849,-0.1094428971409797,0.3094867765903473,0.4329841732978821,0.1043677851557731,0.8115395903587341,-0.044036541134119,-0.4804971218109131,-0.5231109857559204,0.0759973376989364,-0.1084706410765647,0.7262665629386902,-0.2271509915590286,0.0668463855981826,0.0828060209751129,0.1157882660627365,0.1256670653820037,0.1843454837799072,-0.2011999636888504,-0.1004347950220108,0.5576381087303162,-0.8038695454597473,-0.1897670775651931,-0.7078806757926941,0.0298724416643381,-0.693244993686676,-0.2618941962718963,-0.5148773789405823,-0.4967519640922546,-0.6160101294517517,0.1886693835258484,-0.0489765256643295,-0.4232003092765808,0.1868058294057846,-0.3497185409069061,0.15017931163311,0.9877723455429076,-0.1097733974456787,-0.2371234446763992,0.0914276391267776,0.047660119831562,-0.3577341735363006,-0.622891902923584,-0.0054006087593734,-0.8360463380813599,0.9036998748779296,0.3564980030059814,0.6088647246360779,0.1141679361462593,0.4406469464302063,-0.5345606803894043,0.041442833840847,-0.6767209768295288,-0.4219784438610077,0.1229605600237846,0.471838891506195,-0.1211957111954689,0.1574984788894653,-0.0063870465382933,-0.1725136488676071,-0.4321721196174621,0.1804598718881607,0.2942863404750824,-0.1645444333553314,-0.3271107971668243,0.1311961561441421,0.1473788172006607,-0.3855530619621277,0.8938804268836975,-0.5586043000221252,0.2726260125637054,-0.4538394510746002,0.4363297522068023,-0.2730979025363922,-0.256797581911087,0.0540732443332672,0.1250181198120117,-0.5106499791145325,-0.5047711730003357,-0.1305207759141922,0.616267204284668,0.6881330609321594,-0.519388735294342,0.0117315286770462,0.6077224016189575,-0.0081067327409982,0.0722132921218872,0.119690753519535,0.2174902707338333,-0.2392555475234985,-0.6110792756080627,0.7405552268028259,-0.0235992167145013,0.2673302590847015,-0.1856444925069809,-0.0291665680706501,-0.4459306597709656,0.0673999786376953,0.1888500154018402,0.4036676287651062,-0.1067791283130645,0.6409578323364258,0.9843835234642028,-0.2149361670017242,-0.2979083061218261,0.4485390186309814,0.6622840762138367,-1.8538326025009155,-0.2041660398244857,0.2170791625976562,-0.0274829007685184,-0.8259491920471191,0.2285222560167312,0.1909473687410354,0.1926114857196808,0.0099703269079327,-0.9482415914535522,0.818393349647522,0.244650050997734,-0.0502013489603996,-0.1039883270859718,0.4776352047920227,0.2160197049379348,-0.253480315208435,-0.6503969430923462,0.4117457270622253,0.2589434683322906,-0.284033715724945,-0.3751254975795746,0.2734731137752533,-0.2655577361583709,-0.2802866995334625,0.1458420604467392,-0.1918870210647583,0.3025580942630768,-0.3039587140083313,-0.1217050105333328,0.2764224410057068,0.7831966876983643,0.4916667342185974,0.7065092921257019,-0.6342092156410217,-0.2035236954689026,-0.030612226575613,-0.009174944832921,-0.0211075134575366,-0.6478630900382996,-0.1484850347042083,-0.150659441947937,-0.0909792184829711,-0.3543875813484192,0.1114163324236869,0.3383809626102447,0.1934741288423538,-0.0797038078308105,-0.3867030739784241,0.3040476441383362,0.7624569535255432,0.0877795219421386,-0.1761549413204193,0.3129302561283111,0.6990050077438354,0.2824506759643554,0.082988753914833,-0.39300337433815,0.3223514854907989,-0.501899778842926,0.1589908152818679,-0.4645299613475799,-0.0261761117726564,0.580502450466156,-0.5004780888557434,0.30310720205307,0.4085598289966583,-0.3425005376338959,-0.5255314707756042,-0.4408917725086212,-0.1821471452713012,-0.1569828689098358,-0.0916477069258689,-0.925133228302002,1.0303244590759275,0.3311627805233001,0.2691119909286499,-0.245103046298027,-0.6227831244468689,0.0237553380429744,-0.1318100392818451,-0.1160037815570831,-0.0374749526381492,0.4025934040546417,-0.1926587522029876,-0.3367231786251068,-0.2797297239303589,-0.1737249493598938,-1.0098724365234375,0.0788132771849632,-0.957037627696991,-0.3984876275062561,0.0279314089566469,0.708143413066864,-0.0927544757723808,-0.1729588061571121,0.1135859489440918,0.2989955842494964,-0.4364091157913208,-0.413961112499237,-0.040670957416296,0.8010936379432678,-0.2469027787446975,0.0053336243145167,0.5768932700157166,0.1957901269197464,0.6381428837776184,-0.1398029923439026,0.1971505284309387,0.0549620389938354,-0.5681306719779968,-0.4310335516929626,0.5816974639892578,-0.3641787469387054,0.5211485624313354,-0.2232511341571808,-0.2183834165334701,0.444451242685318,-0.1783301085233688,-0.7220080494880676,0.184738278388977,0.2721154987812042,-0.3107751011848449,0.3594979643821716,0.1729731112718582,0.899496853351593,0.183706060051918,-0.0443672910332679,0.0632839277386665,0.1436331421136856,0.6972894072532654,-0.31682288646698,0.0605561956763267,-0.2857124209403991,0.5439347624778748,0.7674780488014221,0.4278034567832947,0.316206157207489,0.8601690530776978,0.0803180634975433,-0.5944874286651611,0.2441348880529403,-0.0435755886137485,-0.036231443285942,-0.2400859892368316,0.3822607398033142,-0.4050053358078003,-0.1828151941299438,-0.1844485998153686,-0.0829601734876632,0.522892415523529,-0.3199160695075989,0.1169574707746505,-0.3037259876728058,-0.4510950744152069,-0.5252627730369568,-0.8413795232772827,0.2394175976514816,-0.6015396118164062,-0.0130529794842004,0.304487943649292,-0.0016482658684253,-0.1080154106020927,0.4337679147720337,0.1299225240945816,0.4143628478050232,0.0514305084943771,-0.3373008668422699,-0.1611281633377075,0.4990343749523163,-0.1006543934345245,-0.2741180062294006,-0.0680951476097107,0.190677672624588,-0.3964534699916839,-0.6877052783966064,0.1048579588532447,-0.2473276704549789,0.0835115760564804,-0.0591364204883575,0.6532180309295654,0.2377328127622604,-0.4458768367767334,-0.0026152792852371,-0.1477084755897522,-0.1992504745721817,0.1104356721043586,-0.8357944488525391,-0.1470086276531219,-0.0141196800395846,-0.0287028979510068,0.1592108309268951,0.4545393288135528,-0.4363607466220855,-0.3171842396259308,0.5329827666282654,0.285133957862854,-0.2112492471933365,0.0174937937408685,-0.2141890823841095,-0.5698750615119934,0.4220879077911377,0.2388964593410492,0.0104245664551854,0.1951257586479187,0.0591490566730499,-0.6787995100021362,-0.4573504328727722,-0.3311511278152466,-1.000455021858215,0.420969158411026,-0.0600189678370952,0.2499492466449737,-0.4997598230838775,0.0124455345794558,-0.1198388189077377,0.3085497915744781,-0.0061156498268246,0.0510685816407203,-0.1341304630041122,-0.2498428225517273,-0.100819818675518,0.1872296184301376,-0.902981460094452,0.903473138809204,0.3635186553001404,-0.6413354277610779,0.1065243929624557,0.8733764886856079,0.5536312460899353,-0.226671501994133,0.3446851968765259,0.0192849244922399,-0.2070434987545013,0.1271798908710479,-0.1304006576538086,0.3511546552181244,0.6057475209236145,-0.1678652018308639,0.1977549195289611,0.7211394906044006,0.317692220211029,0.3476895093917846,0.00529764033854,-0.0984115302562713,0.0431212745606899,-0.2444055378437042,0.3462001979351043,-0.0186165012419223,0.4399855732917785,-0.2947188317775726,0.8139684200286865,0.710666835308075,-0.4170121252536773,-0.1657324433326721,0.904951274394989,0.5785465240478516,0.3502776324748993,-0.0479523576796054,0.4233873188495636,-0.6423798203468323,0.0100579652935266,0.7963665127754211,0.0484119318425655,0.0874627977609634,0.2319787740707397,-0.2548098564147949,-0.1386835873126983,0.2299742847681045,-0.3601557314395904,0.3685186207294464,0.0743602588772773,0.1449256986379623,0.1214152723550796,0.9474963545799256,0.1294476091861724,-0.11721982806921,-0.2829869985580444,0.0272374991327524,0.9707024693489076,0.4003251791000366,0.1161241382360458,0.4184789955615997,-0.5239896774291992,-0.7160212397575378,0.2884884178638458,0.2395973354578018,0.4181027412414551,0.3314131498336792,-0.3171224296092987,-0.8337098360061646,0.3323343694210052,0.0515629649162292,0.2662889957427978,-0.2187333703041076,-0.6296384334564209,0.3687102198600769,0.1326432228088379,-0.7111840844154358,0.0160705223679542,0.1204149723052978,0.7228238582611084,0.0205795262008905,0.4811916351318359,0.5413381457328796,0.3805579543113708,-0.2815284729003906,-0.1499946266412735,0.2980535924434662,-0.0621722750365734,0.0582227483391761,-0.1643683314323425,0.0719732269644737,-0.1200183779001236,-0.4781737923622131,0.2563371360301971,-0.1529210358858108,-0.0730245485901832,-0.4622911810874939,-0.0872256755828857,0.4062610566616058,0.0036917261313647,-0.1315760910511016,-0.4319250881671905,-0.0121737867593765,0.1158286184072494,-0.6250787973403931,-0.2706327438354492,0.224060371518135,-0.2309248596429824,0.0554384402930736,-0.1037269160151481,-0.8494049310684204,-0.6626018285751343,-0.1649157702922821,0.2198531627655029,-0.717615008354187,-0.5079148411750793,0.5160558819770813,0.180120438337326,0.2226188033819198,-1.5752164125442505,0.3352097272872925,-0.0714263170957565,0.581639289855957,0.1297259628772735,0.3132452964782715,0.0555768236517906,-0.0069835283793509,-0.3700921535491943,-0.3031861186027527,-0.1255348324775695,-10.118189811706545,-0.2473987340927124,-0.7391456365585327,-0.391312301158905,-0.4691698849201202,-0.183402270078659,0.8879675269126892,0.6419965028762817,0.0525713972747325,0.4375913739204407,-0.2927428185939789,0.8748483061790466,0.2373399883508682,0.189436137676239,-0.2893595993518829,0.026322066783905,-0.3255416750907898,-0.3560661673545837,-0.2389947474002838,-0.2288420349359512,-0.1808101832866668,-0.2936289310455322,0.2548368573188782,0.1997123062610626,0.4182250499725342,-0.4880892634391784,0.1854372471570968,0.2552536427974701,-0.4021287858486175,0.4138175845146179,-0.4684028923511505,0.5114248394966125,-0.3049837946891784,0.4366782605648041,-0.2625919580459595,0.0053909546695649,0.1751573085784912,0.232889175415039,-0.3697788417339325,0.463871031999588,0.5129739046096802,0.2726808786392212,-0.0239656381309032,0.1504347771406173,0.5094926357269287,0.2266224920749664,0.3754364848136902,0.3676313757896423,0.5877224206924438,-0.0110685806721448,0.2663854658603668,-0.1609422415494918,0.3628093898296356,-0.4397547245025635,-0.1687099635601043,-0.2629787921905517,0.8346320986747742,-0.7007181644439697,0.2634390592575073,0.0340358018875122,0.3745407164096832,0.1813335567712783,0.4824490845203399,0.8310155868530273,0.3251977264881134,0.4929811656475067,0.322527527809143,-0.0237648040056228,-0.7491282820701599,-0.4808701276779175,0.346692681312561,0.4031094312667846,-0.1921228170394897,0.1646279692649841,0.2259988337755203,0.058794479817152,-0.1395866274833679,0.0641438961029052,0.7503800392150879,-0.2597523629665375,-0.0116587150841951,-0.4078022241592407,0.0786360427737236,0.3920592069625854,-0.643795907497406,0.3947852253913879,0.2515108585357666,-0.3727778792381286,-0.0155958086252212,-0.021749185398221,0.6768658757209778,-0.1406090259552002,-0.646511435508728,0.2862076461315155,-0.0045917234383523,-0.4350846707820892,0.1673124134540558,-0.2951107621192932,0.318316787481308,-0.320817232131958,-0.8924847,-0.5150769,0.88711184,1.1107756,-0.8788838,-0.39807686,-1.4649898,0.6066924,1.0304528,-0.11953216,0.8293693,-0.17755537,-1.5021001,2.416509,-0.82958573,0.15445612,0.56120723,-0.65442187,0.4487134,-0.56539875,0.66328377,0.3386375,0.70405835,-0.8246462,0.8196524,0.68442637,0.8422329,-0.3073316,-0.41294655,-0.5095008,-0.22361547,-0.4804318,-1.4357482,-0.6302423,-0.10026828,-1.0912622,-1.1339724,0.77989894,0.018070081,-0.643985,-0.5788946,1.105631,-0.034429926,-0.07044572,-0.86819416,0.016831126,1.8020229,-0.8338459,0.75372976,-0.10781325,-0.5594314,-0.49097124,0.4075621,1.028108,0.77345306,-0.1467773,1.2099434,0.9440349,0.23129757,-0.23212172,1.0434939,0.7368447,-0.7482005,-0.1421654,-0.052957375,0.8784266,-0.13352828,0.33138356,-0.028962323,-0.2956401,-2.653414,-0.95982033,-0.2984576,1.3505697,-1.2602595,0.7264395,0.24877895,-0.9556721,0.35409752,0.37598658,0.51466936,0.046875417,-0.7587672,1.3484254,-0.8066701,-0.77736574,-0.34406236,-0.47670373,-1.1737154,-0.18581611,-0.11348989,-1.1031846,-1.2017257,-1.29281,1.0956484,0.09262955,-1.0923324,-0.7483576,-0.94992614,0.09084665,-0.4546002,1.3449978,0.16240896,-0.03836726,-0.7348845,-0.5295547,-0.87326646,-0.83373064,-0.67405874,0.773154,-0.117016144,0.38905632,0.5722138,1.4783854,0.8691172,0.88634205,-1.0811551,-0.5373164,-0.69205815,0.393785,1.266975,-0.02602782,-0.77076787,0.024145216,0.40305772,1.1892409,0.33198085,-0.87466925,0.97097325,0.17751412,0.46003452,0.12338135,1.8384877,0.75985193,-1.0858992,-0.3930494,-0.4128262,0.043403327,0.50813013,-1.0367707,-0.5979994,0.15817644,-0.04139604,-0.11449047,0.27079666,-1.4323602,0.17129195,0.99600524,1.1250316,-0.0153448135,-0.3645145,-0.083165206,-1.3600701,0.34421358,1.0025746,-0.40727034,-0.33463863,0.1918689,-1.5327662,0.8540713,0.20509613,1.5261501,-0.9471488,0.90020686,0.34104535,0.6268312,-0.9830591,0.6079184,-0.9950455,-2.2393389,-0.476118,-0.12646051,0.626046,-0.24845983,0.64084,-0.045343947,0.6676704,0.20204966,-0.693976,0.085973196,0.5758552,1.0538341,-0.06622948,1.4616547,-0.29429153,0.3242692,0.8216807,0.72047347,0.6471516,-0.09522892,0.7918847,-0.7463744,0.9336025,0.9521517,1.240139,2.9760942,0.66851586,-1.4600197,-1.505503,1.1022743,-2.4975224,-0.45029315,1.0911213,-1.1806116,1.4517304,-1.1907176,-1.1809067,1.7270223,0.6160843,-0.012412541,-1.2396846,-1.3007331,0.7333278,1.0176296,-0.10597017,-0.13599537,-1.1797875,0.33310333,-0.4613993,-0.27064133,0.95402384,0.6486407,0.063824065,0.99468255,-0.92808026,0.6227847,0.31020865,0.7627565,0.49616873,0.7710769,-1.2806042,0.40305355,0.7558306,-0.109303646,-0.66215205,0.13016756,-0.29021063,0.43798152,-0.20557742,0.7864161,0.3005508,-0.7362458,0.24870999,-0.17595576,0.4081426,0.49912772,1.5121332,0.15193866,-1.7563753,-0.2953934,0.2858275,1.0311033,0.13630028,0.3133475,0.74339515,0.9064773,-0.5765617,0.031449333,-0.21750826,-0.107312016,-0.4054984,0.5989446,0.16740762,0.4393717,0.29718825,-0.7324526,-0.6463192,0.07429323,0.16609491,-0.46103665,-0.6403114,-0.8758695,-0.80761814,0.27055028,0.26145545,0.5381911,-0.84134483,-1.3789018,-0.7112004,0.80865914,0.68181664,-1.249714,-0.5168142,0.18175097,-0.7757282,0.041673962,-0.3340974,-0.13059013,0.4434928,0.46769717,-1.3152591,1.3552567,-0.015094154,0.6918647,1.4522638,0.28762084,1.1514703,-0.6540672,0.29143113,-0.74437475,0.5889465,0.9886922,-1.9550972,0.98407125,-0.30409124,-0.29667428,1.0345906,-1.1816419,-0.56323355,-0.7024081,0.08654088,0.10448629,-1.3259833,1.9323511,-2.0914066,1.5843736,-1.6351666,-0.64469415,-0.6430312,-0.7134154,-1.5424861,0.47383758,0.32028028,0.2649178,0.48713532,0.17088628,0.44326523,0.28048322,0.06320766,0.70158225,-0.16280949,0.6737551,-0.64502484,-1.3679966,-0.17743279,0.7370797,-1.2919364,-1.1644443,-1.211445,-0.20327036,0.45287785,-0.3833772,-0.35227445,0.56322956,-0.24705495,0.7635269,-0.7357339,-0.6438642,0.30695245,-0.7752021,1.1064669,-0.27772704,1.7345992,-0.9783044,-0.1278323,0.7576999,-1.6037682,-0.34124556,-0.35384002,2.2176225,0.56648785,0.45275113,0.6627624,0.25265327,-0.3619411,-0.80409193,1.3437616,-0.2843245,2.1035216,-0.10369108,-0.28261736,1.4827853,-0.14443173,0.24762411,-0.41696653,-0.44234693,1.8050095,-0.084046565,-0.6140893,-0.013051301,-0.26611945,0.0564162,0.053202305,0.5867494,0.6016595,0.06877553,0.52034193,1.044485,-0.3437377,-0.6939133,-0.65988225,0.48255256,1.1832215,0.93523836,1.618144,-0.46150804,-0.864398,-2.0148096,0.34414545,1.5540005,0.37743843,0.38491657,-1.5588988,0.039735883,0.27473962,0.26954916,-1.2867149,-1.9561676,1.8204173,0.6335971,0.32472536,1.5660843,-0.52614856,-1.8675885,-0.44259962,-0.1263181,0.46610054,-1.1156068,-0.55037874,0.29439202,-0.6893878,0.93909997,0.55831605,0.49134326,0.039064173,-0.050230633,0.59160185,0.54258245,-0.8717398,-0.21710187,0.05802107,0.26776013,-1.775931,-0.73529226,0.2260618,-1.872461,0.74089575,-0.41162995,-0.3829507,-0.22775805,-0.32581022,-1.0018859,-0.4481361,0.034989398,-1.3064729,-0.32272518,0.9059799,-1.5687451,-1.3757001,0.8640464,0.9475021,-0.94936866,1.2133726,0.24010165,0.015461996,0.78609467,-0.13019472,-0.04087792,0.054636028,-0.35919592,-0.2806843,-0.38029647,-1.097951,-0.38840696,0.792051,-0.93603426,-1.2658515,1.0466269,0.42396343,-2.1072485,-1.0313243,0.25495297,-0.6603859,0.70920104,0.66130245,-0.238905,-0.48311695,-0.8907084,-0.104718834,0.11290281,0.57676935,-0.15480854,-0.17204213,0.5289033,-0.0629176,0.20482934,1.3689116,0.133741,0.8628934,1.017105,0.31570196,-0.56750315,0.8418813,-0.116039075,0.079743214,1.0063683,-1.6137773,-0.84475106,1.6764984,-0.30211124,-0.559215,-0.13348947,0.3546045,-0.19469641,0.038887415,0.145388,0.9143202,1.7577709,1.0075096,1.6235414,0.038834002,-0.24252565,-0.5500584,0.60247606,-1.4801258,-0.65624076,0.2766064,0.5756307,2.250962,-0.4023606,-0.097192414,1.0238613,-0.5481121,-0.8004129,0.4542452,0.41366687,-0.41356978,-0.43687618,0.12820552,-1.6451062,0.1366544,-1.9851303,-0.122296296,0.45815396,0.92582816,-0.58077806,0.13372107,0.60322654,0.5923447,-1.0217878,0.09490829,1.1208075,1.5546322,-0.0354185,-0.6188534,0.18175548,-0.23209476,-1.6628127,-0.16280709,-1.2102948,-0.626612,0.042325005,-0.27898255,-0.1814456,-0.4656123,-0.8172669,1.4465626,-0.2035305,-0.48040774,0.36057124,-1.0425873,1.4260606,-0.6348587,-0.4422988,1.3262383,0.6531362,-1.1446784,0.5104454,-0.98297644,0.7163177,-0.8320065,0.74466467,1.0671991,0.59329635,-0.5082631,1.2466654,-0.60639596,-0.1028199,0.16238038,0.58355635,-0.2233345,0.1845669,-1.9019266,1.2519718,-1.7932043,-0.9521988,0.07745249,0.19470148,-0.6168672,0.33782244,-0.32619396,0.3266027,0.048947345,-1.4059027,0.7066007,1.3839287,-0.34738222,-0.46317002,0.54031634,0.77774245,-0.4957739,-0.10534351,2.4142396,0.7858773,0.6964577,-1.3065869,-0.79179627,0.20260888,-0.4263762,-0.8645563,-0.6638276,-0.5823099,-0.13814335,0.2689431,-0.67781425,0.88130397,-1.1333221,0.66005254,0.85528445,-0.7863243,-0.27785578,0.17717002,-0.50865036,-1.2728041,-0.991679,0.41612527,0.9704825,-0.57518107,0.15276992,0.7558899,1.7785105,0.599419,-0.30383572,-0.71687603,1.1089507,0.6881196,0.83992726,-0.5118756,-1.474212,0.5731679,1.0580581,-0.7253105,0.38747716,-0.00019491713,-0.34200087,-1.8263087,0.81959516,0.09769293,0.22042142,1.4629084,0.27740186,-0.0450153,0.80694646,-0.18373136,0.38889268,-0.5188933,-0.098143704,-0.33392143,-0.35291377,-0.645509,0.100467645,-0.63898283,0.35994145,-0.011187588,0.6475442,-1.7294507,0.7489564,-0.08678868,0.6621106,0.32768086,0.2418348,-1.3110752,-0.62903655,-0.8213179,1.3230518,1.2017406,0.102979094,-1.2379649,0.045545798,1.4485083,0.36472246,-0.61275786,0.28899577,0.3391546,-0.96932477,-0.13781628,-1.1357234,-0.27459875,0.6939404,0.6516418,-1.1077415,0.89133644,-1.7285248,0.7410493,0.0721486,-1.1724049,0.0039603994,0.012734051,-0.6017131,2.2145226,0.86968094,-0.094219975,-0.22518939,0.7171119,1.161498,-0.7057288,-0.28390986,-1.2518928,0.81160307,1.3672632,0.5533269,-0.9312696,0.05764422,0.34773645,-0.501561,1.3829445,-0.24536876,-0.6490228,-0.8362174,-0.12223328,-0.99475473,-0.33949158,-0.5421454,0.015571664,-1.2588931,0.3886051,-0.80525136,-0.77565545,0.3366878,-1.099037,-0.0970538,-0.44318256,1.2087691,0.77283055,0.64568067,0.53546196,-0.5944269,-0.37402764,-1.2345283,-0.6205936,0.46283388,-0.7189265,0.4418993,0.070766695,0.8503123,1.8951384,0.07930235,-0.9421475,0.39659762,0.04423423,0.2483841,0.09984244,-0.7368695,-0.41097412,0.010092762,0.3040028,0.4325626,-1.4981354,-0.2351458,-0.0338901,0.76066023,0.2228231,0.1227659,0.2702674,0.51129514,1.5983896,0.8618245,0.07276859,,,,,,,,,,,,,,,,,,,,,,,,,,,,,,,,,,,,,,,,,,,,,,,,,,,,,,,,,,,,,,,,,,,,,,,,,,,,,,,,,,,,,,,,,,,,,,,,,,,,,,,,,,,,,,,,,,,,,,,,,,,,,,,,,,,,,,,,,,,,,,,,,,,,,,,,,,,,,,,,,,,,,,,,,,,,,,,,,,,,,,,,,,,,,,,,,,,,,,,,,,,,,,,,,,,,,,,,,,,,,,,,,,,,,,,,,,,,,,,,,,,,,,,,,,,,,,,,,,,,,,,,,,,,,,,,,,,,,,,,,,,,,,,,,,,,,,,,,,,,,,,,,,,,,,,,,,,,,,,,,,,,,,,,,,,,,,,,,,,,,,,,,,,,,,,,,,,,,,,,,,,,,,,,,,,,,,,,,,,,,,,,,,,,,,,,,,,,,,,,,,,,,,,,,,,,,,,,,,,,,,,,,,,,,,,,,,,,,,,,,,,,,,,,,,,,,,,,,,,,,,,,,,,,,,,,,,,,,,,,,,,,,,,,,,,,,,,,,,,,,,,,,,,,,,,,,,,,,,,,,,,,,,,,,,,,,,,,,,,,,,,,,,,,,,,,,,,,,,,,,,,,,,,,,,,,,,,,,,,,,,,,,,,,,,,,,,,,,,,,,,,,,,,,,,,,,,,,,,,,,,,,,,,,,,,,,,,,,,,,,,,,,,,,,,,,,,,,,,,,,,,,,,,,,,,,,,,,,,,,,,,,,,,,,,,,,,,,,,,,,,,,,,,,,,,,,,,,,,,,,,,,,,,,,,,,,,,,,,,,,,,,,,,,,,,,,,,,,,,,,,,,,,,,,
オ,0.5296596884727478,0.2130906283855438,0.4559382796287536,-0.3788235783576965,0.0963736400008201,0.229296863079071,0.2386744916439056,0.2548413276672363,-0.0763473808765411,-0.5995948910713196,0.3987560868263244,-0.4263967275619507,0.4475667774677276,-0.2476707696914672,0.6969519257545471,-0.0656861960887909,0.0709809884428978,-0.1644545197486877,-0.0108748702332377,-0.3702743947505951,-0.7576481103897095,-0.413432627916336,0.3180697858333587,0.3614082336425781,0.053830225020647,-0.3144461810588836,0.024836154654622,0.22332763671875,-0.1629917174577713,0.0653100684285163,-0.163625493645668,-0.366718590259552,-0.2875009775161743,-0.143985703587532,-0.1412046998739242,0.7164433598518372,0.0447980128228664,-0.334321528673172,-0.048272281885147,-0.4448588788509369,0.2024504095315933,-0.0392537266016006,-0.0778143554925918,-0.4906745254993438,-0.4244580864906311,0.3569748103618622,0.1421144604682922,0.4508043527603149,0.3910716772079468,0.065802477300167,-0.2395339757204055,0.3987994194030761,0.2064034640789032,0.0377097837626934,0.5504782795906067,-0.1333968788385391,0.3774928748607635,-0.541711688041687,-0.0768055692315101,0.2613519728183746,-0.3717130422592163,-0.2485538125038147,0.521899402141571,-0.136066272854805,0.0811342075467109,0.026225758716464,-0.2150810807943344,-0.1482564061880111,0.0450063794851303,-0.7747994661331177,-0.2178253978490829,0.2925040125846863,0.3747594952583313,-0.3835846185684204,0.6918500065803528,-0.3065555095672607,0.2237822115421295,0.1153149232268333,0.2371601611375808,-0.2251027226448059,-0.3462476432323456,0.2766848802566528,0.2552945911884308,-0.7245570421218872,0.0226185377687215,0.0493616014719009,-0.4940282702445984,-0.9880563616752625,0.452703058719635,-0.3511286675930023,-0.0228992886841297,0.0741178765892982,0.2153235077857971,0.2377034276723861,0.0652189552783966,0.1718862056732177,0.1264184862375259,-0.2441621720790863,-0.2346249967813491,0.2505479454994201,0.0868691354990005,0.4093315303325653,0.32750204205513,-0.1709804832935333,-0.2634230852127075,0.0760699585080146,-0.1548914760351181,0.2174850106239318,0.2510367929935455,0.0809057801961898,-0.3745799660682678,-0.2978120148181915,-0.4654948711395263,0.2725546658039093,-0.0209189262241125,0.1435899883508682,-0.198187306523323,0.3388965129852295,-0.4349301159381866,0.6078699827194214,-0.2538466453552246,0.7915907502174377,-0.0356875881552696,0.3047783374786377,0.2150291949510574,0.5052955746650696,0.0175789315253496,-0.0272460542619228,-0.1284803003072738,-0.2572053372859955,0.0357783772051334,-0.0579200908541679,-0.6814077496528625,0.0921545028686523,-0.2537298202514648,0.9225340485572816,-0.0114336526021361,-0.0479016825556755,-0.136097177863121,-0.4668779373168945,-0.1524674445390701,-0.1324257403612136,0.2752945125102997,-0.4046907126903534,-0.1197020336985588,0.1626258939504623,-0.2094656676054,-0.4744023382663727,0.4888186752796173,0.3426395952701568,-0.391703337430954,0.8269580006599426,-0.7304170727729797,0.0575210861861705,-0.0262061338871717,0.3646568357944488,-0.7473659515380859,0.1510887295007705,0.0498598143458366,0.5594866871833801,0.0929848328232765,-0.4336896538734436,0.1997489929199218,0.3209051787853241,0.1022119894623756,0.4263670146465301,0.4947990477085113,0.234954759478569,0.1953546553850174,0.4709454476833343,0.0561673045158386,0.4962971210479736,0.0458567067980766,-0.2137681096792221,0.4985187947750091,0.2918106913566589,0.1293936520814895,0.2646268904209137,0.0680747330188751,-0.5479270219802856,-0.0365224033594131,-0.1630211323499679,-0.0103595312684774,-0.1495637893676757,0.4607514441013336,-0.16131691634655,-0.0502539128065109,0.1145083829760551,-0.2079464346170425,0.1704038232564926,0.0367571040987968,-0.262583464384079,0.3753058016300201,-0.6912090182304382,0.0999286249279975,-0.3194076120853424,-0.3274402320384979,-0.3803856372833252,-0.302856832742691,0.3924706578254699,0.0625739246606826,-0.0227741338312625,-0.1504396349191665,-0.1841774731874466,-0.8772600889205933,-0.3443240523338318,0.072902612388134,0.655198872089386,0.360122412443161,0.2266106456518173,0.0718065351247787,0.2478867173194885,0.4675061106681824,0.0748334527015686,0.1430813670158386,-0.0019422065233811,-0.2316767424345016,-0.1867131143808365,0.1263024359941482,-0.1210856661200523,0.4201357662677765,-0.0982303693890571,0.3487502336502075,-0.0542345009744167,-0.406590849161148,0.2436564266681671,0.0867293998599052,-0.3940061628818512,0.0503381453454494,0.7268115282058716,-0.2607754468917846,-0.6348714232444763,-0.4985277056694031,-0.0947990268468856,-0.6508302092552185,0.0662958398461341,-0.268383651971817,0.2855084538459778,-0.349700003862381,0.112674169242382,-0.1744929105043411,-0.4754193425178528,-0.1815786063671112,-0.2118682861328125,0.0328344888985157,0.1429506987333297,-0.0228110589087009,-0.1918207108974456,-0.51520836353302,-0.035258699208498,-0.3487142920494079,-0.4789979457855224,-0.0031026471406221,-0.5512425303459167,0.4469566941261291,0.2267684787511825,0.519576370716095,-0.0401957146823406,0.2230084687471389,-0.021178001537919,-0.0647084936499595,-0.8502422571182251,-0.1223883181810379,-0.082101322710514,-0.5005362629890442,-0.0289797261357307,0.0161732789129018,-0.4629672467708587,-0.3051377236843109,-0.4279847145080566,-0.0537696257233619,-0.4275308847427368,-0.4585559368133545,0.0507671535015106,-0.0609349831938743,0.121000550687313,-0.1441505849361419,0.4983959794044494,-0.4443674683570862,0.157625675201416,-0.6233783960342407,0.1977990418672561,-0.6939910650253296,-0.2582651376724243,0.0102615738287568,-0.2509933710098266,-0.385790079832077,0.1677277833223343,-0.4675479829311371,0.3769758343696594,0.3340494334697723,0.0589170567691326,-0.4295046031475067,-0.0234155897051095,-0.379841536283493,0.1281551122665405,0.2171487510204315,0.7272565960884094,0.2176287770271301,-0.0618875958025455,0.1726910173892974,0.4014920890331268,0.1911408603191375,0.1473643630743026,-0.1017887517809867,-0.2969529330730438,0.0840102732181549,0.055018100887537,0.6373216509819031,0.1061175316572189,-0.0175985414534807,1.0461182594299316,-0.3499410450458526,0.2470925748348236,0.49268639087677,0.2864406108856201,-1.7427469491958618,0.0124134626239538,-0.1290074437856674,0.0475340001285076,-0.2400045990943908,0.28074511885643,-0.0035546065773814,0.137170597910881,-0.459278792142868,-0.5403351783752441,0.9039117693901062,0.2878541350364685,-0.0093382988125085,-0.5122708082199097,0.3493413031101227,-0.2350283712148666,0.0298427008092403,-0.4780119359493255,0.2126775383949279,0.4782304167747497,-0.4107668399810791,0.0539882034063339,-0.1659918874502182,-0.537499725818634,-0.083966925740242,0.1677630394697189,0.1615692526102066,0.247225672006607,-0.5302152037620544,0.1380523741245269,0.3138780891895294,0.4008596837520599,0.7858495712280273,0.3039855659008026,-0.0616408102214336,0.0577767044305801,0.4450687170028686,0.1350419074296951,0.4254122972488403,-0.2856252193450928,0.1758316755294799,-0.0475820116698741,0.8534377217292786,0.0125897396355867,0.0911166295409202,-0.0015497871208935,0.1213041767477989,0.2295670956373214,-0.081953153014183,0.3548986315727234,0.1464321017265319,0.0478751249611377,0.1907066702842712,0.5322242379188538,0.5807309746742249,0.1449556350708007,-0.2838995158672333,-0.3661825656890869,0.0364569164812564,-0.321286529302597,-0.6244051456451416,-0.3386206030845642,-0.3438629508018493,-0.1222211271524429,-0.4495676457881927,0.2929139733314514,-0.0296255443245172,-0.5183850526809692,0.0549229495227336,-0.3556650280952453,-0.4252268970012665,0.3321499228477478,-0.0532559305429458,-0.7333111763000488,0.5861435532569885,0.2217282354831695,0.2881442606449127,-0.5338570475578308,-0.6530799865722656,-0.0423921756446361,-0.2733902633190155,-0.3039427995681762,0.1676573008298874,-0.3308295905590057,-0.0540301539003849,0.3473367393016815,-0.0784889757633209,-0.0932381302118301,-0.3437794744968414,-0.2950970530509949,-0.7089868783950806,0.1887605041265487,-0.0504166632890701,0.3232135474681854,0.0219684243202209,0.2221865206956863,0.2203065305948257,0.0448722839355468,-0.2711859345436096,0.0839256197214126,-0.3249978721141815,0.5804333090782166,0.3907267451286316,0.1664255708456039,0.581920862197876,0.4442465603351593,0.2811322212219238,0.5245891809463501,0.0202089324593544,0.0134099787101149,-0.610522449016571,-0.3011751174926758,0.7100160717964172,-0.0379120931029319,0.2432178258895874,-0.107879638671875,-0.0181926805526018,0.6090810298919678,-0.0324829034507274,-0.5741919279098511,0.0005142665468156,0.0738754346966743,-0.1841550320386886,0.262513518333435,0.6575903296470642,0.8228428959846497,-0.0232491437345743,0.0209028869867324,-0.140678659081459,-0.1875307261943817,0.3151618540287018,-0.1306444257497787,-0.1179750114679336,-0.2945268750190735,0.0095409927889704,0.2994397580623626,0.6596575975418091,0.2006724327802658,0.6231606602668762,0.3094731569290161,-0.3437167704105377,0.2674251198768616,0.435273140668869,0.4795292615890503,-0.2945265173912048,-0.2899815738201141,-0.3539811670780182,0.0258303135633468,-0.3896693289279938,-0.0662572011351585,0.6731356978416443,-0.1594995409250259,0.1768974959850311,0.0076765068806707,-0.6110824346542358,-0.6220504641532898,-0.3782775104045868,0.1608152389526367,-0.0992601439356803,0.1433831602334976,0.2025719732046127,-0.0135760903358459,-0.4930251836776733,0.1857774257659912,0.0561464726924896,0.2988999783992767,0.5034912824630737,-0.1536019593477249,-0.0901676565408706,0.0035907886922359,0.0382498726248741,0.0676893964409828,-0.1810710877180099,0.0458883009850978,-0.2628243565559387,-0.4944120943546295,0.0162131208926439,0.1840128451585769,0.2542142868041992,-0.1465330421924591,0.6534149646759033,0.1324674189090728,-0.5132039189338684,-0.565060019493103,-0.237240582704544,-0.2221661806106567,-0.0452727153897285,-0.4980322420597076,-0.0901912376284599,0.0443757846951484,0.3667648136615753,0.0876772403717041,0.2802462577819824,-0.3576146960258484,0.0792291760444641,0.2387515604496002,0.6340348720550537,-0.1300701349973678,0.2300144582986831,-0.1985842436552047,0.0217490531504154,0.0881654992699623,0.0755990594625473,0.0594925098121166,-0.1432090848684311,-0.536220908164978,-0.6978509426116943,-0.3783296048641205,-0.1789586842060089,-1.0786592960357666,0.5394381880760193,0.1386258453130722,0.2410538047552108,-0.4676302969455719,-0.4629960358142853,-0.147763043642044,0.3010770082473755,-0.115580216050148,0.4248737096786499,-0.2177674025297165,-0.5781479477882385,-0.0497000403702259,0.1251947283744812,-0.6601473689079285,0.9405031204223632,0.2545405626296997,-0.4916508197784424,-0.3954956829547882,0.387395292520523,0.1958344131708145,-0.2218459993600845,0.1072808057069778,-0.1325920820236206,-0.5393648147583008,0.1550326347351074,-0.3469339609146118,0.3210111856460571,-0.1543601602315902,-3.526743239490315e-05,-0.1246603056788444,0.5851903557777405,0.3443279862403869,0.2443006783723831,0.0775589197874069,-0.2279006391763687,-0.2089708745479583,-0.2480691522359848,0.3257020711898803,0.1407943069934845,0.3850536048412323,-0.1766823679208755,0.3162503838539123,0.5831259489059448,-0.8466090559959412,0.0867414474487304,0.7604172825813293,0.4110320210456848,0.444315493106842,-0.1525647640228271,0.03209038823843,-0.8170374035835266,0.1355699896812439,0.1418216824531555,-0.0172215569764375,0.4570207893848419,-0.0356507040560245,-0.1375111788511276,-0.4097650349140167,-0.0168074183166027,0.4003950655460357,0.1728287488222122,0.0364892520010471,0.4355419874191284,-0.1556229144334793,0.5133227705955505,0.3383309543132782,-0.2615169286727905,-0.3602937161922455,0.0543467439711093,0.4090258181095123,0.7752847075462341,0.1817598491907119,0.3601688146591186,-0.7150218486785889,-0.6305393576622009,0.3012827634811401,0.0831094086170196,0.3051785230636596,0.5014293193817139,-0.2748686373233795,-0.0627902820706367,0.6112644672393799,0.2978948354721069,-0.0707817524671554,-0.3294468224048614,-0.4165408909320831,-0.1707163900136947,-0.2366679608821869,-0.5008911490440369,0.2017518132925033,0.0845913216471672,-0.0467947907745838,0.2117699682712555,0.0154199143871665,0.0983888357877731,0.5822260975837708,0.0028719732072204,-0.305047333240509,0.2047902196645736,0.0614336542785167,-0.0901422724127769,0.0808300226926803,-0.2235193252563476,-0.2465935945510864,-0.0241717658936977,0.2415190041065216,-0.1573673337697982,0.2025086134672165,0.0340979881584644,0.1619161665439605,0.3305917084217071,-0.4448821544647217,-0.1901049017906189,-0.314644455909729,-0.3174638450145721,-0.1307286322116851,-0.6577920317649841,-0.3597747385501861,-0.0309588555246591,-0.0471150875091552,-0.1592544317245483,-0.05937360227108,-0.4678713381290436,-0.2325161099433899,-0.4492211043834686,0.2522855401039123,-0.1734455525875091,-0.8417651653289795,0.3823029398918152,0.2627186775207519,-0.1252967417240142,-1.1999207735061646,0.247536301612854,0.1704616248607635,0.2441152334213256,0.1721053123474121,0.704698920249939,-0.3422385454177856,-0.2607019543647766,0.0875810459256172,-0.2855316996574402,0.2547450661659241,-10.516351699829102,0.1059780791401863,-0.4225786030292511,-0.3998930752277374,-0.3504877388477325,0.3931498527526855,0.6256321668624878,0.5662823915481567,-0.1955859363079071,0.1214233934879303,-0.0340548641979694,0.0915949419140815,-0.0144770285114645,0.6837878823280334,-0.5207838416099548,-0.3065536618232727,-0.2305571138858795,-0.0215277168899774,-0.0403221026062965,-0.2391912043094635,0.1143146902322769,-0.284472644329071,0.5086359977722168,0.7366798520088196,0.5462241768836975,-0.4084236323833465,-0.2611879706382751,0.0024734144099056,-0.2027534991502761,0.5919749736785889,-0.6013648509979248,0.5325713157653809,0.0364352501928806,0.3010843992233276,-0.1525362879037857,0.2529691159725189,-0.4028312265872955,0.6683297157287598,-0.0390014834702014,0.4041423201560974,0.3153025507926941,0.4241274297237396,-0.025679500773549,-0.0304168835282325,0.1748992651700973,0.2391737103462219,0.469064712524414,0.0111696710810065,0.5418323874473572,-0.2422156333923339,-0.1271032989025116,0.1338433921337127,0.0682288780808448,-0.0943486765027046,0.4556112885475158,-0.0305458642542362,0.6394035816192627,-0.6745585203170776,-0.031642060726881,0.0643760710954666,0.3380284905433655,-0.0773757696151733,0.3833673596382141,0.444365918636322,0.30074143409729,0.4105566740036011,0.5217416882514954,0.3653739690780639,-0.9130431413650512,-0.2377991825342178,0.1625676453113556,0.471616268157959,-0.0950486809015274,0.3251329064369201,-0.2567318379878998,0.3133965134620666,0.3614666759967804,-0.2959363758563995,0.0550640672445297,-0.0280053783208131,0.2839506864547729,-0.3029759228229522,0.0833558365702629,0.2407184094190597,-0.621874213218689,0.0487202405929565,-0.0832330659031868,-0.04812478646636,0.259869247674942,-0.4461257457733154,0.2382365614175796,0.0838035121560096,-0.5344372987747192,0.5065318942070007,0.4480125904083252,0.0181824807077646,-0.121032990515232,0.2265196144580841,0.4854059219360351,-0.0247120037674903,-0.30745363,-0.5510163,0.6920677,1.2251769,-1.169954,-0.60885197,-1.4129367,0.7534041,1.1793054,0.44245124,0.08610567,-0.3873526,-1.0206212,2.2936223,-0.61692834,0.06430698,0.59342676,-0.84124583,0.32371864,0.10745976,0.22404028,0.45530906,0.73423177,-0.747133,1.1777575,0.61140156,1.1492804,0.17391749,-0.7059483,-1.341094,-0.2301362,-0.2553511,-1.2209195,-0.7497981,-0.028653136,-0.8667352,-1.2766869,1.3797722,-0.03810523,-1.2171285,-0.41798246,0.5282632,0.1748869,-0.14205654,-1.1103435,0.054084033,1.4522057,-0.7868903,0.8344624,-0.3586507,-1.0826455,-0.8781199,0.6194349,0.95608306,0.8215513,-0.86664456,1.1485186,0.93467075,0.09972238,-0.49937177,0.5153037,0.6218476,-1.064193,-0.23552084,0.18034212,0.875437,-0.55122685,0.24201767,-0.33839738,-0.24814443,-2.496376,-1.0588421,-0.40271747,1.6911632,-1.3614305,0.42338824,0.23454136,-0.7337332,0.3840096,-0.18176992,0.13009082,-0.07874307,-1.1581872,1.482957,-1.03816,-1.1630856,-0.4335587,-0.72235507,-1.0119747,0.00487419,-0.47388792,-1.6675731,-1.3325437,-1.6044816,1.163156,0.027289579,-1.1516324,-0.82566077,-1.0766435,-0.07694598,0.0970912,1.1938065,0.7852871,-0.41815487,-0.79637694,-0.24592324,-0.21499318,-0.5655603,-0.7474126,0.9122469,0.055068523,0.38247088,0.5386257,1.4991599,0.85348624,0.922961,-1.2802614,-0.53303546,-0.2723039,0.71811897,1.2614702,0.45079693,-0.6254439,0.48254243,0.26492,0.831111,0.3467227,-0.65707296,0.68118256,0.66120344,0.5449976,-0.13711493,2.0318344,0.6795468,-0.8391344,-0.85262996,-0.8578122,-0.6129044,0.72634774,-1.3807635,-0.72444946,0.64482504,0.12965904,-0.2982067,0.7507818,-1.2182497,-0.03151529,1.2157537,1.2165967,0.46964225,-0.7602375,-0.47495,-1.7257385,0.4259549,1.2583325,-0.6165912,-0.24512471,0.08449175,-1.7739393,1.1025566,-0.39032483,1.6081923,-0.7609288,0.18146092,0.09862989,0.8321658,-0.71400076,1.0617608,-0.67366266,-1.8123273,-0.3620664,-0.13069244,0.7268202,-0.061172068,0.5717451,0.0831875,0.47244915,0.4717007,-0.73675114,-0.093713485,0.9151306,1.3273566,0.07283413,0.92008877,-0.04709639,0.59896976,0.9708209,0.5614384,0.84442616,0.042173903,1.2696735,-0.5019543,0.87465376,0.88910896,1.076102,2.6584947,0.60479265,-1.522046,-1.2757479,1.007588,-2.1691728,-0.2817137,1.1065575,-1.1757399,1.221742,-0.71247625,-0.8655081,1.2571534,0.3851447,-0.36958098,-1.282883,-0.7386249,0.82344884,0.6335813,-0.7154062,-0.08354477,-0.99021655,-0.057445396,-0.1774158,-0.19930382,0.45221293,0.6987908,0.35004917,0.79722613,-1.3372031,0.600631,0.8102649,0.2047494,0.0008389652,0.6303504,-0.94410616,0.4757307,0.45399082,-0.49636343,-0.5096002,0.54751986,-0.2403701,0.8800578,-0.2320677,0.9657814,0.30114713,-0.5637465,0.29633638,-0.26589018,0.49042317,0.79852253,1.6565641,0.0004885507,-1.5110593,-0.3889228,0.6500568,0.924325,0.08907964,0.22067435,0.3911289,1.5468111,0.011271113,0.029515535,-0.5200023,-0.60541964,-0.41036496,0.8655124,-0.036807787,0.7160534,0.51952904,-0.5656066,-0.80168706,0.3768679,0.1550294,-0.96649384,-1.141329,-0.6581002,-0.56411904,0.3708476,0.6080989,0.47082546,-0.45446345,-0.92903537,-0.76541156,0.26099348,0.4578382,-1.6638237,-0.46565428,-0.26800272,-0.9396829,0.5876318,0.1553073,-0.2815392,0.13113162,0.34412417,-1.3934232,1.0958003,-0.27920055,0.85965437,1.3859309,0.10073149,0.99141884,-0.7338586,0.20752575,-0.1105207,0.7145507,0.57640576,-1.3100353,0.9289648,-0.69044995,-0.17123318,1.0080765,-1.6957687,-0.5455094,-0.96282667,0.38506436,0.027893722,-1.2718561,1.7008089,-2.498029,1.696311,-2.0287662,-0.38654706,-0.62914675,-0.33707273,-0.97098726,0.61614233,0.4302014,-0.23748916,0.57773876,0.36991706,0.30734417,0.56130135,0.17566647,0.97029656,-0.07942989,0.6004357,-0.48304725,-1.1538416,-0.32773083,0.79916316,-0.89427286,-1.0100701,-1.2298725,-0.17331606,0.1213457,-0.09845998,-1.0459167,0.79713655,-0.049583256,0.317927,-0.57250184,-0.24099667,0.33369747,-0.7593567,1.0760052,-0.35968506,1.0989815,-0.9186391,-0.1832381,0.59799224,-1.3759357,-0.026321044,-0.21081947,1.6337638,0.6089718,0.19712798,0.3588401,0.07956705,-0.061060954,-0.22005637,0.808428,0.27206486,2.0183425,0.1603192,-0.4500797,1.1183324,-0.19845565,0.49991295,0.12102115,-0.384614,1.7489105,-0.12456622,-0.7236202,-0.031378657,0.097805746,-0.26456416,0.343879,0.8948405,0.3378124,-0.13979326,0.5577813,0.54893124,-0.04877458,-1.1684726,-0.529491,1.0476525,1.3124176,0.8794656,1.4841385,-0.37807527,-0.9733159,-2.0763192,0.2806711,1.2499559,0.2468347,0.09316179,-1.7923632,0.40691862,0.33898914,0.36940336,-1.5524001,-2.0113587,1.7878733,0.40283716,0.38538027,1.4063593,-0.94441956,-1.6517591,-0.68343425,0.17168094,0.003543914,-1.4321284,-0.4562423,0.30624244,-0.7917793,0.9070105,0.57272875,0.6482529,-0.7473576,-0.49259445,0.2787479,-0.04351748,-0.98842984,-0.47188854,-0.03567807,0.18501699,-0.71911836,-0.4508402,0.16616306,-1.9506184,0.7635668,-0.32545695,-0.019531827,-0.25768116,-0.23274297,-0.95345134,-0.108727075,0.109790884,-1.3489772,-0.72262686,0.55684334,-1.7071363,-1.7321478,0.92802984,1.1311253,-0.90889096,0.90916806,0.25988248,0.08027187,0.8753977,0.10424165,-0.58569026,-0.14997481,-0.26962742,-0.5818475,-0.2859828,-1.1000847,-0.6820879,0.23923719,-1.1718351,-1.7059404,0.86862874,0.38978162,-1.9312891,-0.84610575,0.38627544,-0.286702,0.7564604,0.75681454,0.046560157,-0.21404414,-0.95706385,-0.058801442,-0.042030007,0.13105835,-0.4545928,0.06471791,0.37318337,-0.00052529573,0.064770706,1.4604787,0.59815633,1.3052114,1.2290062,0.6080956,-0.69940734,0.91938734,-0.4847909,-0.09828911,0.55689865,-1.3576974,-0.6396796,1.510683,-0.30163038,-1.1060258,-0.4254242,0.38842607,-0.6785772,-0.63069874,0.10949427,0.9349063,1.8205665,0.6792771,1.4178195,-0.57939434,-0.1500809,-0.54846144,0.35667232,-1.3156434,-0.43261704,-0.1621465,0.38545284,2.3393018,-0.5065461,0.22083856,0.911874,-0.8846612,-1.2407304,0.5381654,0.3712941,-0.66937923,-0.3750759,0.13594177,-1.7225665,0.42585364,-2.0164073,-0.6429149,0.8025313,1.2958273,-0.2871379,0.17728049,0.58028173,0.004935108,-1.102563,0.31428126,1.0960944,1.4343544,0.026646039,-0.703705,0.3120963,-0.48460332,-1.6902281,-0.04069333,-0.7049961,-0.6681099,0.18067968,-0.5482642,-0.23394017,-0.498415,-0.21054493,1.3974642,0.4510044,-0.27296183,0.10313801,-0.70555377,1.6319321,-0.39975038,-0.14543626,1.2711189,1.0317559,-1.1749688,0.6422952,-1.4314442,1.1819353,-0.17721255,1.2314583,1.0145799,0.5319709,-0.28560936,1.3862134,-0.6859355,-0.10260296,-0.64587003,0.4963946,-0.6309938,0.36226532,-1.7970155,1.1362746,-1.6080766,-0.4928242,-0.20530538,0.5699978,-0.6095914,-0.03602158,-0.25296077,0.7308801,0.13040031,-0.85769266,0.49835125,1.6269063,-0.26438463,-0.7330057,0.40122268,0.24407,-0.34164426,-0.25309134,2.2456667,0.09927067,0.44595528,-1.1113085,-0.6408076,0.44513527,-0.350402,-1.1809963,-0.8843412,-0.49976015,-0.3103205,0.114748,-0.3288362,0.91902137,-0.9662895,0.77059335,1.0161666,-1.1535708,-0.31315193,0.18326855,-0.64377904,-1.0381039,-1.4446192,0.115596056,0.7189257,-1.005973,0.72386485,0.6473813,1.6575769,0.61990833,-0.3737637,-0.55895704,0.9310418,0.7418409,0.44141233,-0.8340888,-0.49417877,0.2766736,1.3019137,-0.41654292,0.32733175,0.626815,-0.38729087,-1.9360029,1.2619351,0.31021246,0.33970705,1.0669678,0.17681138,-0.3486322,0.32576895,-0.034965936,0.2818375,-0.4640244,-0.15654403,0.07718331,0.027485767,-0.8644921,0.38371575,-0.5739703,0.13311945,0.060049266,0.45874858,-1.5549593,0.62128186,0.07741156,0.59426373,0.54815835,0.2525969,-0.9481204,-0.56531525,-0.08081473,1.7439483,0.9471392,-0.13303447,-0.76876277,0.053373594,1.430274,1.027845,-0.3787067,0.31809226,-0.069629386,-0.28720012,0.093814306,-1.0465544,-0.3824726,0.111417495,0.32801452,-1.3261317,0.9039461,-1.6482376,1.1526556,0.06688166,-1.1859046,0.001129354,0.5825333,-0.8329942,2.2600915,0.9687896,-0.1126639,0.01053071,0.7780835,0.7648086,-0.64301354,-0.04094528,-0.74140674,1.0780509,1.4931135,0.36828992,-1.2537166,-0.022117337,0.12547328,-0.3950107,1.7931466,-0.11864823,-0.31042954,-0.5732835,-0.43268624,-1.6608995,-0.40457404,-0.26400337,0.015059769,-1.8107386,0.31235582,-0.822196,-1.276143,0.9262969,-0.6768558,0.036452908,-0.44294727,1.2148656,0.645412,0.99312896,0.13252573,-0.85239655,0.09922116,-0.503868,-0.70389456,0.8072534,-0.528246,0.63605887,0.18061942,1.1570898,1.4663957,0.46920156,-0.8944923,0.7852929,0.45895478,0.19200414,-0.28866005,-0.4590043,-0.11174109,0.4189763,0.4525458,0.76591855,-1.4398899,-0.39081815,0.24049014,0.36647078,0.28688636,0.30780017,0.25179365,0.2555452,1.6826273,0.67743164,0.24796088,,,,,,,,,,,,,,,,,,,,,,,,,,,,,,,,,,,,,,,,,,,,,,,,,,,,,,,,,,,,,,,,,,,,,,,,,,,,,,,,,,,,,,,,,,,,,,,,,,,,,,,,,,,,,,,,,,,,,,,,,,,,,,,,,,,,,,,,,,,,,,,,,,,,,,,,,,,,,,,,,,,,,,,,,,,,,,,,,,,,,,,,,,,,,,,,,,,,,,,,,,,,,,,,,,,,,,,,,,,,,,,,,,,,,,,,,,,,,,,,,,,,,,,,,,,,,,,,,,,,,,,,,,,,,,,,,,,,,,,,,,,,,,,,,,,,,,,,,,,,,,,,,,,,,,,,,,,,,,,,,,,,,,,,,,,,,,,,,,,,,,,,,,,,,,,,,,,,,,,,,,,,,,,,,,,,,,,,,,,,,,,,,,,,,,,,,,,,,,,,,,,,,,,,,,,,,,,,,,,,,,,,,,,,,,,,,,,,,,,,,,,,,,,,,,,,,,,,,,,,,,,,,,,,,,,,,,,,,,,,,,,,,,,,,,,,,,,,,,,,,,,,,,,,,,,,,,,,,,,,,,,,,,,,,,,,,,,,,,,,,,,,,,,,,,,,,,,,,,,,,,,,,,,,,,,,,,,,,,,,,,,,,,,,,,,,,,,,,,,,,,,,,,,,,,,,,,,,,,,,,,,,,,,,,,,,,,,,,,,,,,,,,,,,,,,,,,,,,,,,,,,,,,,,,,,,,,,,,,,,,,,,,,,,,,,,,,,,,,,,,,,,,,,,,,,,,,,,,,,,,,,,,,,,,,,,,,,,,,,,,,,,,,,,,,,,,,,,,,,,,,,,,,,,,
オ,0.5296596884727478,0.2130906283855438,0.4559382796287536,-0.3788235783576965,0.0963736400008201,0.229296863079071,0.2386744916439056,0.2548413276672363,-0.0763473808765411,-0.5995948910713196,0.3987560868263244,-0.4263967275619507,0.4475667774677276,-0.2476707696914672,0.6969519257545471,-0.0656861960887909,0.0709809884428978,-0.1644545197486877,-0.0108748702332377,-0.3702743947505951,-0.7576481103897095,-0.413432627916336,0.3180697858333587,0.3614082336425781,0.053830225020647,-0.3144461810588836,0.024836154654622,0.22332763671875,-0.1629917174577713,0.0653100684285163,-0.163625493645668,-0.366718590259552,-0.2875009775161743,-0.143985703587532,-0.1412046998739242,0.7164433598518372,0.0447980128228664,-0.334321528673172,-0.048272281885147,-0.4448588788509369,0.2024504095315933,-0.0392537266016006,-0.0778143554925918,-0.4906745254993438,-0.4244580864906311,0.3569748103618622,0.1421144604682922,0.4508043527603149,0.3910716772079468,0.065802477300167,-0.2395339757204055,0.3987994194030761,0.2064034640789032,0.0377097837626934,0.5504782795906067,-0.1333968788385391,0.3774928748607635,-0.541711688041687,-0.0768055692315101,0.2613519728183746,-0.3717130422592163,-0.2485538125038147,0.521899402141571,-0.136066272854805,0.0811342075467109,0.026225758716464,-0.2150810807943344,-0.1482564061880111,0.0450063794851303,-0.7747994661331177,-0.2178253978490829,0.2925040125846863,0.3747594952583313,-0.3835846185684204,0.6918500065803528,-0.3065555095672607,0.2237822115421295,0.1153149232268333,0.2371601611375808,-0.2251027226448059,-0.3462476432323456,0.2766848802566528,0.2552945911884308,-0.7245570421218872,0.0226185377687215,0.0493616014719009,-0.4940282702445984,-0.9880563616752625,0.452703058719635,-0.3511286675930023,-0.0228992886841297,0.0741178765892982,0.2153235077857971,0.2377034276723861,0.0652189552783966,0.1718862056732177,0.1264184862375259,-0.2441621720790863,-0.2346249967813491,0.2505479454994201,0.0868691354990005,0.4093315303325653,0.32750204205513,-0.1709804832935333,-0.2634230852127075,0.0760699585080146,-0.1548914760351181,0.2174850106239318,0.2510367929935455,0.0809057801961898,-0.3745799660682678,-0.2978120148181915,-0.4654948711395263,0.2725546658039093,-0.0209189262241125,0.1435899883508682,-0.198187306523323,0.3388965129852295,-0.4349301159381866,0.6078699827194214,-0.2538466453552246,0.7915907502174377,-0.0356875881552696,0.3047783374786377,0.2150291949510574,0.5052955746650696,0.0175789315253496,-0.0272460542619228,-0.1284803003072738,-0.2572053372859955,0.0357783772051334,-0.0579200908541679,-0.6814077496528625,0.0921545028686523,-0.2537298202514648,0.9225340485572816,-0.0114336526021361,-0.0479016825556755,-0.136097177863121,-0.4668779373168945,-0.1524674445390701,-0.1324257403612136,0.2752945125102997,-0.4046907126903534,-0.1197020336985588,0.1626258939504623,-0.2094656676054,-0.4744023382663727,0.4888186752796173,0.3426395952701568,-0.391703337430954,0.8269580006599426,-0.7304170727729797,0.0575210861861705,-0.0262061338871717,0.3646568357944488,-0.7473659515380859,0.1510887295007705,0.0498598143458366,0.5594866871833801,0.0929848328232765,-0.4336896538734436,0.1997489929199218,0.3209051787853241,0.1022119894623756,0.4263670146465301,0.4947990477085113,0.234954759478569,0.1953546553850174,0.4709454476833343,0.0561673045158386,0.4962971210479736,0.0458567067980766,-0.2137681096792221,0.4985187947750091,0.2918106913566589,0.1293936520814895,0.2646268904209137,0.0680747330188751,-0.5479270219802856,-0.0365224033594131,-0.1630211323499679,-0.0103595312684774,-0.1495637893676757,0.4607514441013336,-0.16131691634655,-0.0502539128065109,0.1145083829760551,-0.2079464346170425,0.1704038232564926,0.0367571040987968,-0.262583464384079,0.3753058016300201,-0.6912090182304382,0.0999286249279975,-0.3194076120853424,-0.3274402320384979,-0.3803856372833252,-0.302856832742691,0.3924706578254699,0.0625739246606826,-0.0227741338312625,-0.1504396349191665,-0.1841774731874466,-0.8772600889205933,-0.3443240523338318,0.072902612388134,0.655198872089386,0.360122412443161,0.2266106456518173,0.0718065351247787,0.2478867173194885,0.4675061106681824,0.0748334527015686,0.1430813670158386,-0.0019422065233811,-0.2316767424345016,-0.1867131143808365,0.1263024359941482,-0.1210856661200523,0.4201357662677765,-0.0982303693890571,0.3487502336502075,-0.0542345009744167,-0.406590849161148,0.2436564266681671,0.0867293998599052,-0.3940061628818512,0.0503381453454494,0.7268115282058716,-0.2607754468917846,-0.6348714232444763,-0.4985277056694031,-0.0947990268468856,-0.6508302092552185,0.0662958398461341,-0.268383651971817,0.2855084538459778,-0.349700003862381,0.112674169242382,-0.1744929105043411,-0.4754193425178528,-0.1815786063671112,-0.2118682861328125,0.0328344888985157,0.1429506987333297,-0.0228110589087009,-0.1918207108974456,-0.51520836353302,-0.035258699208498,-0.3487142920494079,-0.4789979457855224,-0.0031026471406221,-0.5512425303459167,0.4469566941261291,0.2267684787511825,0.519576370716095,-0.0401957146823406,0.2230084687471389,-0.021178001537919,-0.0647084936499595,-0.8502422571182251,-0.1223883181810379,-0.082101322710514,-0.5005362629890442,-0.0289797261357307,0.0161732789129018,-0.4629672467708587,-0.3051377236843109,-0.4279847145080566,-0.0537696257233619,-0.4275308847427368,-0.4585559368133545,0.0507671535015106,-0.0609349831938743,0.121000550687313,-0.1441505849361419,0.4983959794044494,-0.4443674683570862,0.157625675201416,-0.6233783960342407,0.1977990418672561,-0.6939910650253296,-0.2582651376724243,0.0102615738287568,-0.2509933710098266,-0.385790079832077,0.1677277833223343,-0.4675479829311371,0.3769758343696594,0.3340494334697723,0.0589170567691326,-0.4295046031475067,-0.0234155897051095,-0.379841536283493,0.1281551122665405,0.2171487510204315,0.7272565960884094,0.2176287770271301,-0.0618875958025455,0.1726910173892974,0.4014920890331268,0.1911408603191375,0.1473643630743026,-0.1017887517809867,-0.2969529330730438,0.0840102732181549,0.055018100887537,0.6373216509819031,0.1061175316572189,-0.0175985414534807,1.0461182594299316,-0.3499410450458526,0.2470925748348236,0.49268639087677,0.2864406108856201,-1.7427469491958618,0.0124134626239538,-0.1290074437856674,0.0475340001285076,-0.2400045990943908,0.28074511885643,-0.0035546065773814,0.137170597910881,-0.459278792142868,-0.5403351783752441,0.9039117693901062,0.2878541350364685,-0.0093382988125085,-0.5122708082199097,0.3493413031101227,-0.2350283712148666,0.0298427008092403,-0.4780119359493255,0.2126775383949279,0.4782304167747497,-0.4107668399810791,0.0539882034063339,-0.1659918874502182,-0.537499725818634,-0.083966925740242,0.1677630394697189,0.1615692526102066,0.247225672006607,-0.5302152037620544,0.1380523741245269,0.3138780891895294,0.4008596837520599,0.7858495712280273,0.3039855659008026,-0.0616408102214336,0.0577767044305801,0.4450687170028686,0.1350419074296951,0.4254122972488403,-0.2856252193450928,0.1758316755294799,-0.0475820116698741,0.8534377217292786,0.0125897396355867,0.0911166295409202,-0.0015497871208935,0.1213041767477989,0.2295670956373214,-0.081953153014183,0.3548986315727234,0.1464321017265319,0.0478751249611377,0.1907066702842712,0.5322242379188538,0.5807309746742249,0.1449556350708007,-0.2838995158672333,-0.3661825656890869,0.0364569164812564,-0.321286529302597,-0.6244051456451416,-0.3386206030845642,-0.3438629508018493,-0.1222211271524429,-0.4495676457881927,0.2929139733314514,-0.0296255443245172,-0.5183850526809692,0.0549229495227336,-0.3556650280952453,-0.4252268970012665,0.3321499228477478,-0.0532559305429458,-0.7333111763000488,0.5861435532569885,0.2217282354831695,0.2881442606449127,-0.5338570475578308,-0.6530799865722656,-0.0423921756446361,-0.2733902633190155,-0.3039427995681762,0.1676573008298874,-0.3308295905590057,-0.0540301539003849,0.3473367393016815,-0.0784889757633209,-0.0932381302118301,-0.3437794744968414,-0.2950970530509949,-0.7089868783950806,0.1887605041265487,-0.0504166632890701,0.3232135474681854,0.0219684243202209,0.2221865206956863,0.2203065305948257,0.0448722839355468,-0.2711859345436096,0.0839256197214126,-0.3249978721141815,0.5804333090782166,0.3907267451286316,0.1664255708456039,0.581920862197876,0.4442465603351593,0.2811322212219238,0.5245891809463501,0.0202089324593544,0.0134099787101149,-0.610522449016571,-0.3011751174926758,0.7100160717964172,-0.0379120931029319,0.2432178258895874,-0.107879638671875,-0.0181926805526018,0.6090810298919678,-0.0324829034507274,-0.5741919279098511,0.0005142665468156,0.0738754346966743,-0.1841550320386886,0.262513518333435,0.6575903296470642,0.8228428959846497,-0.0232491437345743,0.0209028869867324,-0.140678659081459,-0.1875307261943817,0.3151618540287018,-0.1306444257497787,-0.1179750114679336,-0.2945268750190735,0.0095409927889704,0.2994397580623626,0.6596575975418091,0.2006724327802658,0.6231606602668762,0.3094731569290161,-0.3437167704105377,0.2674251198768616,0.435273140668869,0.4795292615890503,-0.2945265173912048,-0.2899815738201141,-0.3539811670780182,0.0258303135633468,-0.3896693289279938,-0.0662572011351585,0.6731356978416443,-0.1594995409250259,0.1768974959850311,0.0076765068806707,-0.6110824346542358,-0.6220504641532898,-0.3782775104045868,0.1608152389526367,-0.0992601439356803,0.1433831602334976,0.2025719732046127,-0.0135760903358459,-0.4930251836776733,0.1857774257659912,0.0561464726924896,0.2988999783992767,0.5034912824630737,-0.1536019593477249,-0.0901676565408706,0.0035907886922359,0.0382498726248741,0.0676893964409828,-0.1810710877180099,0.0458883009850978,-0.2628243565559387,-0.4944120943546295,0.0162131208926439,0.1840128451585769,0.2542142868041992,-0.1465330421924591,0.6534149646759033,0.1324674189090728,-0.5132039189338684,-0.565060019493103,-0.237240582704544,-0.2221661806106567,-0.0452727153897285,-0.4980322420597076,-0.0901912376284599,0.0443757846951484,0.3667648136615753,0.0876772403717041,0.2802462577819824,-0.3576146960258484,0.0792291760444641,0.2387515604496002,0.6340348720550537,-0.1300701349973678,0.2300144582986831,-0.1985842436552047,0.0217490531504154,0.0881654992699623,0.0755990594625473,0.0594925098121166,-0.1432090848684311,-0.536220908164978,-0.6978509426116943,-0.3783296048641205,-0.1789586842060089,-1.0786592960357666,0.5394381880760193,0.1386258453130722,0.2410538047552108,-0.4676302969455719,-0.4629960358142853,-0.147763043642044,0.3010770082473755,-0.115580216050148,0.4248737096786499,-0.2177674025297165,-0.5781479477882385,-0.0497000403702259,0.1251947283744812,-0.6601473689079285,0.9405031204223632,0.2545405626296997,-0.4916508197784424,-0.3954956829547882,0.387395292520523,0.1958344131708145,-0.2218459993600845,0.1072808057069778,-0.1325920820236206,-0.5393648147583008,0.1550326347351074,-0.3469339609146118,0.3210111856460571,-0.1543601602315902,-3.526743239490315e-05,-0.1246603056788444,0.5851903557777405,0.3443279862403869,0.2443006783723831,0.0775589197874069,-0.2279006391763687,-0.2089708745479583,-0.2480691522359848,0.3257020711898803,0.1407943069934845,0.3850536048412323,-0.1766823679208755,0.3162503838539123,0.5831259489059448,-0.8466090559959412,0.0867414474487304,0.7604172825813293,0.4110320210456848,0.444315493106842,-0.1525647640228271,0.03209038823843,-0.8170374035835266,0.1355699896812439,0.1418216824531555,-0.0172215569764375,0.4570207893848419,-0.0356507040560245,-0.1375111788511276,-0.4097650349140167,-0.0168074183166027,0.4003950655460357,0.1728287488222122,0.0364892520010471,0.4355419874191284,-0.1556229144334793,0.5133227705955505,0.3383309543132782,-0.2615169286727905,-0.3602937161922455,0.0543467439711093,0.4090258181095123,0.7752847075462341,0.1817598491907119,0.3601688146591186,-0.7150218486785889,-0.6305393576622009,0.3012827634811401,0.0831094086170196,0.3051785230636596,0.5014293193817139,-0.2748686373233795,-0.0627902820706367,0.6112644672393799,0.2978948354721069,-0.0707817524671554,-0.3294468224048614,-0.4165408909320831,-0.1707163900136947,-0.2366679608821869,-0.5008911490440369,0.2017518132925033,0.0845913216471672,-0.0467947907745838,0.2117699682712555,0.0154199143871665,0.0983888357877731,0.5822260975837708,0.0028719732072204,-0.305047333240509,0.2047902196645736,0.0614336542785167,-0.0901422724127769,0.0808300226926803,-0.2235193252563476,-0.2465935945510864,-0.0241717658936977,0.2415190041065216,-0.1573673337697982,0.2025086134672165,0.0340979881584644,0.1619161665439605,0.3305917084217071,-0.4448821544647217,-0.1901049017906189,-0.314644455909729,-0.3174638450145721,-0.1307286322116851,-0.6577920317649841,-0.3597747385501861,-0.0309588555246591,-0.0471150875091552,-0.1592544317245483,-0.05937360227108,-0.4678713381290436,-0.2325161099433899,-0.4492211043834686,0.2522855401039123,-0.1734455525875091,-0.8417651653289795,0.3823029398918152,0.2627186775207519,-0.1252967417240142,-1.1999207735061646,0.247536301612854,0.1704616248607635,0.2441152334213256,0.1721053123474121,0.704698920249939,-0.3422385454177856,-0.2607019543647766,0.0875810459256172,-0.2855316996574402,0.2547450661659241,-10.516351699829102,0.1059780791401863,-0.4225786030292511,-0.3998930752277374,-0.3504877388477325,0.3931498527526855,0.6256321668624878,0.5662823915481567,-0.1955859363079071,0.1214233934879303,-0.0340548641979694,0.0915949419140815,-0.0144770285114645,0.6837878823280334,-0.5207838416099548,-0.3065536618232727,-0.2305571138858795,-0.0215277168899774,-0.0403221026062965,-0.2391912043094635,0.1143146902322769,-0.284472644329071,0.5086359977722168,0.7366798520088196,0.5462241768836975,-0.4084236323833465,-0.2611879706382751,0.0024734144099056,-0.2027534991502761,0.5919749736785889,-0.6013648509979248,0.5325713157653809,0.0364352501928806,0.3010843992233276,-0.1525362879037857,0.2529691159725189,-0.4028312265872955,0.6683297157287598,-0.0390014834702014,0.4041423201560974,0.3153025507926941,0.4241274297237396,-0.025679500773549,-0.0304168835282325,0.1748992651700973,0.2391737103462219,0.469064712524414,0.0111696710810065,0.5418323874473572,-0.2422156333923339,-0.1271032989025116,0.1338433921337127,0.0682288780808448,-0.0943486765027046,0.4556112885475158,-0.0305458642542362,0.6394035816192627,-0.6745585203170776,-0.031642060726881,0.0643760710954666,0.3380284905433655,-0.0773757696151733,0.3833673596382141,0.444365918636322,0.30074143409729,0.4105566740036011,0.5217416882514954,0.3653739690780639,-0.9130431413650512,-0.2377991825342178,0.1625676453113556,0.471616268157959,-0.0950486809015274,0.3251329064369201,-0.2567318379878998,0.3133965134620666,0.3614666759967804,-0.2959363758563995,0.0550640672445297,-0.0280053783208131,0.2839506864547729,-0.3029759228229522,0.0833558365702629,0.2407184094190597,-0.621874213218689,0.0487202405929565,-0.0832330659031868,-0.04812478646636,0.259869247674942,-0.4461257457733154,0.2382365614175796,0.0838035121560096,-0.5344372987747192,0.5065318942070007,0.4480125904083252,0.0181824807077646,-0.121032990515232,0.2265196144580841,0.4854059219360351,-0.0247120037674903,-0.49019542,-1.189402,0.70642394,1.7504507,-0.7941924,-0.31437013,-1.3866879,-0.05650009,1.0855298,-0.72216105,0.32347727,0.43761316,-1.8616477,2.2915728,-0.8117034,0.113546304,1.084289,-0.37834477,0.19127448,-0.81424373,0.68043137,-0.015443921,0.7958403,-0.5801124,0.59370667,0.8819935,0.19615714,-0.39608452,-0.8371515,-0.207533,-0.15243158,-0.70110625,-0.50104475,-0.47388116,0.2718144,-1.2773899,-0.99813765,1.0423287,0.4969927,-0.4551113,-0.93426687,0.53242886,-0.7915854,0.22136164,-0.69828653,-0.37802017,1.9464453,-0.09891161,0.36690286,-0.34593716,-0.46355462,-0.18481614,0.2265646,0.648313,0.64306426,-0.12897831,1.1438113,0.60737234,-0.33952436,-0.25597146,0.8217651,1.0283431,-1.0898004,0.45294,0.6987118,1.2663513,-0.10936811,-0.3701187,-0.4337804,-0.38680902,-2.2854924,-0.75964445,0.14841644,0.9760327,-1.3033571,0.8634059,0.42287293,-0.16127552,-0.12736148,0.32334962,0.26853362,0.36344254,-1.1416026,1.1591586,-0.5785912,-0.43303177,-0.43213025,0.21010685,-1.6276292,-0.22538786,0.24422537,-1.3839365,-1.5653939,-1.4872322,0.733871,-0.47176135,-0.6365026,-0.6427061,-1.0618757,0.025664588,-0.04860111,1.0840786,-0.3490453,-0.2585325,-0.76947206,-0.27348772,-1.0079271,-1.0258839,-0.9298354,1.0465174,-0.074286096,0.29727805,0.84109527,1.4402742,0.94701004,1.0611596,-0.39889196,-0.74578476,-0.49645737,-0.0008697261,1.1043413,0.14265335,-1.0345782,0.35921752,0.62233037,1.2582732,-0.21408613,-0.8076078,0.93962693,-0.39377514,0.83224344,-0.19242501,1.5542392,0.8839753,-0.91330045,-0.035743576,-0.6833884,0.03454284,0.37802455,-0.6129036,-0.81204313,-0.28097355,-0.23346174,-0.2187242,0.07547372,-2.0054257,-0.14407538,0.574112,0.7659483,-0.0047314367,0.15117748,-0.47179183,-0.78701526,0.94294804,0.69818205,-0.45484945,0.4771799,-0.19294007,-1.4686209,1.5156865,0.60931444,1.258373,-0.8194368,0.20255254,0.43764234,0.7825251,-0.9369671,0.6489989,-0.49896207,-2.1451216,-0.43904176,-0.045360073,0.32623014,-0.15119399,0.56051385,-0.003040269,0.7964069,0.11985733,-0.78984165,-0.07697547,0.47094956,1.0824035,-0.048686016,0.78720236,-0.36678755,0.6322662,0.8169851,0.42109704,0.2002125,-0.012061168,0.703512,-0.595391,0.7892852,1.0442537,1.1104231,2.7514372,0.7906273,-1.3287686,-1.2186333,1.0452582,-1.6917582,0.104454845,0.4914277,-0.34591043,1.9953419,-0.3945984,-0.99699146,2.2032588,0.35449472,0.07880179,-1.8066789,-1.4153987,0.71477073,0.6549056,-0.4427228,-4.1301053e-05,-0.9184246,0.60870224,-0.09426076,-0.053679228,0.39278337,0.12750153,0.6639827,1.5894904,-1.3942517,0.50958127,0.41414067,0.31933567,-0.0055065057,0.6653307,-1.1190912,0.15663947,0.553078,-0.50318605,-0.4258102,0.4672288,-0.90382886,0.79193145,-0.3853991,0.37183794,0.31457123,-0.89153165,0.19382441,-0.26755616,0.64416635,0.5041997,1.8688408,0.65945506,-1.5856352,-0.05762914,0.49472478,0.7470081,0.47563288,0.08165138,1.1110073,0.5664281,-0.55537206,0.07312093,-0.35920158,-0.4370707,0.038890526,0.846615,-0.32690212,0.7301932,0.36235753,-0.41084364,-0.80991006,0.005553603,-0.12643632,-1.1106352,-0.9022989,-0.5988565,-1.0006236,0.07154849,-0.33247852,0.35082218,-1.2227134,-0.79533887,-1.3289725,-0.39609027,0.5333544,-1.1238145,-0.49770212,0.47268197,-0.13562648,0.72287303,-0.7921104,-0.22471206,0.71930975,0.4939263,-1.3289553,1.1347549,0.45983687,0.59988856,0.8152209,0.42045116,1.0794472,-0.29988182,0.7250216,-1.5756984,0.7428387,0.99967355,-1.5834154,0.6422529,0.2677993,-0.41860935,0.34913433,-1.4089159,-0.43585423,-0.302025,0.17585339,0.10886914,-1.2393829,1.9814863,-1.5871137,1.6432624,-1.622045,-0.26422504,-0.2657652,-0.099078216,-1.3608853,1.3179526,0.378361,0.20414005,0.6536817,0.1242098,-0.09282615,0.51396585,0.68491983,0.6396988,-0.645665,0.9786105,-0.85765123,-1.6992455,0.39012095,1.025621,-1.2043633,-1.901409,-1.7420673,-0.82410413,0.945992,-0.7867141,0.6909743,1.0333396,-0.5035489,0.6357621,-1.1175052,0.06929884,0.32904974,-0.69646525,1.16908,0.2872868,1.5855435,-0.6285965,-0.26031378,0.9089231,-2.417691,-0.43679118,-0.4324158,2.059007,0.62200457,0.10826498,0.8555533,0.23978893,-0.7460626,-0.52126676,0.7517307,-0.13964187,1.604689,0.62207055,-0.57054716,1.990274,0.3161739,0.73443574,-0.73155093,-0.2698712,1.7777658,-0.020949801,-0.41122174,-0.5231238,-0.28259432,0.009071887,0.09939727,0.26870394,-0.108311735,-0.19116957,0.7890801,0.87376547,-1.3585688,-0.81582993,-0.7126858,0.13976465,1.2045282,1.4403296,1.6209532,0.12177827,-0.7824306,-1.8728937,0.21557307,1.0097787,-0.33721888,0.67741686,-1.4531826,-0.3311617,0.5378951,-0.23209544,-0.83186704,-1.9101526,1.4504132,0.02886109,0.4197507,1.6667595,-0.9982309,-1.3121686,-0.21175073,0.8253827,0.6254029,-1.0760828,-0.6252816,1.1738257,-0.83145195,0.9966884,0.18226384,-0.06420671,0.2553077,0.02624262,1.1172954,0.37523326,-0.7761357,-0.5540251,-0.027895143,0.8470928,-1.5301856,-0.79228354,0.60578597,-1.7004504,0.7495017,-0.8163305,-0.6274324,0.030189514,-0.58225656,-0.7023402,-0.9062793,0.025065042,-0.9127059,-1.1276945,0.15180479,-1.0400014,-1.925437,1.0872587,1.6619554,-1.3003651,0.20837443,0.22298042,0.6499205,0.4190847,-0.34387863,-0.12638123,0.47188708,-0.28448606,-0.29067987,-0.53141004,-1.1411338,-0.3074205,-0.17418267,-1.0497534,-1.335301,1.1941414,1.0482472,-1.8926154,-0.5202377,-0.23264556,-0.5477444,0.6979356,0.42444417,0.23429878,-0.27338186,-0.45401856,-0.12707575,-0.016005233,1.1452793,0.17808135,-0.4746662,0.83302116,0.06956664,0.2267142,1.6685992,0.22245622,0.121531345,0.7786606,0.5742527,-0.85001904,0.3752856,-0.1644576,-0.32337424,0.7037423,-1.9300219,-0.71952325,1.6292709,-0.9009571,-1.1021607,-0.08905215,0.37540242,0.065345,0.72693294,0.4336969,1.7259685,1.0803181,0.85408014,1.6412497,-0.8753558,-0.65710795,-0.4479359,0.12703,-0.9132063,-0.9377775,0.7031779,0.89444906,2.210725,-0.43661654,-0.013597757,0.60440284,-1.1327108,-0.85658807,0.4379746,0.39880243,-0.69190186,-0.48643222,-0.10713991,-0.86910516,-0.12239053,-1.8029414,-0.32889923,0.14441742,0.7734434,-0.45929444,-0.2806489,0.23213948,0.5548352,-1.0305096,0.8155486,1.3319696,0.8692638,-0.3807664,-0.9338451,0.24886604,-0.81732875,-1.396289,0.012942016,-0.7407524,-0.35809752,-0.008431246,-0.59169716,-0.21381037,-1.2938465,-0.7926232,1.3869209,0.12115357,-0.16154929,0.10451949,-0.55385596,1.7559857,-0.98884887,-0.16323692,1.2609602,0.8658922,-1.3415903,0.12840207,-1.1650229,0.025460804,-0.9035883,0.83409613,0.8963151,0.57674915,-0.3970369,1.458861,0.045702737,-0.5855583,0.30431306,0.24805717,0.28084114,0.42013606,-2.2267275,0.98565197,-1.1917422,-1.3095642,0.014445752,0.76367307,-0.41599062,-0.40593806,0.09119537,0.17741221,0.39900553,-0.9636099,1.1734946,1.775431,-0.9716118,-0.3692416,1.2108014,0.29989555,-0.5509821,-0.41458488,2.624342,0.45205268,1.2404634,-0.7527923,-0.54917437,0.32512718,-0.44584754,-0.7315666,-0.47416413,-0.44736335,0.20804791,0.44167206,-0.22205949,0.88719445,-1.3311932,-0.5240546,1.189741,-1.0787706,0.09108969,0.7432992,-0.2947562,-1.6716202,-1.0783964,0.5325761,0.55687463,-0.084881864,-0.11899196,0.44556534,1.6113621,0.7352206,-0.44050363,-0.46158728,0.41413438,0.82451695,0.726221,-0.47393954,-0.9834021,1.1430947,1.4384862,-1.2107111,0.86613756,-0.59064394,-0.3017555,-1.6971997,1.2439448,0.27122924,0.24162106,1.0463878,0.57884365,-0.2456773,0.67280763,-0.36580816,-0.118397824,-0.74406606,-0.39132282,0.41084385,0.02979067,-0.9665906,-0.24030948,-0.7705491,-0.026266426,-0.13751893,0.9025622,-1.0626463,0.3285496,-0.20758061,1.2328199,-0.11582371,-0.11190289,-0.7022188,-0.03098309,-1.028838,1.9258919,0.961705,-0.00477124,-1.8603541,0.0545928,0.7218106,0.5883743,-0.81486136,0.013848479,0.092544585,-1.0310537,-0.092582345,-0.9293867,-0.170139,0.86957693,1.2648994,-0.84058857,1.0422237,-1.809935,0.94359726,-0.19703174,-1.3055528,0.24402773,-0.29553327,-0.30899394,1.63401,1.1401355,0.03283987,0.123967834,1.1378428,1.0870808,-0.0169062,-0.39702415,-1.5081285,0.84429723,1.2582806,0.4489344,-1.0360867,0.3233442,0.3657731,-0.15272917,1.6000704,-1.1058372,-0.2591891,-0.12853691,-0.35502648,-0.9534009,-0.6717712,-0.6764643,-0.14764094,-1.1521801,0.09356431,-0.842774,-0.36645493,0.27162647,-0.8192759,0.5080833,0.31222218,1.2664406,0.8080271,0.5728259,0.29027122,-0.74204874,-0.13947374,-0.75469947,-0.3079761,0.6337499,-0.9120856,-0.08111009,-0.16390719,1.2410811,1.9614784,0.7238776,-0.21590959,0.1614431,0.07610592,-0.3219765,0.2797377,-0.72179824,-0.64853907,0.54909694,-0.108314194,0.29805848,-1.2036732,-0.38696578,-0.13487855,0.99825716,0.59096134,0.50347584,0.031965684,0.6380969,1.2670832,0.5105177,-0.47376668,,,,,,,,,,,,,,,,,,,,,,,,,,,,,,,,,,,,,,,,,,,,,,,,,,,,,,,,,,,,,,,,,,,,,,,,,,,,,,,,,,,,,,,,,,,,,,,,,,,,,,,,,,,,,,,,,,,,,,,,,,,,,,,,,,,,,,,,,,,,,,,,,,,,,,,,,,,,,,,,,,,,,,,,,,,,,,,,,,,,,,,,,,,,,,,,,,,,,,,,,,,,,,,,,,,,,,,,,,,,,,,,,,,,,,,,,,,,,,,,,,,,,,,,,,,,,,,,,,,,,,,,,,,,,,,,,,,,,,,,,,,,,,,,,,,,,,,,,,,,,,,,,,,,,,,,,,,,,,,,,,,,,,,,,,,,,,,,,,,,,,,,,,,,,,,,,,,,,,,,,,,,,,,,,,,,,,,,,,,,,,,,,,,,,,,,,,,,,,,,,,,,,,,,,,,,,,,,,,,,,,,,,,,,,,,,,,,,,,,,,,,,,,,,,,,,,,,,,,,,,,,,,,,,,,,,,,,,,,,,,,,,,,,,,,,,,,,,,,,,,,,,,,,,,,,,,,,,,,,,,,,,,,,,,,,,,,,,,,,,,,,,,,,,,,,,,,,,,,,,,,,,,,,,,,,,,,,,,,,,,,,,,,,,,,,,,,,,,,,,,,,,,,,,,,,,,,,,,,,,,,,,,,,,,,,,,,,,,,,,,,,,,,,,,,,,,,,,,,,,,,,,,,,,,,,,,,,,,,,,,,,,,,,,,,,,,,,,,,,,,,,,,,,,,,,,,,,,,,,,,,,,,,,,,,,,,,,,,,,,,,,,,,,,,,,,,,,,,,,,,,,,,,,,,
イ,0.2505481839179992,0.4489372670650482,0.1492974162101745,-0.5586414337158203,-0.0013604935957118,0.0918458104133606,0.3721223175525665,-0.0234025865793228,0.0832772254943847,-0.4972952902317047,0.922433853149414,0.0710767582058906,-0.3678937554359436,-0.0582557208836078,0.4592601954936981,0.0477102994918823,0.3026152551174164,-0.0985034108161926,-0.3389739096164703,-0.3084463775157928,-0.4294740259647369,-0.4628788530826568,0.0032123664859682,0.1254025250673294,0.4180895090103149,-0.4004127383232116,-0.0911752507090568,0.2276809960603714,-0.1435918509960174,-0.1566646099090576,-0.3757165074348449,-0.3744196891784668,-0.1879740059375763,-0.2184703797101974,-0.278684914112091,0.8278489112854004,0.1410537958145141,-0.2761842608451843,0.0495626181364059,-0.0305525045841932,-0.2750777900218963,-0.103702962398529,0.1346310377120971,-0.2775102853775024,-0.3408503830432892,0.5337256789207458,0.0850845575332641,0.2999982237815857,0.3017307221889496,-0.0298516284674406,-0.4111286401748657,0.4123713672161102,0.2305360287427902,-0.0554429590702056,-0.0002612370881251,-0.1306027173995971,-0.1068493500351905,-0.177051767706871,0.1526751071214676,-0.0106077278032898,-0.080419547855854,-0.2179279178380966,0.1381518840789795,-0.0645262748003006,-0.4898168444633484,-0.2554144263267517,0.0158404614776372,0.0089113507419824,-0.1771092265844345,-0.5936737656593323,-0.3995041847229004,0.2752134203910827,0.1364410668611526,-0.409847617149353,0.4420993030071258,-0.3259541392326355,0.3144108355045318,-0.1611713469028473,-0.1378859132528305,-0.1059435307979583,-0.2272272706031799,0.4182016253471374,-0.1328671723604202,-0.6189823150634766,0.1171788424253463,0.0059523768723011,0.1065851971507072,-0.4834829270839691,0.3780913650989532,-0.5386707186698914,-0.3544098436832428,0.272403359413147,0.5725651383399963,0.3448121547698974,-0.2858032286167145,0.0702245160937309,0.1583373248577118,-0.2321749329566955,-0.2503252625465393,-0.1264444589614868,0.5010859966278076,-0.3914403915405273,0.1215318441390991,-0.1627832204103469,-0.1635713726282119,0.1289453953504562,-0.4897728264331817,0.5729210376739502,-0.0315574333071708,-0.1191677451133728,-0.2018569260835647,-0.2577365636825561,-0.3563779592514038,0.4040128290653229,-0.2662290036678314,-0.1149513870477676,-0.1682388335466385,0.3997953832149505,-0.2984249293804168,0.1948220431804657,0.2346782982349395,0.2928614318370819,0.0676141455769538,0.1553054451942443,-0.0961431860923767,0.5456915497779846,-0.2279289662837982,-0.0558218955993652,0.0611917041242122,-0.2349888235330581,0.2706878185272217,0.0724034383893013,-0.3393912613391876,-0.1392006874084472,-0.5784204006195068,0.2526203095912933,-0.155659407377243,0.0599726513028144,-0.0823525488376617,-0.5838775634765625,0.047910239547491,-0.2668199837207794,0.2308844178915023,0.1897561997175216,0.0472326166927814,0.0304461829364299,0.4092461466789245,-0.2077170759439468,0.446753054857254,0.1353139877319336,-0.0519040711224079,0.783359169960022,-0.3722396194934845,-0.2989800870418548,-0.2798097133636474,0.042486522346735,-0.3434524536132812,0.0400078408420085,0.0653272718191146,0.4727227985858917,0.2746033072471618,-0.6966155767440796,0.0782220959663391,0.4430415630340576,0.2624966502189636,0.7815207242965698,0.1209591776132583,-0.0958712175488472,-0.0241772830486297,0.5504213571548462,0.2618978321552276,0.4256070256233215,0.1255105286836624,-0.5663151741027832,0.2344573885202407,0.5653722882270813,0.1362340450286865,0.1511902064085006,0.2922266721725464,-0.4613509178161621,0.1085969433188438,-0.4493367969989776,-0.2269296944141388,-0.4779540002346039,0.5775596499443054,-0.1593138724565506,-0.1407499462366104,0.0492161028087139,0.0404408201575279,0.0006456886767409,-0.5783886313438416,0.0301188584417104,0.5472155809402466,-0.4307481944561004,-0.0494826287031173,-0.1220207810401916,-0.0579941235482692,-0.3472139537334442,-0.1853754818439483,0.5233907103538513,-0.0871587991714477,0.2898628711700439,-0.2703546583652496,-0.2009024322032928,-1.124642014503479,-0.222978800535202,0.2935783565044403,0.4990005493164062,0.2641696035861969,0.1191057860851287,-0.4838886857032776,0.2278601378202438,0.4431247413158417,0.4852368533611297,0.0213789027184247,0.0502767190337181,-0.2780689299106598,0.179585114121437,0.3599025011062622,-0.5641339421272278,0.0423757135868072,-0.1109554767608642,0.0774233862757682,0.3421428501605987,-0.2297710478305816,-0.103759691119194,-0.0296202395111322,0.0609361641108989,-0.1472322195768356,0.7782184481620789,0.2733465433120727,-0.0964207574725151,-0.5749717950820923,-0.4450890123844147,-0.9197883009910583,0.2412146925926208,-0.1610824167728424,0.22455695271492,0.3092661798000335,0.297025203704834,0.2582457661628723,-0.2680031061172485,-0.1428358107805252,-0.2700835466384887,-0.2408133894205093,0.3363486230373382,0.1937740296125412,-0.1581805199384689,-0.5909778475761414,0.3315999209880829,-0.5108320713043213,-0.2683800160884857,0.6358513236045837,-0.1435994505882263,0.5744237899780273,0.1409382820129394,0.4897727072238922,-0.0853540748357772,-0.1874617785215377,-0.0955950766801834,0.0436156764626503,-0.4138393998146057,-0.1069721728563308,-0.2344851791858673,0.0109996134415268,0.1046502217650413,0.0584264323115348,-0.636326253414154,-0.0737071558833122,-0.3163428604602813,0.1024644523859024,-0.5688919425010681,-0.0704476460814476,0.230291873216629,-0.3569014072418213,0.250668466091156,-0.1041097939014434,0.3356075882911682,-0.2991388738155365,-0.0898166894912719,-1.0346769094467163,0.462022066116333,-0.7326732873916626,0.3542755842208862,0.1198809146881103,-0.1020419746637344,-0.0654364451766014,-0.1256033927202224,-0.1999105513095855,0.5118235349655151,0.1648826599121093,-0.2880998849868774,-0.5125777721405029,-0.0331790335476398,-0.1484315097332,0.0892459005117416,0.1570788919925689,-0.2203528583049774,0.0077931177802383,0.118221990764141,0.5483359098434448,0.1169387027621269,0.1514610946178436,-0.168676421046257,-0.3166066408157348,-0.8211398720741272,-0.174249917268753,0.1659409701824188,0.6097294688224792,-0.3898724913597107,-0.1515483856201172,1.065920114517212,-0.1712241768836975,-0.2753693759441376,0.2073781341314315,0.4925227761268616,-1.4006301164627075,0.1897653192281723,0.588225245475769,0.0082712536677718,0.0532373040914535,0.3261024951934814,0.305587887763977,0.3564168214797973,-0.5224007368087769,-0.0392370522022247,0.3144610822200775,0.3735979497432709,-0.0036170836538076,-0.3670718371868133,0.3963320851325989,-0.0700402110815048,0.0745707526803016,-0.612056314945221,-0.3191026151180267,0.4119139909744262,-0.0874440968036651,0.0874632224440574,-0.0170665271580219,-0.3100562393665313,0.0694663971662521,-0.2886847555637359,0.2692031264305115,-0.325777143239975,-0.2060827612876892,-0.2726702988147735,0.2635100781917572,0.449198842048645,0.661635160446167,0.5164912939071655,0.3551589548587799,0.2686977684497833,0.4473485052585602,0.3802987933158874,0.4603124260902405,0.3109914064407348,-0.1063156351447105,0.0195352584123611,0.5475675463676453,0.3219617009162903,0.2603946328163147,-0.0276618730276823,-0.2409785836935043,0.6404382586479187,-0.0342877991497516,0.4841922223567962,0.4391713440418243,0.6220520734786987,0.3925226628780365,0.2461102455854416,0.4162329435348511,-0.1992395222187042,-0.1421195566654205,-0.3447634279727936,0.2172411680221557,-0.2869605720043182,-0.159542977809906,-0.1537368595600128,0.2500409781932831,-0.1458094269037246,-0.51259446144104,0.1407272219657898,-0.4438359141349792,-0.0136881181970238,0.1929426491260528,-0.2214354574680328,-0.5873409509658813,-0.4135623872280121,-0.4071406424045563,-0.5993702411651611,0.487648457288742,0.2242782115936279,0.1675911098718643,-0.5403475761413574,0.1199017167091369,0.1179696023464202,0.1697641909122467,-0.1759710162878036,0.0114829167723655,-0.1525502800941467,0.0282090436667203,-0.1229961067438125,0.0094847762957215,-0.6527937650680542,-0.4276649355888366,-0.5186935663223267,-0.8451845645904541,-0.1182984411716461,0.1161651164293289,0.3922761380672455,-0.0325253829360008,0.1955144107341766,0.1770944148302078,0.2159095853567123,-0.2994886338710785,-0.1859803646802902,-0.8119920492172241,-0.0156768765300512,0.2146668434143066,0.2322666496038437,0.232969045639038,0.1962420046329498,0.1099632307887077,-0.0482075437903404,-0.2861345410346985,-0.012153910472989,-0.2400132715702057,-0.2711018323898315,0.9789894223213196,-0.2605230808258056,0.4552047252655029,-0.1963374316692352,0.1221195682883262,0.3167569637298584,-0.1554841697216034,-0.112817458808422,-0.0907303839921951,0.4706625342369079,-0.1368854939937591,-0.1007928028702735,0.0552294701337814,0.4654022455215454,-0.323762983083725,0.1653086394071579,-0.0653367415070533,0.1071037575602531,0.2053379118442535,-0.0762300416827201,-0.1510095745325088,-0.2405013442039489,0.1477335095405578,0.2341473698616027,0.2862294316291809,0.2517187595367431,0.2906464636325836,0.603635311126709,0.0465304367244243,0.2981800138950348,0.2586971819400787,0.7238072156906128,-0.2899322211742401,-0.2150292694568634,-0.4939345717430115,-0.0892949178814888,-0.4694490730762481,-0.1574169397354126,0.5626305937767029,-0.2203343510627746,0.2118527293205261,-0.1339785903692245,-0.6529372930526733,-0.0651318654417991,0.0051952362991869,0.0690673440694809,0.0703841000795364,0.3648920953273773,0.4399062097072601,-0.0126997204497456,-0.6327009201049805,0.5944579839706421,-0.3083150088787079,0.5145155787467957,0.3459455370903015,-0.5750617384910583,-0.2742610871791839,-0.0764722600579261,0.0789083093404769,0.0509687885642051,0.2437104284763336,0.5642279982566833,-0.3491406440734863,-1.0541503429412842,-0.1875897049903869,0.253937304019928,-0.1902288049459457,-0.4174838066101074,0.2181191146373748,0.1227318570017814,-0.9403929114341736,-0.6611847281455994,-0.3907082676887512,-0.2368012964725494,-0.0750048086047172,-0.9417609572410583,0.2107371240854263,0.0918762311339378,-0.0685869976878166,0.4357554912567138,0.0065562450326979,0.0523173697292804,0.2633278965950012,0.4124357998371124,0.32712522149086,-0.5278412699699402,-0.0882996395230293,0.1802866458892822,-0.0107608418911695,0.0757314711809158,0.4335595369338989,0.0022350514773279,0.1346089839935302,-0.0360789820551872,-0.6570267677307129,-0.1326983571052551,-0.3951635062694549,-0.8622023463249207,0.3906485438346863,-0.0485257804393768,0.2440661787986755,-0.4389907419681549,0.3586048185825348,-0.2363224476575851,0.0419668890535831,0.1436831504106521,0.0125273689627647,0.0706452205777168,-0.6102577447891235,0.3147449195384979,-0.4907277226448059,-0.4119032323360443,0.8037401437759399,0.6327239871025085,-0.277031272649765,0.0262137148529291,0.3444098234176636,0.0450162589550018,-0.3139759302139282,0.0423781313002109,-0.0282185282558202,-0.0554161630570888,-0.1430779546499252,0.2068943828344345,0.3075024485588074,0.0210439786314964,-0.2298358529806137,-0.2397428303956985,0.5746675133705139,0.4281243979930877,0.2773855924606323,-0.1015438437461853,-0.0849071964621543,-0.2149445414543151,-0.3835354745388031,0.1777462214231491,0.1371704339981079,0.6504777669906616,-0.1978227198123932,0.90113627910614,-0.1241719648241996,-0.3456954061985016,0.2918019294738769,0.6946764588356018,-0.100216694176197,0.2651370167732239,0.1185874417424202,0.1118910908699035,-0.889651358127594,0.1925767362117767,-0.256352037191391,0.2200701981782913,0.1242488473653793,0.4356253743171692,0.467876672744751,-0.6214590072631836,-0.260323166847229,-0.1672984957695007,0.1883513331413269,0.0608341209590435,0.5436148047447205,-0.025854293256998,0.0934903025627136,0.2462126761674881,-0.1927277445793151,-0.0298794582486152,0.1243695616722107,0.0780878812074661,0.8339083194732666,0.2224399149417877,0.0871190205216407,-0.2118162512779235,-0.8105356693267822,0.3458636999130249,-0.0689836740493774,0.018697315827012,0.4625156223773956,-0.282231330871582,0.1249693036079406,0.3071497082710266,0.6096946001052856,0.1468066424131393,-0.2993062138557434,-0.793890118598938,0.1002339199185371,-0.0204421188682317,-0.0992076396942138,0.2560797929763794,-0.0415349118411541,0.3648510277271271,0.203915536403656,-0.1634592562913894,0.0352919995784759,0.5447142124176025,-0.1733648031949997,0.0036587237846106,0.304246574640274,0.1871929317712783,-0.4307031333446502,0.0009281226666644,-0.2076293379068374,-0.4050754308700561,-0.4266373217105865,-0.2039306312799453,-0.2270745187997818,-0.0535288043320179,-0.1840565502643585,-0.0797881931066513,0.2254985123872757,0.1304506063461303,-0.1006392464041709,-0.3923006653785705,-0.3506778478622436,0.5158728361129761,-0.7764759063720703,-0.1357771307229995,-0.1237556636333465,0.0765950009226799,-0.1074878200888633,-0.0110861044377088,-0.3666615784168243,-0.1664658933877945,-0.1050653979182243,0.1489000916481018,0.0398935228586196,-0.416027158498764,0.2048544883728027,0.2299579083919525,-0.1175116971135139,-0.788458526134491,0.1993530094623565,-0.0932439640164375,0.6569687724113464,-0.1900956332683563,0.2818269431591034,-0.2750597894191742,0.2358642965555191,-0.3131818175315857,-0.1302007734775543,0.0328198932111263,-10.583672523498535,-0.0490938015282154,-0.445158988237381,-0.1263294517993927,-0.4172158241271972,0.4067028164863586,0.6914451718330383,0.2893685698509216,-0.4186541438102722,0.0356551110744476,0.3733002245426178,0.3360385596752167,0.267772227525711,0.3577016592025757,-0.6444789171218872,-0.2057143747806549,0.1316499561071396,-0.0891802087426185,-0.1396465450525283,-0.2161887139081955,0.2653757333755493,-0.0017534146318212,0.2895424365997314,0.6346953511238098,0.0794324725866317,-0.5257126092910767,-0.4686369895935058,0.2963267862796783,0.0342756062746048,0.2951556444168091,-0.3470078706741333,0.142052948474884,0.0479567125439643,0.319089412689209,-0.3116777241230011,-0.2718498408794403,-0.1247318685054779,0.3276664912700653,0.1142612621188163,0.191989004611969,0.2599020004272461,0.657625675201416,0.285983681678772,0.0854373276233673,0.2722641825675964,0.4464370608329773,0.5172173380851746,0.294055163860321,0.6834058165550232,-0.0487478226423263,0.0203231442719697,0.3268148303031921,-0.1709272563457489,-0.1003255695104599,0.3273875713348388,0.0490538142621517,0.7690467834472656,-0.6563530564308167,-0.44570192694664,0.073697306215763,-0.0454915389418602,0.0713259354233741,0.9178944230079652,0.5181217193603516,0.0308233760297298,-0.0776502043008804,0.312881737947464,0.4847948849201202,-0.5009794235229492,-0.2229619175195694,-0.0355613268911838,0.2150739580392837,0.0117330383509397,-0.0769709050655365,-0.5127115845680237,0.275899589061737,-0.004084981046617,-0.2585968971252441,0.3279469013214111,0.2067940235137939,0.1488009393215179,0.2203200012445449,0.015926444903016,0.1426022797822952,-0.5167419910430908,0.1087146177887916,-0.2099006623029709,0.1725313067436218,0.0848772972822189,-0.4644400477409363,-0.07003665715456,-0.2248544692993164,-0.0309130512177944,0.7703751921653748,0.4164022207260132,-0.0329809635877609,-0.0987273156642913,0.102551057934761,0.5012519955635071,0.0252322237938642,-1.1740372,-1.4239491,0.70514405,1.176063,-0.8704705,-0.38949972,-1.5069557,0.048754334,0.95017546,-0.42957535,0.644176,0.21076469,-1.1812538,1.8345642,-0.7888657,0.19158271,0.87891215,-0.7779381,0.24788451,-0.5526743,0.58418334,0.19815125,0.8433851,-0.714318,0.4464844,1.1135575,0.13053074,-1.1836478,-0.6511918,0.026794707,-0.49199647,-0.3846274,-0.7217114,-1.0028906,0.087520614,-1.1546619,-1.0977533,1.1202787,0.41600356,-0.06534361,-0.7848309,0.8203465,-0.47440562,0.17515431,-0.95812196,-0.11075397,1.7654469,-0.5979749,0.5146316,-0.6348244,-0.091383144,-0.059033096,0.84047765,0.85098046,0.56951034,-0.27633283,0.32045126,0.8733279,-0.4253846,-0.39712203,0.89381045,1.2751441,-0.99932706,0.36153334,0.8075123,0.99738467,0.21912113,-0.16744182,-0.1874323,-0.21150215,-2.386268,-1.0405126,0.1639097,1.0756366,-1.5849322,0.889207,0.2073117,-0.21468052,0.10201736,0.06212341,0.29570875,0.74624693,-1.3254111,1.5295196,-0.61358905,-0.30552706,-0.15286286,0.00423913,-1.403838,-0.33271128,0.35082912,-1.2509284,-1.4144018,-1.3815062,1.142358,-0.35226053,-0.59300166,-0.233423,-1.1303955,0.20878549,-0.1849554,0.97012484,-0.5701008,0.35494298,-1.3731956,-0.19146311,-1.0381926,-0.15956531,-0.38937,0.4104084,0.01670612,0.11963163,0.45240965,1.4810057,1.2480725,0.85861284,-0.55044454,-0.73007995,-0.23136115,0.4030059,1.0983568,-0.25116482,-1.3475158,-0.43342304,0.34544188,1.077512,0.40603215,-0.37417588,1.1233113,-0.053445756,0.7874875,-0.41180277,1.2835816,0.76832986,-1.2657627,-0.12345473,-0.95247746,1.0239581,0.52627623,-0.3020544,-0.7439039,-0.56041855,0.16664895,-3.223121e-05,0.19112235,-1.4609528,0.59822565,1.1727202,1.394377,0.2902974,-0.10234344,-0.12302927,-0.54972523,0.7734128,0.827181,-0.319222,0.06855993,0.15879726,-1.1494306,1.542242,0.3061353,1.5961806,-0.85506517,0.1711885,0.05934919,0.4325139,-0.5713681,0.6530976,-0.9173249,-2.5820875,-0.65188754,0.10847626,0.16808048,-0.27297422,0.6207097,0.078317046,0.6292378,0.18271111,-0.8832998,-0.0036992193,0.14563444,0.98711836,-0.39593217,1.8903488,-0.29069403,0.70152956,0.6269446,0.62034875,0.39051872,-0.06968695,0.29039186,-0.63206184,0.94043255,1.1465219,1.0820625,2.6763785,0.41145498,-1.7837174,-0.7129258,0.56393635,-2.0348783,0.5030605,0.8002833,-0.48602113,1.4096658,-0.6466947,-1.4813789,2.3236754,1.1134039,0.1796147,-1.3068821,-1.2059312,0.7988732,1.2214509,-0.5357934,0.14580862,-1.211262,-0.08700268,-0.76670754,0.00039972068,0.8503496,-0.29762524,0.33231264,1.7242699,-1.2872318,0.67158717,0.34108028,0.49229255,0.075925395,0.5473167,-0.9916347,-0.101157606,0.9944011,-0.17654845,-0.84283936,0.108859956,-0.84828204,1.3140521,-0.3717562,0.35123748,0.02260669,-0.7942316,0.37255254,-0.08947478,0.29025573,0.45663747,2.0659852,0.2684059,-1.9697841,-0.529039,0.39739695,0.91295606,0.2248238,0.0969216,1.4040364,1.0118234,-0.61100817,-0.34825233,-0.073966466,0.24514027,-0.16670802,1.0403993,-0.17203784,0.9522045,0.40459475,-0.6963001,-0.65208364,0.4335658,-0.06311126,-0.9045049,-0.8846882,-0.7285006,-1.4051558,0.67817605,0.16649954,0.1341819,-1.5687892,-0.9692192,-0.64367926,0.1890864,0.576132,-0.9061853,-0.6971506,-0.08038928,-0.4577507,0.22399943,-0.3078474,-0.15791586,0.14496109,0.9109047,-1.7000668,0.94687206,0.33292645,0.85096896,1.0741205,0.12599078,1.8044817,-0.673514,0.69031537,-1.2536228,0.89011514,1.2716842,-2.0607994,0.8204276,-0.119599044,-0.31268403,0.7038765,-1.2952116,-0.72286403,-0.8544715,0.38570565,-0.24088752,-1.5221256,2.056203,-1.6212679,1.1578039,-1.5300901,-0.42140022,-0.4828105,-0.77270925,-1.9803327,0.94730437,0.65103024,-0.024226818,0.5421072,-0.11041822,-0.10770102,0.24950036,0.3913049,0.8390298,-0.59551287,1.1194503,-0.80657846,-1.7617563,-0.035434403,0.97588855,-1.0578085,-1.427445,-1.8821703,-0.27555144,0.812507,-0.9873355,-0.21157388,0.83921707,-0.14252612,0.69389516,-0.81408036,-0.49729806,0.3589356,-1.0773556,1.5463839,0.3418092,1.6238897,-0.7376846,-0.173207,0.6197685,-2.2698486,-0.47025123,-0.28049687,2.0989187,0.32096043,0.21884999,0.81835574,0.4005869,-1.0253451,-0.40406385,1.0525099,-0.27376947,1.665149,0.42128435,-0.23988333,1.7144794,0.41231662,0.22120385,-0.75083154,-0.6725408,1.4566896,-0.21992628,-0.55448186,-0.111416474,-0.04477203,0.4258477,0.13272747,0.28161266,0.2543286,-0.06727463,0.40321007,1.1350362,-1.3153669,-0.641803,-0.92338485,0.6349392,0.86855954,1.6146595,1.9385138,-0.33754107,-1.1584823,-2.1651628,0.24697551,1.1070057,-0.14756253,0.7754487,-1.1364069,0.39710176,0.15722933,-0.12346184,-0.6753095,-2.0382633,2.1394696,0.54547966,0.16231883,1.6604153,-1.3719292,-1.655925,-0.4986786,0.5345941,0.22783753,-0.6847121,-0.47820967,0.7471749,-0.62649727,0.817825,0.5678891,0.16882904,0.30529696,0.24306154,0.76908714,0.20387717,-0.9668584,-0.88734025,0.011432576,0.49651256,-1.7782767,-0.64887935,-0.11595087,-1.9322876,0.66006,-0.5956788,-0.28777224,0.0995387,-0.6555971,-0.44605723,-0.9276398,-0.32439125,-1.0269887,-0.8780961,0.8205241,-1.656694,-1.9352684,1.0134271,1.0838794,-0.8056617,0.684791,0.31423396,-0.28890237,0.77981,-0.147845,-0.07784533,0.17998905,0.19178145,-0.2661721,-0.372775,-0.9003476,-0.4351372,0.24838026,-1.0974176,-1.5021241,1.1081718,0.7905384,-1.8490276,-0.18620381,-0.3244124,-1.1080861,0.54328114,0.43804178,0.44531775,-0.07991431,-0.69429845,-0.15006553,0.33138555,0.8889187,-0.035208892,0.047978472,0.8971842,-0.019700503,-0.1819096,1.8042282,0.0514176,-0.08430329,1.236162,0.2980852,-0.6006136,0.6215768,-0.73104465,-0.16234487,0.88196373,-1.5799885,-1.1628683,2.0297797,-0.7744529,-0.9101218,-0.055662088,0.4370553,0.29343742,0.4172547,0.2884396,0.8748932,1.1518464,1.0806868,1.7434511,-0.27162522,-0.75337374,-0.6233711,0.58814174,-0.8035742,-0.7429117,0.78923833,0.8005043,2.1726487,-0.61157006,-0.13739179,0.9836528,-0.84787446,-0.9998142,0.74552506,0.7153376,-0.19230147,-0.5555523,0.4297619,-0.87857646,-0.31569767,-1.6669216,-0.38010314,0.80089694,0.3112158,-0.7187321,0.010685002,0.6773656,0.41701442,-0.9468646,0.69034874,1.4431645,0.9966652,0.0458266,-1.3361996,0.5690785,-0.7967996,-1.7274132,-0.2783112,-0.55961144,-0.7908145,0.113951944,-0.3105034,0.06827785,-0.9421567,-0.6453754,1.1782613,0.07613423,0.13289134,-0.14039066,-1.2420781,2.0988145,-0.83311796,-0.50333565,0.93601954,0.98031825,-1.493079,0.37775674,-0.79423666,0.5837065,-0.82736844,0.2963793,0.24235399,0.5793009,-0.40718037,1.2453127,0.022782166,-0.5207311,0.21526249,0.38224745,0.023266315,0.37294546,-2.0838423,0.9114132,-1.3188998,-1.3684886,0.51566064,0.68565756,-0.26181737,-0.20916185,-0.6725382,0.4054597,0.99791193,-1.4777405,0.79768217,1.8814338,-0.4850443,-0.2780195,1.0027049,0.8828007,-0.44108233,0.0045647444,1.9285342,0.46250805,1.1363127,-0.776607,-0.7971918,-0.031055534,-0.24643365,-0.4912827,-0.18332782,-0.1971866,0.25517887,0.6196225,-0.37341234,0.7870332,-1.2292423,0.09946413,1.276536,-0.94829905,-0.33572397,0.17384373,0.04401657,-1.4644979,-1.1752417,0.6385817,1.0073224,0.1068069,-0.14460886,0.091129825,1.7133499,0.9220665,-0.20622134,-0.4449745,0.6549316,0.85408515,0.6390675,-0.38184515,-1.2803978,0.6451459,1.5432012,-1.0334259,0.5828178,-0.5618949,-0.366621,-1.8828369,0.64367896,0.28939834,-0.100983486,1.288446,0.78496677,0.19054446,0.8010351,-0.15644869,-0.24756987,-0.38797742,-0.34056133,-0.13614616,0.12515196,-0.96907365,0.062624976,-0.43984216,-0.24248393,0.15190828,0.9333335,-1.0773089,0.64689124,0.105175495,0.35169452,-0.005522317,-0.3136757,-0.7228138,-0.31180382,-1.136833,1.4103061,0.9885659,-0.18099073,-1.8099737,0.010216966,0.68938947,0.021786189,-0.838624,0.43188888,-0.16103396,-1.0490525,-0.52921647,-1.6387854,-0.53988916,0.75685996,1.2309675,-0.95299166,0.73657817,-1.5445461,0.8890234,0.16748324,-0.9446182,0.36083615,0.2475686,-0.5353812,1.7061793,1.0348475,0.3164234,0.060117774,0.7412964,0.9311097,-0.49774495,-0.5862748,-1.3589276,0.8267363,0.7797058,0.3006394,-1.0028788,-0.111532405,0.34392673,-0.57410157,2.1128745,-0.78413546,-0.55522084,-0.6135143,-0.15656093,-0.5030425,-0.071763605,-0.47504026,-0.047394734,-1.7008903,0.042332027,-0.8782383,-0.29658332,0.39569294,-0.9340886,0.09207841,0.27909845,1.0718844,1.2593681,0.69290674,0.7011869,-1.0120777,-0.06809293,-0.8902869,-0.49830836,0.7427074,-1.0509988,-0.14091189,0.07647095,0.7494453,2.3719516,0.23807113,-0.666782,0.09791167,-0.1791593,0.10435401,0.3203007,-0.4444453,-0.08385678,0.10358355,0.13125202,-0.38648036,-1.0740485,0.076793775,-0.29174745,0.70423305,0.51301324,0.7595981,-0.14296634,0.76010007,1.4279732,0.52979887,-0.3522375,,,,,,,,,,,,,,,,,,,,,,,,,,,,,,,,,,,,,,,,,,,,,,,,,,,,,,,,,,,,,,,,,,,,,,,,,,,,,,,,,,,,,,,,,,,,,,,,,,,,,,,,,,,,,,,,,,,,,,,,,,,,,,,,,,,,,,,,,,,,,,,,,,,,,,,,,,,,,,,,,,,,,,,,,,,,,,,,,,,,,,,,,,,,,,,,,,,,,,,,,,,,,,,,,,,,,,,,,,,,,,,,,,,,,,,,,,,,,,,,,,,,,,,,,,,,,,,,,,,,,,,,,,,,,,,,,,,,,,,,,,,,,,,,,,,,,,,,,,,,,,,,,,,,,,,,,,,,,,,,,,,,,,,,,,,,,,,,,,,,,,,,,,,,,,,,,,,,,,,,,,,,,,,,,,,,,,,,,,,,,,,,,,,,,,,,,,,,,,,,,,,,,,,,,,,,,,,,,,,,,,,,,,,,,,,,,,,,,,,,,,,,,,,,,,,,,,,,,,,,,,,,,,,,,,,,,,,,,,,,,,,,,,,,,,,,,,,,,,,,,,,,,,,,,,,,,,,,,,,,,,,,,,,,,,,,,,,,,,,,,,,,,,,,,,,,,,,,,,,,,,,,,,,,,,,,,,,,,,,,,,,,,,,,,,,,,,,,,,,,,,,,,,,,,,,,,,,,,,,,,,,,,,,,,,,,,,,,,,,,,,,,,,,,,,,,,,,,,,,,,,,,,,,,,,,,,,,,,,,,,,,,,,,,,,,,,,,,,,,,,,,,,,,,,,,,,,,,,,,,,,,,,,,,,,,,,,,,,,,,,,,,,,,,,,,,,,,,,,,,,,,,,,,,,
ニ,0.2399881780147552,0.498018354177475,0.8955079913139343,0.005041497759521,-0.2969804406166076,-0.1288875639438629,0.8377258777618408,-0.2465835809707641,-0.6963340044021606,-0.3838145136833191,0.5023658871650696,-0.2319454699754715,-0.2090045362710952,0.0123188756406307,0.3375872373580932,0.0955833196640014,-0.2994687259197235,-0.3320967853069305,0.105328544974327,-0.3356218636035919,-1.199247121810913,-0.4857733249664306,-0.014517749659717,0.0603932812809944,0.0599503107368946,-0.78136146068573,0.1385903805494308,0.0701314210891723,0.1482769697904586,-0.4499062299728393,-0.5657681226730347,0.0919201374053955,-0.1736220568418502,0.0030534949619323,-0.4910091757774353,0.6131080389022827,0.015275546349585,-0.0971176624298095,0.5189294815063477,0.1481046974658966,0.0030237135943025,-0.1044567003846168,0.0200241766870021,0.041071742773056,-0.100732646882534,0.4264664351940155,0.132814809679985,0.496850311756134,-0.1855993121862411,-0.1612194776535034,-0.3438955247402191,0.3898206353187561,0.5209559798240662,0.1577526032924652,0.192417174577713,0.0655715242028236,0.8847101330757141,-0.6201813220977783,0.2481703907251358,0.445669949054718,-0.4492683410644531,-0.5545591711997986,0.2076460719108581,0.0906073600053787,-0.3409030437469482,0.4919306635856628,-0.5973501801490784,-0.1568299680948257,0.4562695026397705,-0.5391255617141724,0.0492937266826629,-0.2538284361362457,0.144734114408493,-0.7692111730575562,0.5159355401992798,-0.4594015777111053,0.1821346580982208,-0.1125316768884658,-0.0764267742633819,0.1738098114728927,0.2126527577638626,0.2442357540130615,0.0553750321269035,-0.6869986653327942,-0.3677364289760589,0.6940591335296631,-0.9101846218109132,-1.0816364288330078,0.8663680553436279,-0.2362627536058426,-0.1768848001956939,0.3000737726688385,0.1569752246141433,0.0842565894126892,0.670451819896698,0.6204149723052979,0.0854531079530716,0.2576430439949035,0.0282056499272584,0.2926505506038666,-0.3810499310493469,-0.2817577421665191,0.3634460270404815,-0.3957997858524322,-0.4156117737293243,0.2613184750080108,-0.18729268014431,0.3636125922203064,0.0976108461618423,0.4044984877109527,-0.2066918462514877,-0.9868265986442566,-0.2262287437915802,0.1464495509862899,0.5395494699478149,0.2332690209150314,-0.1634886115789413,0.3493140339851379,-0.2618437111377716,0.2535730302333832,0.1716625392436981,0.5832396149635315,-0.0342006832361221,-1.1091642379760742,0.0796048045158386,0.3212693035602569,-0.0885724648833274,0.0260915197432041,-0.1137551367282867,-0.1529953628778457,-0.4824707508087158,-0.6091140508651733,-0.3289887309074402,-0.0974496304988861,-0.60126131772995,0.651743471622467,0.6650561094284058,0.5216874480247498,0.0827017351984977,-0.281015008687973,-0.6038870811462402,-0.0620010271668434,0.4018469750881195,-0.3225410282611847,0.6033268570899963,-0.0102281784638762,-0.4963041245937347,-0.4260859787464142,0.162226527929306,0.1483174860477447,-0.1598769277334213,0.80233234167099,-0.7591325640678406,-0.061724979430437,0.1537837088108062,0.451979249715805,-0.7278866171836853,0.169708713889122,0.2764085531234741,0.1890266835689544,0.7832756638526917,0.3377169668674469,0.1770556718111038,0.7063726782798767,0.3589708805084228,0.3684092462062835,0.3855596780776977,-0.3533316552639007,0.0153440618887543,0.4558740854263305,0.3503834903240204,0.2179538458585739,0.7681988477706909,0.1386443674564361,-0.5556210279464722,0.6621384024620056,1.071463704109192,-0.3012385964393616,-0.2049427926540374,-0.5722112059593201,-0.2706075012683868,-0.2144170552492141,0.5491052269935608,-0.7793207168579102,0.5074599385261536,-0.0006776891532354,0.000281504180748,-0.2342703640460968,0.1572796255350113,0.6060560941696167,-0.4203536808490753,-0.5844647288322449,0.2661496698856354,-0.5123875737190247,-0.2070800513029098,-0.2717030048370361,-0.2051060050725937,0.2209423929452896,-0.9210068583488464,0.3236485123634338,0.4330968856811523,0.073336474597454,-0.1983409821987152,-0.4938555061817169,-0.6892940998077393,0.0602587014436721,-0.0897126719355583,0.3994076550006866,-0.1870185732841491,0.0892463326454162,-0.2997252643108368,-0.1554416865110397,0.3474860787391662,0.2821784913539886,0.4196942150592804,0.155134379863739,-0.1165054142475128,-0.1757172346115112,0.3276111483573913,0.0551695227622985,0.3733872175216675,-0.1666144132614135,0.0150819709524512,-0.2423607110977172,0.1224497780203819,0.5370935797691345,0.3706514537334442,-0.6751798391342163,-0.2304879873991012,0.4684117436408996,-0.6569773554801941,-0.8943758010864258,-0.5819957852363586,-0.1027029827237129,-0.5708690881729126,-0.5742595195770264,-0.4286757409572601,0.2313897460699081,-0.5876480937004089,0.527140200138092,-0.1354325413703918,-0.3490617573261261,0.2205250561237335,-0.5164347887039185,-0.2158338129520416,0.1988855898380279,0.1232568025588989,-0.1676084250211715,-0.6289826035499573,-0.2826015055179596,-0.2267360836267471,-0.2499215751886367,0.1019749343395233,-0.3679527044296264,0.5211003422737122,0.7176828384399414,0.8670651316642761,-0.1786787658929824,0.3087609708309173,-0.3622464835643768,-0.4940388202667236,-0.6561098694801331,0.0756227597594261,0.1844679564237594,-0.096898503601551,0.04713986068964,-0.1329451650381088,-0.2873137891292572,-0.9781805872917176,-0.319053590297699,0.3318533599376678,-0.2461916804313659,0.0173809994012117,-0.1850131452083587,0.4622901380062103,0.1793286204338073,0.2592511773109436,0.7661769390106201,-0.3640256524085998,0.27199786901474,-0.3022246360778808,0.2611386179924011,-0.611751914024353,0.1417306810617447,-0.1542247682809829,0.4245662093162536,-0.510331392288208,-0.5345093607902527,-0.533447265625,0.716960072517395,0.4460596144199371,-0.6074992418289185,0.2070235908031463,-0.1222982481122016,-0.5591508150100708,0.4849247932434082,0.3392638266086578,0.0201661754399538,0.2770930826663971,-0.0716230198740959,0.6288016438484192,0.2935670912265777,0.8059220314025879,-0.0894927382469177,-0.2002018988132476,-0.1224767044186592,0.1709357798099517,0.7128282785415649,0.1837633997201919,-0.802681028842926,0.6803693771362305,0.3822384774684906,-0.5349481105804443,0.3936195373535156,0.5953669548034668,0.587542712688446,-1.3823076486587524,-0.1753514409065246,0.6864405870437622,0.7565538883209229,-0.6600862741470337,-7.142586582631338e-06,0.2971343398094177,0.3123375475406647,-0.1888991296291351,-0.2407542616128921,1.2328671216964722,-0.0909240394830703,-0.0652929991483688,-0.222514733672142,-0.0749331563711166,-0.3393189311027527,0.2482902556657791,-0.3786711990833282,0.0935624241828918,0.4356390237808227,-0.5850790143013,-0.1831747442483902,-0.3180065453052521,-0.2905949354171753,-0.424087792634964,0.6385433673858643,-0.5369762778282166,-0.1305275112390518,-0.0190998502075672,-0.4493971765041351,-0.1478213220834732,1.0692458152770996,1.1102465391159058,0.1682927459478378,-0.8284353017807007,-0.7258700728416443,0.1027304828166961,-0.3827482461929321,-0.0908938646316528,-0.5365722179412842,0.1473941653966903,-0.2610086500644684,-0.2499143332242965,-0.0199813451617956,0.0439121536910533,0.1047793179750442,-0.2141801863908767,0.1834008693695068,-0.3466436266899109,0.388646125793457,1.0327752828598022,0.0349547788500785,0.3688464760780334,0.6388689279556274,0.672288179397583,0.3386959135532379,0.065013088285923,-0.8786070346832275,0.0681200474500656,-0.5904049873352051,0.495224267244339,-0.088651955127716,-0.7305606603622437,0.907346785068512,-0.0863807573914527,0.1661152392625808,-0.3564050495624542,-0.511898934841156,0.2590500712394714,-0.4335880279541015,-0.0134439598768949,0.183345764875412,0.1517754644155502,-0.1977767348289489,0.7999216914176941,0.4202208518981933,0.6377631425857544,-0.4777056872844696,-0.7689921259880066,-0.1673790961503982,-0.3213671445846557,0.1558387279510498,0.3721858263015747,0.5082894563674927,-0.0948093011975288,-0.1153046339750289,0.0159989353269338,0.2064537405967712,-0.95878005027771,0.0685359314084053,-0.651793360710144,0.0704318657517433,0.0730981156229972,0.2113152742385864,0.031522374600172,0.0527812577784061,0.3189178705215454,0.5808015465736389,-0.7783799767494202,-0.1613888293504715,0.1788643896579742,0.3199944794178009,0.3388553261756897,0.6496179699897766,0.5549226999282837,0.0590652748942375,0.5409660339355469,-0.2235772311687469,0.3465896248817444,0.1655871570110321,0.1747461408376693,-0.5205464959144592,0.9497072100639344,-0.4511545896530151,-0.0876128524541854,0.1544488072395324,0.0602484680712223,0.5611934661865234,-0.4675502181053161,-0.8076052069664001,0.4199115633964538,-0.1826090663671493,0.561552107334137,1.1829746961593628,-0.0805006995797157,0.2960154712200165,-0.0464479625225067,0.1875627934932708,-0.2053208500146865,0.3647632896900177,-0.1009399890899658,-0.6398433446884155,0.427743911743164,0.1481426209211349,0.2722767889499664,1.4112900495529177,0.0862573981285095,0.2672679126262665,0.1452893763780594,0.241290807723999,-0.3223082423210144,-0.0955208763480186,-0.3009140789508819,0.1278165876865387,-0.1152070388197898,0.8357356786727905,-0.6288214921951294,0.0530882254242897,-0.1288283914327621,0.0524586625397205,0.6772114038467407,0.4081891775131225,0.0012743080733343,-0.3657405972480774,-0.5746895670890808,-0.413478672504425,-0.4503512978553772,0.0139700667932629,-0.6152694225311279,-0.0508028306066989,-0.2447485029697418,0.0497177429497242,-0.9581451416015624,0.4678661227226257,0.4893801808357239,0.0627292096614837,0.1946627050638198,-0.5680791735649109,-0.1699132323265075,0.5439184904098511,-0.685943603515625,-0.636755108833313,0.270639419555664,0.0615531913936138,-0.3260607123374939,-0.957592248916626,-0.1974907964468002,-0.3581154346466064,0.2891275584697723,-0.4286392629146576,0.1623032540082931,0.0123498197644948,-0.565133810043335,-0.1754132211208343,-0.5328487753868103,-0.3943957686424255,-0.0778370648622512,-0.1529422849416732,-0.0435021519660949,-0.2341650277376175,0.0455569177865982,0.8609870076179504,0.5781028866767883,-0.3404849469661712,-0.0678211376070976,0.6001311540603638,0.0134011348709464,-0.3031742870807647,0.1346807926893234,-0.144233226776123,-0.5261630415916443,0.4355503916740417,0.5091544985771179,-0.0833733230829238,0.2180920392274856,0.2670896351337433,-0.7991225719451904,-0.4180024862289428,-0.3345060050487518,-1.050958514213562,0.4238246083259582,-0.3562321662902832,0.8672330975532532,-0.5954985022544861,0.4309892952442169,-0.4024232923984527,0.3909869194030761,0.0171622540801763,0.4163903295993805,-0.4857703149318695,-1.3232897520065308,-0.3382763564586639,-0.2781261503696441,-0.6342113614082336,1.0885275602340698,-0.1200270429253578,-0.7550294399261475,0.2689781486988067,0.2818595767021179,0.183319553732872,-0.2465816736221313,0.2268478572368621,-0.0390494316816329,-0.0169130768626928,0.008017498999834,-0.1576659828424453,0.3537449538707733,0.3585444390773773,0.178397536277771,-0.0097616231068968,0.8249403238296509,0.3854309320449829,0.1550318151712417,0.1726711988449096,-0.452601820230484,0.2316302210092544,-0.0850178897380828,-0.2921363413333893,-0.1442154943943023,0.4841728210449219,-0.4870316684246063,0.5140367150306702,0.3830854296684265,-0.8019239902496338,-0.1514890193939209,1.1948102712631226,0.2635453939437866,0.6823922395706177,0.0765335336327552,-0.0981333404779434,-0.6144131422042847,0.0781684964895248,0.595352292060852,-0.1323657780885696,-0.447791576385498,0.1941670179367065,-0.136386290192604,-0.0078218821436166,0.7715087532997131,-0.0365745723247528,-0.1183796897530555,0.3819184601306915,0.0633423402905464,-0.3294958472251892,0.9611512422561646,0.0925962179899215,-0.3062328100204468,0.0292535964399576,-0.0550469979643821,0.420026034116745,0.4790914952754974,0.1943640857934951,0.4590746760368347,-0.0140517381951212,-0.5848106741905212,0.0721693634986877,0.396188884973526,-0.2210362255573272,0.891806423664093,-0.3367661237716675,-0.2763691842556,0.6258436441421509,0.3863765597343445,0.1282980144023895,-0.0149681763723492,-0.7286804914474487,-0.2715208828449249,-0.6282907128334045,0.0671744421124458,0.1371153444051742,0.4392257630825043,0.3184598386287689,0.1893894374370575,-0.4350124895572662,0.3687155544757843,0.321261316537857,-0.1682348549365997,-0.3007729351520538,0.0684005171060562,0.2578999996185303,0.2626895010471344,0.1784130334854126,0.2423498481512069,0.0831109434366226,-0.4748173952102661,0.7601574063301086,-0.2581839859485626,-0.1072468012571334,-0.09479521214962,0.175308957695961,0.59159916639328,-0.2410508245229721,0.3209672570228576,0.0749908313155174,-0.0473887808620929,0.0560566000640392,-0.4479458630084991,0.1063652485609054,-0.20023974776268,0.0028138619381934,-0.2556470036506653,0.084066055715084,-0.6800851821899414,-0.8131122589111328,-0.0201230570673942,0.40631964802742,-0.4025742411613464,-0.5078088641166687,0.4864073097705841,-0.1204340755939483,-0.5760420560836792,-1.5662147998809814,0.5193831324577332,0.0815850645303726,0.0106269372627139,0.0105899330228567,-0.22087924182415,-0.2326550334692001,-0.1760053634643554,0.2459411770105362,-0.6746455430984497,-0.3293901979923248,-9.807195663452148,-0.0124987848103046,-0.5163050889968872,-0.1690342277288437,-0.1281996369361877,-0.4532968699932098,1.1393678188323977,0.8253955841064453,-0.536453127861023,0.3240262567996979,-0.5628291368484497,0.2936359345912933,0.5911865830421448,0.3530381917953491,0.4281627237796783,-0.3939273357391357,-0.067873790860176,0.0666920915246009,0.3080798983573913,0.1399819999933242,-0.1826901137828827,-0.1620252579450607,1.0195213556289673,0.314514696598053,0.0664615780115127,-0.6188612580299377,-0.1658964902162552,0.6420120000839233,-0.2043704092502594,0.2019911706447601,-0.9699943661689758,0.9677385687828064,-0.1644393503665924,0.0563455335795879,-0.4271545708179474,0.1414322853088379,-0.0807258337736129,-0.0451164245605468,-0.8572476506233215,0.4816361367702484,0.0363676100969314,-0.0011551573406904,0.2120583206415176,-0.0737558528780937,0.4536486566066742,-0.2475725561380386,-0.1137004643678665,0.2647754549980163,0.3160045444965362,-0.0187130738049745,-0.1756884008646011,0.2808996438980102,0.6086269021034241,-0.5372304916381836,0.3729364573955536,-0.7106446623802185,0.3599810898303985,-0.9493100047111512,0.2192019671201706,-0.2922466993331909,0.0507802776992321,0.1272028684616089,0.5295270085334778,0.747220516204834,-0.0787647441029548,0.5490385890007019,-0.0020413962192833,-0.6292516589164734,-0.6555565595626831,-0.1589002907276153,0.3971392512321472,0.1711445152759552,0.0227958634495735,-0.240527719259262,0.1442629247903823,0.4694149494171142,-0.0082037206739187,0.3554873168468475,0.7015735507011414,-0.2771918177604675,0.740035355091095,-0.510673463344574,0.3534307181835174,0.5597468018531799,-0.7759509682655334,0.3758062124252319,0.1695676892995834,-0.1911898702383041,-0.021022655069828,-0.7556512355804443,0.4545226097106933,-0.2344045490026474,-0.2773563861846924,0.0750988349318504,-0.168514609336853,0.1701342612504959,-0.0815538763999939,-0.1397444307804107,0.0923962071537971,-0.5649541020393372,-0.5291309,-0.77840215,0.84816545,1.8177642,-0.5191591,-0.59028465,-1.1465647,0.03395085,1.4487288,-0.9063991,-0.5064243,0.22661045,-1.7166867,2.558549,-0.9571003,0.2850718,0.92185104,-0.36600932,-0.074344195,-0.52489954,0.43480468,0.5574952,0.9148316,-0.813813,1.0029237,0.47967428,0.6646817,-0.43773705,-0.36794186,-1.1211703,-0.022616327,-0.48949096,-1.441517,-0.1718773,0.1006203,-1.4064432,-0.77725196,0.96562004,0.38279063,-0.10733051,-0.47986397,1.2698121,-0.56053543,0.11565763,-0.63228905,-0.09611249,2.0398223,-0.95139575,0.39127916,-0.0445166,-0.30250618,-0.009655356,0.79698724,1.3805178,0.28337544,0.12179789,1.5937445,1.0064479,0.19570401,-0.91748923,0.27438372,1.1362544,-1.1594901,0.41133344,0.7646328,0.8721397,-0.48210078,-0.5296525,-0.103737324,-0.76476526,-1.8471476,-0.917465,0.18757352,1.4020404,-1.1478522,0.34431463,0.0013268979,-0.82491827,0.71694154,0.26224613,0.43341532,0.31794327,-1.0075529,1.3421121,-0.9582933,-0.68007636,-0.83860636,0.32452717,-1.335735,-0.5621241,-0.10233299,-1.7548456,-1.4324261,-1.5963633,1.4487398,0.27647486,-0.98429704,-0.8617109,-1.3471451,-0.550041,0.6872512,1.9096997,-0.41783595,0.17598039,-0.97467506,-0.5153704,-1.0071169,-0.37970096,-0.9306689,0.17926605,-0.35376927,-0.071486816,1.2006605,1.8795722,1.4251177,0.7087144,-0.7108874,-0.6213355,-0.21060574,0.5937073,1.102021,0.5157545,-1.204908,1.3882496,0.2533819,1.0017555,-0.086438216,-0.8860277,1.1071568,-0.20012039,0.44547677,-0.83789486,1.6646234,1.210398,-1.0310446,-0.62831044,-1.0018964,0.15291274,0.86905086,-1.0170126,-1.0296856,0.11461665,-0.43429524,-0.2756165,0.15553632,-1.9960836,0.1866572,0.40552276,0.8747472,-0.778695,-0.5482964,-0.36161873,-1.4183893,0.57528794,0.9183826,0.12634869,-0.030512953,-0.10174182,-1.4408457,1.5338542,0.74220365,0.842163,-0.38118133,0.6080785,-0.3109669,0.6389963,-0.914423,0.75982237,-0.7178328,-2.5298793,-0.825395,0.84467155,0.36817914,0.14091522,0.4854774,-0.47675258,0.20508686,0.23201843,-1.086318,0.2260536,1.1187551,0.99612355,0.03820698,1.357687,0.027504396,-0.18645886,0.053391553,0.23040305,0.9514563,-0.045865946,0.5861007,-0.6338842,0.099600345,0.82211447,0.8316063,2.5403247,0.5350934,-1.1684102,-1.5734885,1.019465,-1.8931845,0.71489096,1.322485,-0.347162,0.96315014,-0.50179386,-1.0164891,1.9284782,0.9643166,-0.25818086,-1.1171341,-1.6568141,1.1386341,-0.30250078,-0.37357044,0.072648875,-0.6875476,0.24054956,-0.33909857,-0.21058732,0.5229055,0.056283318,0.03593713,1.4649665,-1.057244,0.03298121,0.69332016,0.050688133,-0.19919084,1.1264918,-1.3048215,0.49524188,0.63476855,0.30811113,-0.5550365,0.4290701,-0.5418542,0.7709302,-0.30922213,0.91386175,0.65200055,-0.7308129,0.6859147,-0.45008293,0.5529918,0.7413081,1.920966,0.19292176,-1.8394928,-0.093087256,-0.06705349,0.98220766,-0.46601424,-0.23508947,0.9687959,0.6576861,-0.3902936,-0.2073135,-0.4726323,0.055440947,0.3294455,0.048517242,0.92817885,0.37803975,0.769038,-0.89113146,0.06797463,0.19098568,0.1080524,-1.6774744,-0.44634214,-0.97267777,-0.9695251,0.26541048,-0.29120207,0.9369212,-1.112627,-1.133183,-1.7235379,0.18278702,0.7065738,-1.5051973,-0.5354216,-0.2928711,0.21394645,0.9326675,-0.21809614,-0.3682348,0.616502,0.5783179,-1.7200208,0.90753883,0.6611335,0.33305544,0.9228025,0.08261223,0.87801254,-0.8292384,0.934329,-1.6361283,0.93616396,0.8547809,-0.97599006,0.9446275,0.0474075,0.18453233,0.32752728,-1.7038534,0.3013054,-0.753723,-0.010682691,-0.24393933,-1.8792992,2.5663657,-2.1353817,0.6788517,-2.0725155,-0.58255774,-0.3290027,-0.34383178,-1.2320321,0.74799335,1.5850631,-0.05116088,0.44267967,0.1260986,0.024635628,0.4312817,0.4088503,0.8799758,-0.51242054,0.80745083,-0.3529729,-1.5960737,0.51931125,0.7981638,-0.9868143,-2.2656846,-1.6027935,-0.72745657,1.1293166,-0.2598289,0.1378693,0.8246175,-0.29097357,0.55519503,-1.2891524,-0.17460066,-0.023520641,-0.74002427,1.4618633,0.28618723,1.5767735,-1.0573204,-0.55882764,0.8761798,-1.7045615,-0.28611743,-0.074107446,0.9899745,0.4684813,0.39588886,0.4987869,0.17495087,-0.43699756,-0.49886245,1.1117301,-0.6064085,2.200969,0.73544616,-0.5368742,1.7176358,0.87690884,-0.13333267,-0.5635042,0.1348315,1.1108861,0.20235838,-0.2503373,-0.76576924,-0.38588718,0.32341403,-0.0609568,1.089232,0.5494818,-0.05037728,0.51671946,0.76577944,-0.6700883,-1.1555759,-0.55697757,0.38757682,1.1362872,1.7259156,1.4314655,-0.08549991,-1.0448735,-1.7184805,0.854455,1.6650351,-0.008686902,0.98781776,-1.5351663,0.31589654,0.7486446,-0.03333705,-0.52796865,-1.816219,2.111115,0.27208704,1.3178263,1.656389,-1.6054841,-1.7683687,-0.29659337,-0.05109775,-0.08221304,-1.064506,-0.47773933,0.3832803,-1.1347363,1.7921804,0.08304945,0.66404545,0.06513578,-0.18112834,0.6149543,0.6820062,-0.33753127,-0.8510685,-0.13716006,0.67810434,-1.7908404,-0.141607,0.5091092,-2.570931,0.85281533,-0.6956885,-0.8927261,0.18347865,-0.80978066,-0.34358242,-0.10809375,0.13457014,-1.0846193,-1.1680826,0.270954,-1.3183007,-1.6401273,1.2342739,1.2551824,-1.3027651,-0.25829387,1.1587449,0.5315464,0.59000915,-0.27334958,-0.46349004,0.6113323,-0.009649932,-0.51750946,-0.8759628,-1.2079248,-1.0395951,-0.0154983625,-0.24368262,-1.9832839,1.1222267,0.8622424,-1.9441923,-0.94312996,0.22413565,-1.4857672,0.5263684,0.85539865,-0.4002496,-0.5681526,-0.011689842,-0.18505259,0.18572217,0.43799227,-0.737314,-0.54557467,0.3104654,-0.3469813,0.02132307,1.6269583,0.40838543,1.0103495,1.140528,0.00054711103,-0.7655589,0.9936495,-0.26123893,0.20569071,0.52503836,-0.72857577,-1.1380656,0.79556346,-0.7679045,-0.54302835,0.11440499,0.80401266,-0.37059706,0.19754732,0.9611853,1.282374,1.2199239,1.063833,1.9862266,-0.58709687,-0.3862422,-0.69249934,0.51965415,-0.74026287,-1.0943481,0.49967,0.8244553,2.4007754,-0.52090794,-0.14135379,0.3290563,-1.0168233,-0.9642949,0.35318124,0.6145218,-0.4562416,-0.35109353,0.1910841,-1.467632,0.34565067,-1.7666576,-1.1282316,0.47105068,0.7397015,-0.757864,-0.25148165,0.64317644,0.6915634,-1.3616813,0.45541734,0.6359147,1.0412412,-0.3115745,-1.0192887,0.80562454,-1.1247908,-1.8664998,0.24663582,-1.0604544,-0.7621738,-0.016631182,0.108364016,-0.5572913,-0.85811687,-0.6396063,1.6410649,-0.20281775,-0.8714335,-0.036859192,-0.71149087,1.5609097,-0.23455039,0.4040379,0.68387115,0.75747967,-1.3441125,0.5344706,-1.4826533,0.6525636,-0.774973,1.109391,0.20794037,0.46819103,-0.4599044,1.6075417,-0.055131875,-0.80282456,-0.3559193,0.43454772,-0.017958298,0.44979674,-2.2854347,1.3510109,-1.2904718,-0.76148725,0.18213037,0.9318345,-0.26043007,-0.73310494,-0.08886739,0.28690943,0.802584,-1.3148301,1.134212,1.2692544,-0.9220459,-0.87139463,0.721009,0.33812952,-0.40859348,0.12514633,2.9734845,-0.050073363,1.3315312,-1.0236572,-0.745128,0.35930347,-0.20653917,-1.8064958,-0.06254859,0.20638871,0.44076282,0.53622186,-0.35789612,0.6707272,-1.093079,0.20689163,1.5341712,-0.7422203,0.011871472,0.5284119,-0.16605185,-1.5178509,-1.4290386,0.18945545,0.06342891,-0.7833448,0.460863,0.33506763,1.3909311,0.87885463,-0.26625922,-1.006529,1.2455461,1.0909297,0.7976681,-0.26543838,-0.9663013,0.28392816,1.5254338,0.028289713,0.63552606,-0.049070712,0.1777299,-1.5669081,0.8850528,0.43380487,-0.1999369,0.84834534,0.3729223,-0.11569212,0.6855189,-0.6630554,0.038427457,-0.35838085,-0.95274365,-0.3012191,0.35234556,-1.6289065,0.421368,-0.80129015,-0.10436717,-0.21804631,0.7100136,-0.84976214,0.22470796,0.05969649,0.6308893,0.44001296,0.041910876,-1.430387,-0.18281399,-1.1609471,1.8135023,0.98150206,0.03711929,-1.5930355,-0.11186754,1.3369931,0.5320306,-0.8296188,0.44540057,-0.7479188,-1.625603,0.048085596,-1.3200443,0.09816365,0.7354895,1.0563877,-1.0545287,1.459636,-1.8938639,0.8846673,0.17583284,-1.6480978,-0.56733716,0.2467385,-0.6954247,2.367868,1.3903995,0.15717031,0.17558298,0.8989816,0.6147276,-0.1399579,-0.5163557,-1.3794376,1.5974488,0.8931503,1.3548489,-0.9226046,-0.1746699,0.5967021,-0.690603,1.377471,-1.0676473,-0.11655329,-0.07639974,-0.0070617795,-1.3494494,0.15899183,-1.0815451,-0.3275419,-1.2504342,1.0712622,-0.7172645,-0.7706321,1.3250296,-0.32188994,0.52019024,-0.23017055,1.263188,0.7626387,0.9038394,0.39005193,-0.5900992,-0.37183696,-0.72810316,-0.16550481,0.95821065,-0.80208534,-0.20959146,0.23681656,1.2258415,1.8946595,0.06707678,-0.23245427,0.20974857,0.34256512,0.0014757067,0.17323992,-0.22267944,-0.74442923,0.0859715,-0.30088887,0.5650284,-1.9016261,-0.2300157,-0.47565275,1.3358191,0.62524295,0.430918,0.077317685,0.8596526,1.2139858,0.76624733,-0.69068485,,,,,,,,,,,,,,,,,,,,,,,,,,,,,,,,,,,,,,,,,,,,,,,,,,,,,,,,,,,,,,,,,,,,,,,,,,,,,,,,,,,,,,,,,,,,,,,,,,,,,,,,,,,,,,,,,,,,,,,,,,,,,,,,,,,,,,,,,,,,,,,,,,,,,,,,,,,,,,,,,,,,,,,,,,,,,,,,,,,,,,,,,,,,,,,,,,,,,,,,,,,,,,,,,,,,,,,,,,,,,,,,,,,,,,,,,,,,,,,,,,,,,,,,,,,,,,,,,,,,,,,,,,,,,,,,,,,,,,,,,,,,,,,,,,,,,,,,,,,,,,,,,,,,,,,,,,,,,,,,,,,,,,,,,,,,,,,,,,,,,,,,,,,,,,,,,,,,,,,,,,,,,,,,,,,,,,,,,,,,,,,,,,,,,,,,,,,,,,,,,,,,,,,,,,,,,,,,,,,,,,,,,,,,,,,,,,,,,,,,,,,,,,,,,,,,,,,,,,,,,,,,,,,,,,,,,,,,,,,,,,,,,,,,,,,,,,,,,,,,,,,,,,,,,,,,,,,,,,,,,,,,,,,,,,,,,,,,,,,,,,,,,,,,,,,,,,,,,,,,,,,,,,,,,,,,,,,,,,,,,,,,,,,,,,,,,,,,,,,,,,,,,,,,,,,,,,,,,,,,,,,,,,,,,,,,,,,,,,,,,,,,,,,,,,,,,,,,,,,,,,,,,,,,,,,,,,,,,,,,,,,,,,,,,,,,,,,,,,,,,,,,,,,,,,,,,,,,,,,,,,,,,,,,,,,,,,,,,,,,,,,,,,,,,,,,,,,,,,,,,,,,,,,,,
ヤ,0.94775128364563,0.1173724234104156,1.316642999649048,-0.5017281174659729,-0.3689460754394531,0.3773109018802643,0.4919061958789825,0.0218652542680501,-0.6701852083206177,-0.388258546590805,0.4110503494739532,-0.6082220673561096,-0.2239027321338653,0.0021396484225988,0.4486876428127289,0.3260857462882995,0.1396327167749405,-0.0580708682537078,0.3864803910255432,-0.1840185970067978,-1.441098928451538,0.0032129483297467,-0.1135340332984924,0.4907000064849853,0.2903238534927368,-0.8052024245262146,-0.3805024921894073,0.2174103260040283,0.2277310788631439,-0.2582508325576782,-0.3997667729854584,0.0307863522320985,-0.3034184873104095,0.310472309589386,-0.8150948882102966,0.2950322329998016,-0.0864204242825508,-0.2391212731599807,0.5467090606689453,-0.2346615642309188,-0.5092453956604004,-0.3651424646377563,-0.2458496540784835,0.0250484980642795,-0.3836399614810943,0.4061118960380554,0.0486630946397781,0.3078769743442535,-0.197857454419136,-0.1264850795269012,-0.7915502190589905,0.5037461519241333,0.3707227408885956,0.2529644966125488,0.1934338510036468,-0.0269999038428068,0.8813539147377014,-0.9821504950523376,0.0848774835467338,0.1988138705492019,-0.1543801575899124,-0.4489288032054901,0.9525756239891052,-0.3061911761760711,-0.3852879405021667,0.0061098528094589,0.0189868658781051,-0.0998372137546539,0.8140808343887329,-0.4873258769512176,0.344953715801239,0.3151622116565704,0.0310182385146617,-0.5907379984855652,0.4138426184654236,-0.1672213524580001,0.1089688837528228,0.5058535933494568,-0.0674997791647911,-0.1316648423671722,0.3448272049427032,0.3038579821586609,0.2079891711473465,-0.2796406745910644,-0.4777310490608215,0.2567661702632904,-0.5231646299362183,-0.9273645281791688,0.4415215253829956,-0.2925563752651214,-0.0538848489522933,-0.1175196319818496,0.0734923109412193,0.116525687277317,0.461976557970047,0.0889632403850555,0.0371655523777008,0.0148884756490588,-0.4289518296718597,0.0856628566980362,-0.0710574984550476,0.0444853976368904,0.2986475825309753,-0.3397004306316376,0.2647976279258728,0.0749158188700676,-0.730405330657959,0.1759262084960937,0.2143139243125915,0.3802367448806762,-0.4679342806339264,-0.4221651256084442,-0.4808670282363891,-0.1362127810716629,0.4291914999485016,0.1207915768027305,-0.2129467129707336,0.3492516279220581,-0.1411748826503753,0.3885209858417511,0.0962946414947509,0.5547434687614441,0.002453860361129,-0.6714468598365784,-0.0555116161704063,0.7099156975746155,0.2608654201030731,-0.0216345302760601,-0.1543054282665252,-0.1704353094100952,-0.3158348202705383,-0.6510280966758728,-0.1548082381486892,-0.1528059840202331,-0.5972965955734253,0.4602174758911133,0.4048514664173126,-0.1352898031473159,0.01298972312361,-0.3717822134494781,-0.2705349326133728,0.0329854227602481,0.2751617133617401,-0.6006218194961548,0.3906432688236236,0.3406088054180145,-0.1427867263555526,-0.249962493777275,0.3837310671806335,0.2810518145561218,-0.0356912463903427,1.164789795875549,-0.8490410447120667,-0.0580755434930324,0.0007221431005746,0.4262295961380005,-0.9009002447128296,0.0691477507352829,0.4668187797069549,0.0882570445537567,0.4764738082885742,-0.2750900983810425,0.307360976934433,0.5119200348854065,0.3010843992233276,0.0418198630213737,0.199328139424324,-0.5934155583381653,-0.118900716304779,0.5268049240112305,0.4574305117130279,0.1648199558258056,0.4366768896579742,-0.1795542389154434,-0.2995133399963379,0.0599355995655059,1.3210430145263672,0.131308764219284,0.0058595780283212,-0.256692498922348,-0.1045788750052452,0.2693543136119842,0.3183890581130981,-0.4795559644699096,0.6003872156143188,-0.2974226176738739,0.4243681728839874,-0.0432594530284404,-0.2643187344074249,0.5357442498207092,-0.3717144131660461,-0.3282507956027984,0.4468185007572174,-0.4659784436225891,-0.2205624282360077,-0.6311503648757935,0.4972507357597351,0.1096862480044364,-0.676611602306366,0.43205526471138,0.1878221333026886,-0.307574450969696,-0.3271284997463226,-0.7429347634315491,-1.220770239830017,0.0458682365715503,0.1548320353031158,0.5692897439002991,0.0996578186750412,0.9358232617378236,-0.291261225938797,-0.1989966928958892,0.505968451499939,-0.0285303425043821,0.2987140119075775,-0.1682867109775543,-0.2884151935577392,-0.2473891228437423,0.0228896476328372,-0.466551810503006,0.2314996421337127,-0.400771826505661,0.1380075365304947,-0.0144428480416536,0.3250759243965149,0.6879263520240784,0.1789769679307937,-0.6184269785881042,-0.6871395111083984,0.1771272420883178,-0.892789363861084,-0.6030214428901672,-0.5983490347862244,0.0452367588877677,-0.5100491642951965,-0.7107734680175781,-0.2551888823509216,-0.026628665626049,-0.5758002996444702,0.704792857170105,-0.0401472933590412,-0.114395648241043,0.6105135679244995,-0.4791110157966614,-0.0474183745682239,0.5495051145553589,-0.15192811191082,0.2451046854257583,-0.2010300308465957,0.2171190977096557,-0.2154427766799926,-0.5596016049385071,0.028937442228198,-0.2809703946113586,0.6423804759979248,0.5641977190971375,0.8400527834892273,-0.6789668798446655,0.1634413748979568,-0.5081506371498108,-0.0548935942351818,-0.5110361576080322,0.0243724826723337,0.1101577505469322,0.1049648597836494,0.0590368285775184,-0.240217238664627,-0.2351835221052169,-0.3948086500167846,-0.7827419638633728,0.2921999990940094,-0.2143639326095581,-0.047423243522644,-0.3720040321350097,0.3671428561210632,0.0217059925198555,-0.5039645433425903,0.1623114049434662,-0.2507314085960388,-0.0461698547005653,-0.3694636821746826,0.4463103413581848,-0.6066151261329651,-0.2029113918542862,0.1732631921768188,0.203907236456871,-0.9895160794258118,0.1389112919569015,-0.3708057999610901,0.9550499320030212,0.6655372381210327,-0.6939769387245178,-0.1571587920188903,0.2295770496129989,-0.6140111088752747,0.1697186976671219,0.5241615772247314,-0.0134373940527439,0.682406485080719,0.1465516537427902,0.2888729572296142,0.8239008188247681,0.5796137452125549,0.104454219341278,-0.1271654665470123,-0.7269355654716492,-0.1870091557502746,0.3391287624835968,0.3795760869979858,0.1182256489992141,0.2604843080043793,0.9113913178443908,-0.5377025008201599,0.5646450519561768,0.8851120471954346,0.5391872525215149,-2.0579376220703125,-0.3423119783401489,0.5832024812698364,-0.0151042584329843,-0.759589672088623,-0.352277398109436,0.8209034204483032,0.5071016550064087,-0.2414571046829223,-0.6187499761581421,1.1440473794937134,0.3295051455497741,0.0613541863858699,-0.5434368252754211,0.095176100730896,-0.1873257756233215,-0.0404492057859897,-0.8191483616828918,0.3445096909999847,0.4255690574645996,-0.1087922528386116,-0.1732247322797775,0.076923944056034,-0.4785624742507934,-0.1412923783063888,0.2171568721532821,-0.8158102035522461,0.2320639044046402,-0.6630445122718811,-0.2896499931812286,-0.0403202250599861,0.8874858617782593,1.1063432693481443,0.1701773256063461,-0.9401575326919556,-0.6442153453826904,-0.646077036857605,-0.4406172633171081,0.0831818357110023,-0.352849394083023,-0.1805536746978759,-0.1730049401521682,0.3338890075683594,0.0542619936168193,0.1992109417915344,-0.5232218503952026,-0.2501255571842193,0.2529046535491943,-0.0438087508082389,0.5353254079818726,0.5611822009086609,0.1756169497966766,0.0674798414111137,0.4569131135940552,0.9648536443710328,0.3380883932113647,-0.0676516517996788,-0.7464489340782166,-0.1506033986806869,-0.5722528100013733,0.0340136066079139,-0.3090834021568298,-0.5844908952713013,0.6671366095542908,-0.4323138296604156,0.1775268465280532,-0.0575160570442676,-0.9385984539985656,0.2538460493087768,-0.3838684260845184,-0.2186372429132461,0.0112544456496834,0.196266770362854,-0.3066014051437378,1.3264989852905271,0.1582959592342376,0.5031972527503967,-0.4307092130184173,-1.043001651763916,0.3582607805728912,-0.2118205726146698,-0.0313922427594661,0.2178775519132614,0.1842791885137558,-0.2083347290754318,0.0049079498276114,-0.2088428288698196,-0.6047078371047974,-0.4797363579273224,-0.1741552203893661,-0.9646405577659608,-0.2052225023508072,-0.2893185615539551,0.5923017859458923,-0.2895740270614624,-0.0549882315099239,0.017693543806672,0.0998245403170585,-0.3994168639183044,-0.2871818542480469,-0.2183968126773834,0.3670180737972259,0.449763685464859,0.7569015026092529,0.2775266170501709,0.100539244711399,0.6747692227363586,-0.1866916567087173,0.3235169649124145,-0.274396151304245,-0.7075938582420349,-0.2073723673820495,0.9112719297409058,-0.5465337038040161,0.1461365669965744,0.1712982654571533,-0.089333675801754,0.4763753116130829,-0.3569649457931518,-0.927865505218506,0.4841615855693817,0.1008836925029754,0.2577694058418274,0.6376024484634399,0.4233948886394501,0.7172957062721252,0.5495918989181519,-0.0622022002935409,-0.2784615755081177,-0.0844631493091583,-0.2208123058080673,-0.1920157223939895,0.2061384171247482,-0.0982237234711647,0.3029255270957947,0.7171321511268616,0.3947082757949829,0.4324597120285034,0.7188161015510559,0.3858940899372101,-0.389268547296524,0.4747753441333771,0.1348943561315536,-0.0557727143168449,-0.1109421402215957,0.6605849862098694,-0.4082896709442138,0.3907800912857055,0.2065702229738235,-0.1813705563545227,0.5817940831184387,-0.0977762266993522,0.9398486018180848,-1.043189287185669,-0.5832615494728088,-0.626889705657959,-0.5796219706535339,-0.0027964443434029,-0.5658192038536072,-0.140582799911499,0.5280356407165527,-0.1176932230591774,-0.7761464715003967,0.0638950690627098,0.658113420009613,0.3885479569435119,-0.0449090227484703,-0.316041499376297,-0.2585292458534241,0.0431951954960823,-0.6868218779563904,-0.6616407632827759,0.1958622634410858,-0.1964258998632431,-0.4787997007369995,-0.8861027956008911,0.0074130594730377,-0.0103164622560143,0.6298323273658752,-0.4494985342025757,0.3327707946300506,0.2238941490650177,-0.4960865080356598,-0.2365241199731826,-0.3849330842494964,-0.2110832780599594,-0.3559989929199219,-0.331271082162857,-0.4221368730068207,-0.3721031844615936,0.1870522201061248,0.749828577041626,0.57932448387146,0.004015265032649,0.0753402188420295,0.4891727864742279,0.1869558990001678,-0.3290881514549255,0.0347938127815723,-0.459599882364273,-0.2827969193458557,-0.5156644582748413,-0.0107354875653982,-0.2543314099311828,0.0082873171195387,-0.2837506830692291,-1.1472055912017822,-0.5756711959838867,0.1146640032529831,-0.9890586137771606,0.336430937051773,-0.0570718497037887,0.6087896823883057,-0.8617693781852722,-0.0427790880203247,-0.2551881670951843,0.0427073463797569,-0.2691774070262909,0.5126655101776123,-0.3629481494426727,-0.8731046915054321,-0.0752403512597084,0.1398470252752304,-0.7469031810760498,1.3227258920669556,0.2702732980251312,-0.4243772029876709,0.3200898766517639,0.5918201208114624,0.3543504774570465,-0.4506686329841614,-0.0404456704854965,-0.1937918663024902,0.5224626660346985,0.1898347586393356,-0.4154056012630462,0.3864432871341705,-0.0893473774194717,-0.0332515574991703,0.0741094127297401,0.6888866424560547,0.1676843911409378,0.5645897388458252,0.6759856343269348,-0.7002256512641907,-0.0219210609793663,-0.56084144115448,0.0903962925076484,-0.0203517600893974,0.631005585193634,-0.5794175863265991,0.6931965947151184,0.4330489933490753,-0.6122232675552368,0.349486380815506,1.2386590242385864,-0.0071687996387481,0.9920008778572084,0.0020759857725352,0.1580575108528137,-0.4173475503921509,0.1612988859415054,0.4689893424510956,0.0249490030109882,0.3048522174358368,0.2278130501508712,-0.1708904802799224,-0.3457862734794616,0.4413183033466339,-0.1777487695217132,-0.3387014269828796,0.313405692577362,0.2557193040847778,-0.1922087222337722,0.860644519329071,0.431912362575531,0.4420181214809418,-0.1252801269292831,0.3504112660884857,0.6421331763267517,0.9770622849464417,0.0562372133135795,0.3010036945343017,-0.3268188238143921,-0.4130631685256958,0.4183343350887298,-0.0179550610482692,-0.1114342436194419,0.6509515643119812,-0.406890869140625,-0.3417459428310394,0.4774061441421509,0.3182330131530761,0.262900561094284,-0.178569346666336,-0.8125022053718567,0.0593070238828659,-0.2837048768997192,-0.0981518253684043,0.0321839228272438,0.1914244890213012,0.7979729175567627,0.3160221874713897,0.1596185564994812,0.2733621001243591,0.9783291220664978,-0.1242507174611091,-0.2472241073846817,0.0416438691318035,-0.0171143263578414,0.2451831698417663,0.0873798877000808,0.7011855244636536,-0.0443194583058357,-0.1437614411115646,0.6608770489692688,-0.2220726907253265,0.1619366407394409,-0.1955505609512329,0.3790335357189178,-0.0452921874821186,0.0818844512104988,0.1042823195457458,-0.1087192669510841,-0.0591908395290374,-0.2640201151371002,-0.9510142207145692,0.1158906146883964,0.2073425948619842,0.2250636368989944,-0.5712059140205383,0.1429078429937362,-0.4892480671405792,-0.5565018057823181,-0.193626195192337,0.5225298404693604,-1.1462353467941284,-0.7008061408996582,0.7900848388671875,0.0378482453525066,-0.4938881397247314,-1.2737497091293335,0.7529394626617432,0.4563989341259002,0.3972026407718658,0.1368719339370727,0.1930549144744873,-0.0734303593635559,-0.1710683703422546,-0.1105351075530052,-0.4500059485435486,-0.5432879328727722,-9.694493293762209,0.31403648853302,-0.2052793651819229,-0.4329672157764435,-0.1198763623833656,-0.4910621047019958,1.1029752492904663,0.922713577747345,-0.4386252164840698,0.6169313192367554,-0.3877057433128357,0.00970895960927,0.2820572555065155,0.2625912129878998,-0.2348571419715881,-0.0952555835247039,-0.6197619438171387,0.277277410030365,-0.0588202476501464,0.010323042050004,-0.6390373110771179,-0.2990011870861053,0.6788322925567627,0.126068577170372,0.4451174139976501,-0.4278421401977539,-0.1202281489968299,0.2633188664913177,0.3067159652709961,0.3486003875732422,-1.0898029804229736,0.4777397215366363,-0.0891677439212799,0.2930540442466736,-0.2903353869915008,0.4414325952529907,0.0791541188955307,0.4572458863258362,-0.1976640820503235,0.50599205493927,0.3323367834091186,0.1710262447595596,-0.1237399354577064,-0.140757605433464,0.3802380263805389,-0.1309256106615066,0.0007667838362976,0.2207339704036712,0.7491353750228882,-0.359279453754425,-0.4368247389793396,0.1314577311277389,0.3515811562538147,-0.3438516855239868,0.4336209297180176,0.0727652162313461,0.4582828879356384,-0.7198010087013245,0.1200947016477584,0.1198674142360687,0.4687196314334869,0.4256715178489685,0.4933706521987915,0.7920346856117249,-0.0918520241975784,0.5673166513442993,0.0178303513675928,0.1608434319496154,-1.1328779458999634,-0.1149405762553215,0.3954378068447113,0.2839181423187256,0.2034425586462021,0.1563435494899749,0.0008231900865212,0.0548231825232505,-0.1990682482719421,0.2183517217636108,-0.0294011756777763,0.144124150276184,0.3941380977630615,-0.4038606286048889,-0.1983039677143097,0.4366379678249359,-0.7118498682975769,0.3044184446334839,0.2141147553920745,-0.3410414457321167,0.3150749802589416,-0.5044310092926025,0.6409334540367126,-0.0832193717360496,-0.5852536559104919,0.6678462028503418,0.3726235628128052,-0.3012545704841614,-0.4017639458179474,-0.36842742562294,0.3341236114501953,-0.585013210773468,-0.96446675,-0.96304464,0.51796764,1.7552496,-0.9489856,-0.17914177,-1.3564543,0.60345966,1.5159172,-0.604399,0.8219176,0.20667826,-1.2978715,2.2923949,-0.6404865,-0.658716,0.95173335,-1.233414,0.6853885,-0.6584775,0.66683525,-0.055815343,0.6011372,-0.7351729,0.63694215,0.87600476,0.49115422,-0.7443011,-0.85143644,-0.41866735,0.23816188,-0.5456283,-0.655069,-1.0735291,0.2527515,-1.4219599,-1.3177257,1.0156112,0.007824351,-0.44707695,-0.6055083,0.5589412,-0.3426955,-0.17266203,-0.75717807,-0.093017556,1.8001289,-0.3800021,0.74473566,-0.5504953,-0.59483606,-0.5216865,0.5663271,1.4965426,0.8726774,-0.39301217,0.64471,0.978271,0.07419291,-0.64727503,0.5755724,1.2020067,-0.96864146,0.3490449,0.6753419,1.2835647,-0.22188915,-0.32913825,-0.18721442,-0.25074348,-2.1421978,-0.99764943,-0.006717021,1.1782526,-1.2810596,0.708487,0.1457804,-0.31320688,0.40018,0.30275893,0.32456517,0.16563766,-0.95837355,1.4838663,-0.48538432,-0.5844571,-0.90847826,-0.30433896,-1.2959937,-0.21442078,-0.39697906,-1.4604908,-1.4172474,-1.346824,0.9491767,-0.06307635,-0.5673961,-0.3330598,-1.2869827,-0.09538111,-0.31008574,1.4097949,-0.23822053,-0.32054874,-0.9060746,-0.13930981,-0.7335108,-0.32415298,-0.5090171,1.2023029,-0.31856894,0.49936068,0.70220155,1.562838,1.0305879,1.391479,-0.92764944,-0.44767308,0.03387022,-0.10432493,1.5250365,0.25996876,-0.77563053,0.23701118,0.67448926,1.1061305,0.3189998,-0.83541465,0.32898703,0.15979354,0.7336736,-0.42278075,1.8081083,0.8138884,-1.154833,-0.64508766,-0.5628166,-0.39103994,1.0718287,-0.892941,-0.4233375,0.2093891,-0.0858664,-0.31097016,0.5079406,-1.489839,-0.1874191,0.7117369,1.1400197,0.087242804,-0.10089313,0.08315519,-1.3828498,0.508374,1.0438689,0.11516438,0.13141759,-0.20428102,-1.393236,0.9338055,0.28695306,1.369403,-0.53851074,0.29606104,0.28475797,0.789777,-0.5535969,1.0022839,-1.300249,-2.0156465,-0.6774803,0.054124758,0.2157532,-0.054585457,0.55468637,-0.47131243,0.64648867,0.16374636,-0.94578934,-0.02539494,0.58319354,0.918762,-0.015313543,1.3216038,-0.19963568,0.46226147,1.2579001,0.7912285,0.13205011,0.27373132,0.6742728,-0.69967157,0.8556547,1.0136758,1.3651538,3.0610812,0.9129756,-1.4109007,-1.3716167,1.0624174,-2.1982627,-0.58538,0.7563896,-0.9924945,1.614573,-0.6318136,-0.9888355,1.6142035,0.45350596,0.1181882,-1.3289717,-0.9016108,0.55324143,0.3729845,-0.54132533,0.011128555,-0.7561894,0.6847952,-0.48269215,-0.13598946,0.7526741,0.5796046,-0.06111136,1.716338,-1.0813111,0.72544223,0.55130976,0.40578386,0.14010017,0.6626304,-1.44549,0.08380749,0.7303025,0.03734207,-0.43635908,0.16122743,-0.17909575,0.66577274,-0.30362913,0.25039873,0.26071143,-0.5700418,0.41580024,-0.087040864,0.5343655,0.5526802,1.5623394,0.3825039,-1.5595592,-0.3353455,0.38026142,0.65439314,0.18849309,-0.054869574,0.48477206,0.7420462,-0.23944491,0.50007516,-0.34231642,-0.2122281,0.1241248,0.41098073,-0.35464776,0.57662153,0.17314701,-0.56551,-0.4124858,0.054118168,0.2627016,-0.9529497,-0.80133367,-0.81705093,-0.7563754,0.25732586,-0.07215362,0.3766106,-0.94015884,-0.55491525,-0.5439202,0.23608744,0.4653739,-1.7267432,-0.7938695,0.08564818,-0.8297872,0.579813,-0.3475208,-0.28882167,0.042723287,0.65600747,-1.8676411,1.4933828,-0.17622806,1.402366,1.6431552,0.34442988,1.5580158,-0.54155046,0.426324,-0.6247919,0.59157604,0.4501525,-1.8035759,0.44946966,-0.10203072,-0.39040413,0.8654086,-1.5217533,-0.37426734,-0.6823793,0.36663556,-0.24102627,-0.9954234,1.7181287,-2.241658,1.3380256,-1.6839405,-0.4689423,-0.23185848,-0.9530859,-1.4905611,1.104962,0.35707495,0.038011733,0.3008767,0.036322247,0.031148603,0.31853476,0.06701795,0.5679867,-0.5088636,0.5523388,-0.62601995,-1.3961948,0.11117021,0.88565874,-1.308191,-1.4943885,-1.6952063,-0.85969806,0.58129007,0.11185812,0.07720494,0.6809128,0.08688527,0.569935,-0.7914726,-0.35254014,0.0963485,-0.98307925,1.0832888,-0.13315731,1.5726523,-0.61671025,-0.31941727,0.8543408,-1.1548204,-0.47010216,-0.86667776,1.3910798,0.95496655,-0.08812203,0.39523044,0.38437605,-0.3347483,-0.9874199,0.9056518,-0.013212343,1.5478969,0.17044209,-0.34564516,1.8916893,0.03997399,0.52091455,-0.3023743,-0.4228749,1.4879557,0.23882556,-0.28400788,-0.2848439,-0.23881646,-0.2594887,0.38657746,0.5541523,0.07751433,-0.0022741223,0.8060537,0.79213715,-0.5753075,-0.8909134,-0.10738265,0.8690049,0.7170134,1.5191678,1.6201628,-0.19807625,-0.8649718,-1.7697498,0.21216261,1.2557124,0.175223,0.5731581,-1.6300453,-0.0370629,0.37138143,-0.2139103,-1.2118914,-2.1024835,2.032855,0.93463105,0.73995155,1.6046114,-0.78621405,-1.4951524,-1.1354198,0.36421776,0.18791308,-0.9721691,-0.72794294,1.1625633,-0.43703088,0.7973049,0.25669834,0.4311004,-0.561207,-0.09873798,0.7943091,0.14744382,-1.073143,-0.23514931,0.1531676,0.4889783,-1.5400971,-0.61240923,0.4266045,-1.6042032,0.56110865,-0.27168676,-0.2074337,-0.081026495,-0.68505144,-0.63078934,-0.8755558,-0.26686177,-0.8988655,-0.9924274,0.8550764,-1.271966,-1.316405,0.9909536,1.5007106,-1.4036766,0.56421643,0.41734073,0.47122195,0.86175466,-0.29824722,-0.3014621,0.27911475,-0.6467287,-0.15597634,-0.730443,-1.1201701,-0.47931823,0.33529797,-0.93299717,-1.2379837,0.99289626,1.1840372,-2.1870892,-0.79880047,-0.3132991,-0.6815447,1.1568435,0.9566798,0.21000944,-0.5733618,-0.6848785,-0.29653072,0.25777197,1.1291414,0.14603348,-0.60756356,0.1829567,0.060739327,0.08938416,1.2232765,-0.032954514,0.8228138,0.7724908,0.1488967,-0.67284673,0.7116745,0.3197048,-0.29989514,0.8266487,-1.7892028,-0.53944504,1.3291442,-0.7147121,-0.9843376,0.08216667,0.33293346,-0.84963864,0.42054844,0.29349816,1.285706,1.3355185,0.6826728,1.6756216,-0.3723959,-0.5546437,-0.52360344,0.85646963,-1.1934222,-0.62749845,0.41614845,0.598434,2.04513,-0.09612271,0.018567665,0.47329974,-0.92620564,-1.2258099,0.63308066,0.11695341,-0.34733328,-0.97706246,-0.35990536,-0.9674421,0.6351308,-1.8645269,-0.3260288,0.612546,0.8345168,0.02015168,0.2162689,0.6247526,0.5968267,-0.82769495,0.20098758,0.7044906,1.5746273,-0.045089632,-0.9178075,0.4470882,-0.06473427,-1.8259611,0.10804232,-1.2063931,-0.5497842,0.3747644,-0.41969132,-0.038827755,-0.84714943,-0.5320836,1.3771725,0.058255922,-0.36499706,0.7663408,-1.6142435,1.7454948,0.25851652,-0.051046122,1.0977789,0.78270394,-1.3484159,0.64649564,-1.3065385,0.19213088,-0.8685522,0.42404807,0.97628385,0.3704743,-0.68442243,1.5474685,-0.5716372,0.27798364,0.08654127,0.577071,-0.25951684,-0.18373114,-2.0394342,1.303425,-1.049015,-1.0839037,-0.49813008,0.37453088,-0.3405751,0.04457663,-0.22707073,0.06831875,0.38226235,-1.2401919,0.68121314,1.8883214,-1.0283804,-0.9873285,0.4980543,0.41840005,-0.4845213,-0.10090936,2.3357775,0.2677928,0.7524054,-1.3432512,-0.16496192,0.4352089,-0.39388764,-0.88034296,-0.045602735,-0.22678064,-0.055109646,0.20234366,-0.41586146,0.49513212,-1.557506,0.16463508,0.94083446,-0.92339736,-0.170785,0.11913022,-0.32254052,-1.1452996,-1.2956685,0.7938261,1.1484443,-0.2577174,0.22821009,0.5302306,1.6343557,1.060831,0.09502698,-0.48490003,0.6079977,0.71189505,0.8381197,-0.8955226,-1.453756,0.58789074,1.0967299,-0.9741613,0.46402553,-0.24476515,0.20055032,-1.5263861,1.3108546,0.32707772,0.17193688,1.6975573,0.2656288,-0.42150465,0.70508164,-0.17732935,0.17264609,-0.6869866,0.13635679,-0.007609602,-0.24619143,-0.4839952,-0.34490094,-1.1085259,0.47089562,0.16731854,0.41260424,-1.7439655,0.47582462,0.06782661,0.67220426,0.23132391,-0.17606468,-1.0272495,-0.8101657,-0.84785515,1.6117616,1.0050284,-0.11959324,-1.6915966,-0.1780911,1.1741468,0.70389605,-0.63986397,0.07408446,0.31418923,-0.7283802,-0.24786466,-1.3823614,-0.37493694,0.5384556,0.5837081,-0.9303495,1.1296204,-1.5510386,0.42770252,-0.17361498,-1.1692305,-0.07132466,0.32011545,-0.6598901,1.6849788,0.96841544,-0.06668839,0.037333813,1.0928792,0.8836073,0.26992953,-0.40616572,-1.5085229,1.3093201,1.1653829,0.21444744,-0.97226524,-0.22485624,0.20178662,-0.6128967,1.8283682,-0.6469928,-0.3464286,-0.5579982,-0.12939413,-1.0006344,-0.7850172,-0.77347535,-0.24140932,-0.96310806,0.348313,-0.6687391,-0.06225835,0.4778904,-0.7941031,0.0472391,-0.074204825,0.9368608,0.9242699,0.52451557,0.27658078,-0.5300816,-0.3546219,-0.9194839,-0.863842,0.73625594,-0.64422137,-0.11163759,0.06746626,0.7796958,1.6518451,0.396957,-0.7874891,0.6245197,0.26542187,0.3196946,0.2821925,-0.53785235,-0.30634657,0.372553,0.07292696,0.9079469,-1.5236899,-0.8650674,-0.29835138,0.9293453,0.51741,0.6732759,0.37006882,0.35587788,1.4430318,0.24552763,0.31731203,,,,,,,,,,,,,,,,,,,,,,,,,,,,,,,,,,,,,,,,,,,,,,,,,,,,,,,,,,,,,,,,,,,,,,,,,,,,,,,,,,,,,,,,,,,,,,,,,,,,,,,,,,,,,,,,,,,,,,,,,,,,,,,,,,,,,,,,,,,,,,,,,,,,,,,,,,,,,,,,,,,,,,,,,,,,,,,,,,,,,,,,,,,,,,,,,,,,,,,,,,,,,,,,,,,,,,,,,,,,,,,,,,,,,,,,,,,,,,,,,,,,,,,,,,,,,,,,,,,,,,,,,,,,,,,,,,,,,,,,,,,,,,,,,,,,,,,,,,,,,,,,,,,,,,,,,,,,,,,,,,,,,,,,,,,,,,,,,,,,,,,,,,,,,,,,,,,,,,,,,,,,,,,,,,,,,,,,,,,,,,,,,,,,,,,,,,,,,,,,,,,,,,,,,,,,,,,,,,,,,,,,,,,,,,,,,,,,,,,,,,,,,,,,,,,,,,,,,,,,,,,,,,,,,,,,,,,,,,,,,,,,,,,,,,,,,,,,,,,,,,,,,,,,,,,,,,,,,,,,,,,,,,,,,,,,,,,,,,,,,,,,,,,,,,,,,,,,,,,,,,,,,,,,,,,,,,,,,,,,,,,,,,,,,,,,,,,,,,,,,,,,,,,,,,,,,,,,,,,,,,,,,,,,,,,,,,,,,,,,,,,,,,,,,,,,,,,,,,,,,,,,,,,,,,,,,,,,,,,,,,,,,,,,,,,,,,,,,,,,,,,,,,,,,,,,,,,,,,,,,,,,,,,,,,,,,,,,,,,,,,,,,,,,,,,,,,,,,,,,,,,,,,,,,
ク,0.2601964771747589,0.7716675400733948,1.1591545343399048,-0.2490427196025848,0.6242895722389221,0.5124413371086121,0.2772069573402405,0.0134479375556111,-0.6325500011444092,-0.3895764648914337,0.5369018912315369,-0.404379665851593,-0.396104484796524,-0.0910567492246627,0.0537040866911411,-0.2777827978134155,-0.3012771606445312,-0.4784837365150451,0.0834780931472778,-0.1909854412078857,-0.834200382232666,-0.4679176807403564,-0.5020633339881897,0.9456928372383118,0.210563376545906,-0.6258668899536133,-0.1731959581375122,0.2517300546169281,0.5088326334953308,-0.4245054423809051,-0.1459442377090454,-0.0404359847307205,0.167103886604309,0.1442810446023941,-0.6581206917762756,0.2515282332897186,-0.078828826546669,-0.1900695413351059,0.4837754368782043,0.5080987215042114,0.2041688114404678,-0.4527918398380279,-0.1881830841302871,0.2095185965299606,-0.2644474804401397,0.6208105087280273,0.2297912985086441,0.1752271950244903,-0.0829321965575218,-0.6430364847183228,0.0122299417853355,0.3860097825527191,0.2557885944843292,0.3050517439842224,0.1449098736047744,-0.4554262459278106,0.76121985912323,-1.0294541120529177,-0.4803099632263183,0.7949559688568115,-0.7316218018531799,0.0513282716274261,-0.211315244436264,0.1320650577545166,-0.6685051918029785,0.2892091274261474,-0.0587130486965179,-0.5324853658676147,-0.0773560255765914,-0.4111736416816711,0.7183042764663696,-0.196817085146904,-0.096265472471714,-0.5998209118843079,0.93379145860672,-0.5390411019325256,0.182269811630249,0.3392490744590759,0.1852248162031173,0.0401392988860607,0.0288879070430994,0.3593163788318634,0.4713896214962005,-0.3885548114776611,-0.1484255343675613,0.1462392359972,-0.8089075684547424,-0.9694101810455322,0.6656703352928162,-0.0196126922965049,0.0164390243589878,0.0429009683430194,-0.4784901738166809,0.0878115370869636,1.0273886919021606,0.1293212920427322,0.3397265076637268,-0.3997782170772552,0.1173193231225013,0.4924879968166351,-0.2667233347892761,0.141569048166275,-0.3211722671985626,-0.3361550867557525,-0.0384912230074405,-0.0882785022258758,-0.5779410600662231,0.1522940099239349,0.2696743011474609,0.3354161381721496,-0.3325579464435577,-1.02678644657135,-0.5031058192253113,-0.2538363933563232,0.7983214259147644,0.064379945397377,-0.8851882815361023,0.3565098345279693,-0.8110129237174988,0.2155167758464813,-0.101303294301033,0.1714270114898681,-0.3548565506935119,-0.6919399499893188,-0.0187597312033176,0.1371993273496627,0.3809421360492706,-0.4754588901996612,-0.1685718446969986,-0.7141278386116028,-0.7252212166786194,-0.4962208867073059,-0.6804234385490417,0.3396865129470825,-0.6469278335571289,0.9907531142234802,-0.012185076251626,0.1518786996603012,0.0980211049318313,-0.4145057201385498,-0.8676518201828003,0.028614692389965,0.415253221988678,-0.6418198347091675,-0.0138866323977708,0.2562667727470398,0.0787621960043907,-0.1174865067005157,0.4666122198104858,0.1274997740983963,-0.0092818271368741,1.069156527519226,-0.7106303572654724,0.1170868948101997,0.5021846294403076,0.2519029676914215,-0.4767220020294189,0.4217033684253692,0.3188081383705139,0.416269987821579,0.325423926115036,-0.0251908022910356,-0.3737809658050537,0.6916077733039856,0.3371544182300567,0.4900538027286529,0.5342527627944946,-0.029758570715785,-0.0911524444818496,0.3343603610992431,0.327062726020813,-0.0391871556639671,0.2242729663848877,0.0260772313922643,-0.2710334062576294,0.0689779445528984,0.5183835625648499,-0.0916298180818557,0.0555247515439987,-1.153109073638916,-0.2775963246822357,0.1017253473401069,0.664962887763977,-0.6389026641845703,0.8360575437545776,0.0876204371452331,0.1322063654661178,0.3170809745788574,0.3774223029613495,-0.1905486434698104,-0.3846108913421631,-0.4603400230407715,0.6857805848121643,-0.5970818400382996,-0.4961616396903991,-0.1134495660662651,0.519355297088623,0.3193412125110626,-0.531963586807251,0.4343504309654236,0.4539114236831665,0.417395144701004,0.1000203788280487,-0.7704975008964539,-0.5926470756530762,-0.32489213347435,-0.1046395525336265,0.3545795977115631,0.4358235597610473,0.1672981679439544,-0.1975950747728347,0.1507244557142257,0.2212463915348053,0.3735207319259643,1.1885721683502195,0.2576204836368561,-1.0946272611618042,-0.3113104104995727,0.6799831390380859,-0.4022638201713562,0.4393674731254577,-0.6532114148139954,-0.4152394831180572,-0.1701459884643554,-0.0568780861794948,0.7398430705070496,0.4843018651008606,-0.7103230357170105,-0.1642018556594848,0.4482544660568237,-0.73977130651474,-0.7217811346054077,-0.3261362016201019,0.4184364974498749,-0.3652968108654022,-0.1917474865913391,-0.5450551509857178,0.0588369071483612,-1.1698850393295288,0.5660350322723389,-0.6710236668586731,-0.489876389503479,0.3795583844184875,-0.455694168806076,0.047511987388134,-0.1226101741194725,-0.4226889610290527,-0.4262320697307586,-0.574466347694397,-0.0452838689088821,-0.1623226404190063,-0.30068039894104,0.1425822079181671,-0.4819738268852234,0.6339452862739563,0.8741349577903748,0.4001090228557586,-0.0672254413366317,0.2557882070541382,-0.5253933072090149,-0.1784392446279525,-0.7809383869171143,-0.2096228152513504,-0.1427619755268097,0.1988403350114822,0.8017328977584839,0.1154204383492469,-0.1523918956518173,-1.1573235988616943,-0.3845580220222473,0.5947550535202026,-0.1391258686780929,-0.1822718828916549,0.2094863057136535,-0.2732803225517273,0.3066556751728058,-0.3466778099536896,1.1702228784561155,-0.1488174498081207,0.5596212148666382,-0.4773547649383545,0.8751404285430908,-1.0252439975738523,-0.2382192015647888,-0.2597119510173797,0.5175034999847412,-0.3037024140357971,-0.5819077491760254,-0.29946368932724,0.6067160964012146,0.9384274482727052,-0.5277605056762695,0.1936603337526321,-0.4492890238761902,-0.0376345366239547,0.2783607840538025,0.5022274851799011,0.0447737276554107,0.0464513227343559,0.0630439296364784,0.5367921590805054,0.3566792905330658,0.3203383386135101,-0.5047087073326111,0.209250271320343,-0.542144775390625,0.0340330973267555,0.3846865594387054,-0.2016554027795791,-0.3671661019325256,0.2500276267528534,0.6098120808601379,-0.6008380055427551,0.0378953218460083,1.3185583353042605,0.1704170256853103,-1.2425636053085327,0.1166798397898674,0.2197559624910354,0.6595691442489624,-0.7384922504425049,0.244466170668602,0.1448394656181335,0.6157307028770447,-0.6255227327346802,-0.6871852278709412,1.2810161113739014,0.4095411598682403,0.1444949656724929,0.1718177646398544,0.3210488855838775,-0.4711584746837616,0.156625211238861,-0.5008877515792847,0.3024103343486786,0.2653266191482544,-0.8699522614479065,-0.0663931593298912,-0.0814085379242897,-0.9160877466201782,-0.8883458375930786,0.4669428765773773,-0.2875518500804901,0.4959858059883117,-0.7722448110580444,-0.1440795511007309,0.6313294768333435,1.44879150390625,0.7459650039672852,0.6294519305229187,-1.0806553363800049,-0.3688786327838897,0.1754558384418487,-0.0657195597887039,-0.0338567830622196,-0.1755558550357818,0.2047699391841888,-0.2757882475852966,0.0618297010660171,-0.1674783378839492,0.3578948676586151,0.0502398274838924,-0.118345245718956,0.216492161154747,-0.2382357120513916,0.2444372624158859,0.355245977640152,-0.0294780675321817,0.2637642025947571,0.5592740774154663,1.1165114641189575,0.1100249662995338,-0.0190357360988855,-0.6459223628044128,-0.0345478244125843,-0.8436300158500671,0.3676209449768066,0.0651250481605529,-0.3253545463085174,0.478100061416626,0.0718282461166381,-0.3297016620635986,-0.04544423148036,-0.5062267780303955,0.0844847708940506,-0.401085615158081,-0.5096754431724548,0.3127480447292328,0.210587739944458,-0.0452464520931243,0.4976827800273895,0.4919727146625519,0.4291309118270874,-0.523398756980896,-0.943262815475464,0.3379921615123749,-0.242254227399826,0.0142103694379329,0.1511914730072021,0.3454184830188751,-0.5329079627990723,-0.1078366115689277,-0.5055347084999084,-0.4694585800170898,-0.5396525859832764,0.0290536303073167,-0.6770147681236267,0.0359861105680465,0.1319330632686615,0.7239803075790405,-0.6603553295135498,0.2532439529895782,-0.1373676359653473,0.1345330476760864,-0.3997921645641327,-0.7690853476524353,-0.2519575655460357,0.5198513865470886,0.231317862868309,0.5032919645309448,0.4875179529190063,-0.1256764382123947,0.5173438191413879,-0.1470139920711517,0.4803507328033447,0.6586858630180359,-0.3879271447658539,-0.3438239395618438,0.7232455611228943,-0.0787359699606895,0.4007488787174225,0.1852861642837524,0.2032687216997146,0.6855928301811218,-0.3868885636329651,-0.717055082321167,0.074904941022396,-0.2598093152046203,-0.4254417717456817,0.8187243938446045,0.823091447353363,0.4549587666988373,-0.3322716951370239,0.5208785533905029,0.1171120405197143,-0.2200700491666793,-0.1446550190448761,-0.7647825479507446,0.4552333652973175,0.1714992374181747,1.0670262575149536,0.8117987513542175,0.2606683373451233,-0.1066507846117019,0.2760120332241058,0.2933485507965088,-0.6363772749900818,0.3159745931625366,0.5018146634101868,-0.2125376611948013,-0.4411213994026184,0.4284920394420624,-0.4842215180397033,0.0177771355956792,0.4306398034095764,0.0011792115401476,0.5701517462730408,0.1190207153558731,0.2978163957595825,-0.9600476622581482,-0.5824791789054871,-0.8003200888633728,-0.7151087522506714,0.3547765910625458,-0.3095428347587585,-0.0058747273869812,0.5378076434135437,0.1719048023223877,-0.609015703201294,0.7108872532844543,0.0142351780086755,0.2613120675086975,0.1113084927201271,-1.254183292388916,-0.0623344928026199,0.4328422546386719,-0.5138615369796753,-0.5947858095169067,-0.1979426592588424,0.0750741437077522,-0.5794800519943237,-0.4515449702739715,0.502276599407196,-0.4556305408477783,0.1864230185747146,-0.3650542199611664,0.4559695422649383,-0.1440150737762451,-0.8318368792533875,-0.1599677205085754,-0.1752644330263137,-0.0415147617459297,-0.6440781950950623,-0.3740312457084656,-0.174108475446701,-0.1471574902534485,0.2328444868326187,0.5378982424736023,0.5309615731239319,-0.2830321788787842,0.5263422727584839,0.1691173166036605,0.6709350347518921,-0.5538651347160339,0.0076780337840318,-0.4527483284473419,-0.3908379077911377,-0.1000224575400352,0.8300713300704956,-0.0619895234704017,0.1634740829467773,0.1637341827154159,-1.0156677961349487,-0.6258406639099121,-0.096090592443943,-0.7745623588562012,0.5637669563293457,0.2982174456119537,1.096544623374939,-1.023145079612732,0.2118412405252456,-0.3168109655380249,0.3215086162090301,0.3137198090553283,0.2706270217895508,0.3078014254570007,-1.2697547674179075,-0.3488260209560394,-0.1986478269100189,-0.9023205637931824,1.3746393918991089,-0.0114572457969188,-0.6701784133911133,0.8007376790046692,0.9206933975219728,0.4087737500667572,-0.3795710206031799,-0.0217764172703027,-0.0964465960860252,0.0828632116317749,0.1047423258423805,-0.084023505449295,0.39506995677948,0.3740825951099396,-0.113686978816986,0.2499356269836425,0.1856027096509933,0.9281864166259766,0.5368247628211975,-0.1605207473039627,-0.1507079154253006,-0.3414604663848877,-0.4615748822689056,0.0012386603048071,-0.0776219367980957,0.3673667907714844,-1.0136717557907104,1.1397279500961304,0.5711464881896973,-0.2257633060216903,0.6361523270606995,0.8225521445274353,0.1151933073997497,0.8864908218383789,0.0629400238394737,-0.461571455001831,-0.4161486029624939,0.3115420043468475,0.370331734418869,0.5370334982872009,-0.3267718851566314,0.036059733480215,-0.5360196828842163,0.1437736898660659,0.7080637812614441,-0.2596994340419769,-0.057965625077486,0.0479259341955184,0.465667575597763,-0.329204112291336,0.6097540855407715,0.1795294284820556,-0.3872417509555816,0.0016755922697484,0.3521803319454193,0.9326184988021852,1.3803850412368774,0.1614990830421447,0.5338764786720276,-0.1915417611598968,-0.4733914136886596,0.0701276957988739,0.0329782329499721,0.1643308848142624,0.8213740587234497,-0.0189902111887931,-0.6164161562919617,0.7617213726043701,0.1765824258327484,0.1814892888069152,-0.3075031042098999,-0.7292532324790955,-0.1656290143728256,-0.1366206407546997,-0.6081900000572205,0.2079646438360214,0.5843433737754822,0.4702260494232178,-0.1506119072437286,-0.6722562909126282,-0.2116758525371551,0.5799766182899475,-0.0292512588202953,0.0126929972320795,0.2700232565402984,-0.4339153468608856,-0.0051264641806483,0.0901865363121032,0.3135825991630554,-0.3707472383975982,0.0541979558765888,0.1986272931098938,-0.6521261930465698,0.1681795269250869,-0.1146176382899284,0.7386447191238403,0.2633908689022064,-0.0481293015182018,0.2828205227851867,-0.8681786060333252,-0.4640745222568512,0.0413243658840656,-0.5055402517318726,0.1559618413448333,-0.2029827088117599,-0.6607381701469421,-0.5911625027656555,-0.3492030203342438,-0.8141156435012817,-0.3056051135063171,-0.1342716962099075,0.4944316446781158,-0.8597952723503113,-0.1580573618412017,0.1369164437055587,-0.0223080180585384,-0.4806141555309295,-1.4932730197906494,0.1740379333496093,0.2448061853647232,0.0447381138801574,0.610779345035553,-0.0147978896275162,0.1628817170858383,-0.1633743792772293,0.2247444838285446,-0.3936573565006256,-0.535556972026825,-9.42827606201172,0.0191608816385269,-0.4048793613910675,-0.6887878775596619,-0.2456473708152771,-1.073501706123352,1.009339690208435,1.07252037525177,-0.4291646778583526,0.3822269141674042,-0.034221276640892,0.0063276458531618,0.7398654222488403,0.3311055302619934,-0.066605195403099,-0.1160739436745643,-0.2623418867588043,0.0428433120250701,-0.4008525311946869,0.1412759572267532,-0.965386927127838,-0.2797446250915527,0.3088605403900146,-0.1534778475761413,0.2844469845294952,-0.4537075757980346,0.3943725228309631,0.1089145839214325,-0.0997073873877525,0.2902457416057586,-0.6193747520446777,0.3798222839832306,-0.1247166991233825,-0.036256406456232,-0.6955757737159729,0.6298542618751526,0.6800215244293213,-0.0690756812691688,-0.2167994678020477,0.5422770977020264,0.3447732031345367,0.6133348345756531,0.0427318476140499,-0.098197616636753,0.0867847725749015,-0.3296495676040649,0.4413673281669616,0.4500584602355957,0.6732885837554932,0.0353333428502082,0.0105393771082162,-0.63661128282547,0.1806047856807708,-0.435551255941391,0.291910707950592,-0.3821401596069336,0.4180054664611816,-0.495882511138916,0.2797812819480896,0.1087309792637825,0.4244888722896576,0.1696864366531372,0.8885639309883118,0.4118261337280273,-0.3509717881679535,1.145036697387695,-0.1696304827928543,-0.1659910678863525,-0.0380303487181663,-0.1433157920837402,0.0141743309795856,0.1369375139474868,-0.0312920100986957,0.3232018053531647,-0.291940301656723,0.3646182715892792,-0.0224745664745569,0.3830815553665161,0.2656103670597076,0.1135009080171585,0.503313422203064,-0.5484411120414734,0.1841158717870712,0.1809925884008407,-0.6599748730659485,0.286986231803894,0.5200598835945129,-0.4629605710506439,0.0247530192136764,-0.1957879662513733,0.847390353679657,-0.1782170534133911,-0.2313891351222992,-0.0086311353370547,0.0618851855397224,-0.5654031038284302,0.2221276611089706,0.6006233096122742,-0.1652425974607467,-0.5081158876419067,-0.6624603,-0.71364117,0.9387004,0.6493157,-1.6454226,-0.8152086,-1.4064683,0.39939117,1.3869706,0.14281988,0.1503133,-0.37724653,-1.2489762,2.174168,-0.6441032,0.63515824,0.7862177,-0.96893114,0.362067,-0.12406417,0.6104029,0.31879836,0.58462656,-0.9973009,1.0757478,0.8598625,0.6378362,-0.2233148,-0.81780607,-1.0542666,0.2885923,-0.937947,-1.2864356,-0.17559631,0.106957756,-1.0086491,-1.5217968,1.476653,-0.22620803,-0.7690606,-0.83045506,1.5685178,0.021727318,0.11581397,-0.76486176,-0.0045385757,1.9052655,-0.45220605,0.34346417,-0.11842173,-1.3121463,-0.67678523,0.71085507,0.921434,0.14717568,-0.54909736,1.3248088,0.9303977,-0.40580547,-0.48893228,0.22473426,0.6943156,-1.0208386,-0.5454497,0.090666436,0.21531618,-0.5345619,0.10205921,0.09464344,-0.11801035,-2.5031414,-1.7721806,0.39924666,1.8270396,-1.7780393,0.1279836,-0.160415,-1.2103308,0.1970496,-0.3531256,0.15684368,-0.018111518,-1.3109826,1.1837744,-1.0999411,-1.282127,-0.7958203,-0.59926444,-1.2687587,0.012960012,-0.9443018,-2.1411319,-1.2999398,-1.4253949,1.7151061,0.21150953,-0.63716084,-1.2311763,-1.3182775,0.18540579,0.09834654,1.3667749,0.3343723,0.1423273,-0.6898541,-0.6400927,-0.34363174,-0.42425847,-0.72528607,0.046782594,0.3521221,0.5325892,0.9156232,2.046674,0.7236863,0.6603235,-1.4695024,-0.49346113,-0.3148739,0.53422266,1.1610435,1.1564661,-0.6950787,0.36411026,-0.08988423,0.7063387,-0.023274243,-0.84909993,0.4535397,0.4112295,0.7398343,0.24937658,2.2875469,0.55384284,-1.1033002,-0.70464706,0.13302489,-0.06393976,1.5289536,-1.2979639,-0.9514201,0.1648815,-0.2308894,-0.6218451,0.8546438,-1.3299594,0.19563115,0.57212573,1.5128098,-0.10197872,-0.47463822,-0.1990513,-1.9165517,0.52569187,1.2587528,0.22666878,-0.029864773,0.40379658,-1.3813037,1.2388471,-0.5655311,1.3940607,-0.42822948,0.7694001,-0.49875727,0.8016204,-0.4975829,0.76579744,-1.4108518,-2.7388484,-0.70711786,0.53186005,0.6549334,-0.00939485,0.33903405,-0.3466955,0.27373192,0.5118122,-0.8103154,-0.25297904,1.3821515,0.9838812,0.13928394,1.4610868,-0.0053581595,0.37091312,1.0212144,0.4683626,0.84475017,-0.07227014,1.4370022,-0.67845774,0.36795893,1.1700076,0.662165,2.798747,1.0789442,-1.0905842,-1.4167506,1.2899963,-2.4563105,-0.17751189,1.0905186,-1.2510852,1.0065247,-0.8112311,-0.48196337,2.2351158,0.3701836,0.1558767,-1.135757,-1.4458761,1.144945,0.5797741,-0.34299853,0.64615446,-1.0511463,0.27526248,-0.91289383,-0.52610826,0.46831965,1.0460654,0.4208709,0.97974944,-1.0390466,0.37653705,0.384281,-0.36629725,0.32703182,0.83814025,-0.86426663,0.31339356,0.3802822,0.2626294,0.20613591,0.27786076,-0.53518075,1.1636103,-0.26299593,0.63883466,0.88547254,-0.5923045,0.39372578,-0.2955583,0.45615792,0.52641696,1.1001382,0.24370272,-1.8325028,-0.5244313,0.023452738,0.8856192,0.10586854,0.27604827,0.2709148,1.273537,-0.5451558,-0.23865743,-0.69798356,-0.19711916,-0.30531403,0.28272006,0.5645097,-0.43680176,0.2557449,-0.87795955,-0.552823,0.093830526,0.47551322,-0.9497641,-1.0104982,-0.7074602,-0.8847189,0.5344474,0.8506887,0.41888604,-0.70595676,-1.047359,-0.59872454,0.5053845,0.87279207,-1.9365678,-0.6531127,-0.24153864,-1.2816876,0.23729265,0.20089126,-0.19745994,-0.079520315,0.4501913,-1.4176229,0.97785854,0.12622578,0.5970202,1.6454018,0.24671562,1.3112735,-0.9029376,0.16116695,-0.56612104,1.026137,0.80632156,-1.4217209,0.95531374,-0.47607052,0.4837773,1.1313003,-1.2049428,0.02301918,-1.0646617,0.020556165,-0.15321971,-1.4988103,1.9269824,-2.4674203,1.1675729,-1.7643986,-0.4250455,-0.4537138,-0.7630748,-1.3870238,-0.25978303,0.86113167,-0.36980832,-0.0135812685,0.32409808,0.44043383,0.21453834,0.020354854,1.446694,0.07147025,0.54393977,-0.6103427,-1.5084958,-0.53136843,0.9297092,-1.2036445,-1.0941448,-1.0314709,-0.28175777,-0.041035693,-0.5265972,-0.53871137,0.45008448,-0.03911912,0.28740034,-0.9871238,-0.34519812,-0.24625172,-0.9751653,0.99062747,-0.2118942,1.4486974,-1.1761005,-0.19242756,0.60674137,-1.3204857,0.03673151,0.2904292,1.7940936,0.9292416,0.440047,0.3786411,0.38165388,-0.52511185,-0.30850062,1.621606,0.6282977,1.9566809,0.3048655,-0.5532544,1.2859464,0.19821393,0.7752765,-0.034493145,0.16090134,1.2922845,-0.21539824,-0.5863412,-0.10154424,-0.074406475,-0.08589371,0.12468638,1.1579505,0.5149767,-0.10379269,0.87562126,0.68638897,0.20459187,-1.3592558,-0.6924071,0.9976248,1.4293038,1.3270229,1.5626048,-0.16025658,-0.80094624,-1.4771663,0.5949246,1.367517,0.7897129,0.26458785,-1.3669044,0.5811309,0.7069091,0.62756807,-1.6215526,-1.6601205,1.8020903,0.69126034,0.46321335,1.2467866,-0.93059605,-1.6874968,-0.82304555,0.077114604,-0.16906984,-1.0813222,-1.1682867,-0.13009952,-0.37601534,1.1186846,0.7392927,0.40941823,-0.054169998,-0.6924105,0.35304436,-0.13547605,-0.8406164,-0.30775598,-0.34670255,0.4085474,-1.5861069,-0.70421505,0.6319318,-2.5675967,1.0725473,-0.4439346,0.023258671,-0.3833058,-0.6155562,-0.5781518,0.057683945,0.13279682,-1.0953617,-0.009442903,0.74247116,-1.9338986,-1.2649347,0.9985531,0.9275027,-0.7705229,0.27891997,0.541979,-0.20617664,0.9108773,-0.1680566,-0.7281639,-0.068676084,0.075217456,-0.11190038,-0.087872826,-1.4880255,-0.24764435,0.73102874,-0.60437363,-1.5765232,1.0718621,0.2814506,-1.5863243,-0.86238045,-0.11984372,-0.3637662,0.59917414,0.91584086,-0.3508375,-0.7642119,-0.663502,-0.20417054,0.1226331,0.08777084,-0.7723709,-0.12487822,0.06697702,-0.6022157,0.1352246,2.2648776,0.23467724,1.4243726,1.1937572,0.12495019,0.37267193,1.2941698,-0.6784573,-0.267643,0.97868425,-0.69948846,-1.1836587,1.3676796,-0.12581341,-0.7392385,0.114372976,0.78771526,-0.5589386,-0.542563,0.13946806,1.1788656,1.2762481,0.74883723,1.6233554,-0.17818193,0.30672508,-0.81317186,0.61788386,-1.531593,-0.72551703,-0.40652797,0.37565863,1.9762883,-0.4177331,0.44698915,0.9269412,-0.89635706,-1.4170241,0.3170711,-0.19375996,-0.25820205,-0.56126916,0.29502752,-1.1717883,0.49059424,-1.7493981,-0.3619791,0.9394126,1.2282696,-0.8058031,0.19677989,0.820733,0.234016,-0.8883938,0.036836024,0.6663446,1.4295039,-0.4539453,-0.85797,0.85653394,-0.8011053,-1.8410286,-0.35878655,-1.1965076,-0.7922778,0.3410031,-0.5258408,-0.4028765,-0.3511099,-1.1335937,1.4160484,0.14481479,-0.4066765,0.8275271,-1.4037052,1.4814285,0.1334874,-0.61114556,1.3448185,1.0178143,-1.5182713,0.84998316,-2.018467,1.4623493,-0.76247436,1.0883528,1.1944274,0.6356297,-0.85106987,1.6723118,-0.38037184,0.13951004,-0.103614785,0.32934183,-0.48318115,0.44510707,-1.6788168,1.3492384,-1.1369493,-0.52959436,0.33105382,0.9771252,-0.41018507,0.24367572,-0.16882728,0.45793566,0.397252,-1.361549,0.55084497,1.917159,-0.29050934,-1.4405218,0.37051857,0.17080699,-0.46455315,-0.25251737,2.3016002,0.18677275,0.61445445,-0.8962603,-0.63079095,1.3878356,-0.07562517,-1.6060733,-0.25822595,-0.119444184,0.15058143,-0.13591775,0.29673433,0.9487247,-0.48468468,0.2861063,1.1539646,-0.73854953,-0.09926566,0.10645127,-0.5727015,-1.012323,-1.4453183,0.55538243,0.28817758,-0.76715916,0.60162956,1.0596799,1.656804,0.832743,-0.3858982,-0.43817902,0.78207284,1.0784158,1.0253642,-1.14459,-1.4286717,0.27451518,0.97555333,-0.44789314,0.4829764,0.27357206,-0.082639,-1.8047371,1.223918,0.03567214,-0.29159412,1.2465934,0.2487309,-0.12330037,0.67506456,0.302197,0.46380627,-0.061644614,-0.9327319,-0.18225609,0.31402263,-0.9715493,0.5709236,-0.33377135,-0.032444518,-0.7174794,0.27915695,-1.3561739,0.6716047,-0.115679555,0.52833635,0.6024074,0.23062824,-1.2494206,-0.6287398,-0.752577,1.428886,0.94141763,-0.11139373,-0.4421722,-0.1588781,1.0960385,0.8713736,0.29079667,-0.30158788,0.18884875,-0.075089954,-0.269709,-1.0479878,-0.9815195,0.817051,0.63759345,-1.1350238,1.6877438,-1.9782017,0.8553125,-0.16302793,-1.8326021,-0.13239844,0.090569645,-0.5951499,1.8837217,1.176737,-0.4199575,-0.26841244,0.91020036,1.0001577,-0.6374005,-0.29458585,-1.1707512,1.2057093,1.360403,0.62342995,-0.861772,-0.44025663,1.1143717,-0.5928472,1.3726655,-0.7740412,-0.28654864,-0.3745853,-0.14368494,-1.0133716,-0.6672573,-0.5888845,0.5496548,-1.4885807,0.6725912,-0.6429191,-1.3480773,0.81495494,-0.3242931,0.124948345,-0.43114856,0.7679457,0.81687564,0.6890426,0.06528654,-0.49913093,0.064357996,-1.0454094,-0.3877741,0.117070146,-1.3154172,0.48113766,0.3235009,1.2528237,1.3724715,0.21810365,-1.8058134,0.5213148,0.6468192,0.45699117,-0.48747638,-0.9830775,-0.333578,0.17368199,0.53989893,0.9402418,-1.2181214,-0.68331045,-0.6893978,0.51847506,0.32584557,0.5285338,0.30717102,0.88199407,1.8220038,0.76948565,0.2602583,,,,,,,,,,,,,,,,,,,,,,,,,,,,,,,,,,,,,,,,,,,,,,,,,,,,,,,,,,,,,,,,,,,,,,,,,,,,,,,,,,,,,,,,,,,,,,,,,,,,,,,,,,,,,,,,,,,,,,,,,,,,,,,,,,,,,,,,,,,,,,,,,,,,,,,,,,,,,,,,,,,,,,,,,,,,,,,,,,,,,,,,,,,,,,,,,,,,,,,,,,,,,,,,,,,,,,,,,,,,,,,,,,,,,,,,,,,,,,,,,,,,,,,,,,,,,,,,,,,,,,,,,,,,,,,,,,,,,,,,,,,,,,,,,,,,,,,,,,,,,,,,,,,,,,,,,,,,,,,,,,,,,,,,,,,,,,,,,,,,,,,,,,,,,,,,,,,,,,,,,,,,,,,,,,,,,,,,,,,,,,,,,,,,,,,,,,,,,,,,,,,,,,,,,,,,,,,,,,,,,,,,,,,,,,,,,,,,,,,,,,,,,,,,,,,,,,,,,,,,,,,,,,,,,,,,,,,,,,,,,,,,,,,,,,,,,,,,,,,,,,,,,,,,,,,,,,,,,,,,,,,,,,,,,,,,,,,,,,,,,,,,,,,,,,,,,,,,,,,,,,,,,,,,,,,,,,,,,,,,,,,,,,,,,,,,,,,,,,,,,,,,,,,,,,,,,,,,,,,,,,,,,,,,,,,,,,,,,,,,,,,,,,,,,,,,,,,,,,,,,,,,,,,,,,,,,,,,,,,,,,,,,,,,,,,,,,,,,,,,,,,,,,,,,,,,,,,,,,,,,,,,,,,,,,,,,,,,,,,,,,,,,,,,,,,,,,,,,,,,,,,,,,,,,
ダ,0.7867145538330078,0.0708349272608757,0.742893397808075,-0.1838691085577011,0.1011911258101463,0.2392100542783737,0.1923132240772247,0.2130631059408188,-0.3269410729408264,-0.0891355201601982,0.746151864528656,-0.4699705839157104,-0.3176074624061584,-0.0209833998233079,0.2547239363193512,-0.2693190574645996,0.118726298213005,-0.1646081060171127,-0.1753565967082977,-0.4720112085342407,-0.911198914051056,-0.3484183251857757,-0.2336014956235885,0.4054262042045593,0.1208108365535736,-0.6871124505996704,0.1998245269060135,0.0655777156352996,0.3151849210262298,-0.4275963008403778,-0.4248006641864776,-0.2068347930908203,-0.1021264120936393,-0.1935146450996399,-0.5420680642127991,0.3193194568157196,0.2704769372940063,-0.5580419898033142,0.2905867993831634,0.1411934942007064,0.286115825176239,-0.5992151498794556,-0.4335915148258209,-0.1251053363084793,-0.2856943309307098,0.2833120226860046,0.0016067487886175,-0.0081587750464677,-0.1917414665222168,0.1153637617826461,-0.4507743418216705,0.4625769555568695,0.2477190792560577,0.2116083651781082,-0.0117613011971116,-0.1962929219007492,0.5633139610290527,-0.5857250094413757,0.3440095484256744,-0.0379705391824245,-0.1354264169931411,-0.0096352472901344,0.4313397109508514,0.1513674408197403,-0.0747178196907043,-0.442377358675003,0.0142631446942687,-0.2476664036512375,0.0865586623549461,-0.181779608130455,0.1979971826076507,0.4168930053710937,-0.225948616862297,-0.5069829821586609,0.4392899572849273,-0.4065687358379364,0.0799621418118476,0.5694052577018738,0.2505086064338684,0.1232812404632568,-0.2342156767845153,0.4308616518974304,0.3337282240390777,-1.049006104469299,-0.0953195244073867,0.6748930811882019,-0.5405322909355164,-0.973404049873352,0.2239858508110046,-0.1637958735227584,0.1225029453635215,-0.0006660738145001,0.0842236429452896,0.555625855922699,0.2164641618728637,-0.0850918963551521,0.1721726506948471,-0.0853357315063476,-0.1753840446472168,0.019828351214528,-0.0060572708025574,0.649299681186676,0.3868525922298431,-0.2103165537118911,0.0275844950228929,-0.0069196573458611,-0.4675975143909454,0.1809847801923751,-0.1081095412373542,0.256448894739151,-0.2815978229045868,-0.6744349002838135,-0.7941291928291321,-0.3054988086223602,0.3202062249183655,0.1177051216363906,-0.4827282726764679,0.5573588609695435,-0.3808158636093139,0.7893625497817993,0.1537065804004669,0.0135673442855477,0.2884730398654938,-0.5348156690597534,-0.2561828792095184,0.6619635224342346,-0.0410815849900245,0.1901703029870987,-0.0020437880884855,0.1049129068851471,-0.4388051927089691,-0.6097515821456909,-0.4100975096225738,-0.1050836369395256,-0.339493840932846,0.5588281750679016,-0.0101566230878233,-0.1728275269269943,-0.2831816077232361,-0.4435604214668274,-0.2787855863571167,-0.0090914629399776,0.3269920945167541,-0.2441711574792862,-0.0855772569775581,0.2058939933776855,-0.239526554942131,-0.7222209572792053,0.0762970745563507,0.244294986128807,-0.0723672807216644,0.8207871913909912,-0.7421607971191406,0.1113266199827194,0.0707470998167991,0.3743141293525696,-0.5620604753494263,-0.1206672638654708,0.0424097590148448,0.1892085522413253,0.1680011600255966,-0.4175454378128052,0.0263867918401956,1.1678292751312256,0.4886824190616607,0.6675014495849609,0.1892476081848144,0.1243494600057601,-0.3463293612003326,1.0126423835754397,0.3886906206607818,-0.1347672790288925,-0.0364661701023578,-0.2684782147407532,-0.2270053178071975,0.2461842149496078,0.7007574439048767,0.2092982083559036,0.0551032163202762,-0.3221490085124969,0.0303785298019647,-0.1289931684732437,0.2473182827234268,-0.6812049746513367,0.3266906440258026,-0.0049880915321409,0.0222484208643436,0.1812639385461807,-0.0156607124954462,0.0116939190775156,-0.0434721857309341,-0.5908963084220886,0.2351284176111221,0.1040264591574668,-0.2904166877269745,-0.2520527243614197,-0.1166572943329811,0.1683895587921142,-0.5054659843444824,0.7311071157455444,-0.0875383988022804,-0.0520121939480304,-0.1950419694185257,-0.7629533410072327,-0.9581972360610962,-0.1446371078491211,0.2345387786626815,0.9014295339584352,0.4078212082386017,0.6297563314437866,-0.4107007980346679,-0.0121088838204741,0.074426993727684,0.4308149218559265,0.6970040798187256,0.5146234035491943,-0.3770841360092163,-0.8354176878929138,0.6880303025245667,-0.3194916248321533,0.0711719840764999,-0.1090176030993461,0.4695009887218475,-0.0505524761974811,0.1773953884840011,0.176179900765419,0.5706157684326172,0.0172787699848413,-0.5293285846710205,0.6128889322280884,-0.5870900750160217,-0.7013711333274841,-0.650608241558075,0.1065723001956939,-0.8748494386672974,-0.3048478960990906,-0.017015827819705,0.3616439998149872,-0.2669620811939239,0.4073687493801117,0.1168466806411743,-0.4032041728496551,0.2622803449630737,-0.8026021122932434,0.1716596931219101,0.3988494873046875,-0.2462335973978042,0.0328189507126808,0.0833067372441291,0.4262923896312713,-0.3853625059127807,-0.3274657726287842,-0.3033361136913299,-0.4361858665943146,0.6585824489593506,0.1540664136409759,0.5070618391036987,-0.1957564353942871,0.5581788420677185,-0.6439541578292847,-0.1431386023759842,-0.5079178810119629,-0.0754758194088935,0.2681684792041778,0.0673800930380821,0.1013691872358322,0.2607496082782745,-0.0047584250569343,-0.2044828534126281,-0.4275454580783844,0.1867600530385971,-0.1469260603189468,-0.261572390794754,0.0870727375149726,-0.0983484983444213,0.120090328156948,-0.2587153911590576,0.5614445805549622,-0.3469077050685882,0.3717933893203735,-0.1987410932779312,0.4716575443744659,-0.4950082898139953,-0.2135708034038543,0.1298293173313141,-0.1679901629686355,-0.7254625558853149,0.136007472872734,-0.4956276416778564,0.7112587094306946,0.3246582746505737,-0.6437545418739319,-0.661221981048584,0.0075717116706073,-0.2565708756446838,-0.1094778105616569,0.0973891392350196,0.0141657162457704,0.5288934707641602,-0.2003094255924224,0.4805301129817962,0.237599566578865,0.5381987690925598,-0.124152772128582,0.1200235486030578,-0.4060524404048919,-0.0036058844998478,0.3620941638946533,0.4942193329334259,-0.015687059611082,0.2780960202217102,0.6448803544044495,-0.0793284103274345,0.4855852127075195,0.2900719940662384,0.604702889919281,-1.9486045837402344,-0.6136404871940613,0.4680359959602356,-0.2084487825632095,-0.3929048180580139,0.1378044039011001,0.2854048311710357,0.1845850944519043,-0.2273610383272171,-0.698093593120575,1.1570940017700195,0.3653018772602081,-0.1664785593748092,0.0456408113241195,0.4505418837070465,-0.1291229873895645,-0.0482037886977195,-0.9379285573959352,0.4552870094776153,0.7139964699745178,0.0319093838334083,-0.5190733671188354,-0.299164354801178,-0.4727130234241485,-0.2011853158473968,0.2588784098625183,-0.4195295572280884,0.1730094701051712,-0.7935397624969482,-0.1287556737661361,0.0034102678764611,1.132369041442871,0.6842933297157288,0.7060613036155701,-0.6035739183425903,-0.1532079875469207,-0.3311269879341125,0.1575557589530944,-0.0415466278791427,-0.2444469630718231,0.0901303514838218,-0.432672381401062,0.0630003660917282,-0.1784032136201858,0.0859770700335502,0.0211934242397546,0.0395099967718124,0.5363450050354004,-0.5915959477424622,0.2900856137275696,0.5916993618011475,-0.1293477714061737,0.297405332326889,0.2670274376869201,0.8876358866691589,0.0820816829800605,0.179935410618782,-0.7895864248275757,0.049771100282669,-0.3302003443241119,-0.0763139203190803,-0.1491705179214477,-0.0581076890230178,0.6235506534576416,-0.3177649676799774,-0.0110785504803061,-0.0975172370672226,-0.382246732711792,0.1637555658817291,-0.3304032683372497,-0.2539927959442138,-0.1462448686361313,0.1670363843441009,-0.4310989379882812,0.5967812538146973,0.444889634847641,0.4733264148235321,0.0224231593310832,-0.2643353939056396,0.4162861108779907,-0.1178639605641365,0.3723043203353882,0.1648788154125213,0.4629753828048706,-0.4953939914703369,-0.1047522947192192,-0.149253562092781,-0.5999587774276733,-0.4272370934486389,-0.0219944939017295,-0.8272181153297424,-0.1670113503932953,-0.2919632196426391,0.6536985635757446,-0.1041442602872848,-0.4664764106273651,0.4502754509449005,0.1886263489723205,-0.6232830882072449,-0.598511815071106,-0.3798168003559112,0.5324031710624695,-0.3095170259475708,0.3824144303798675,0.5041793584823608,0.4456467032432556,0.0598533526062965,-0.093937799334526,-0.0858146548271179,-0.328860193490982,-0.4893925786018371,-0.33736452460289,0.8164399266242981,-0.1996804624795913,-0.0874824225902557,-0.1796621978282928,0.1207812428474426,0.9838067293167114,-0.2461814433336258,-0.706167995929718,0.184776484966278,0.2787455916404724,-0.0908841267228126,0.6497904658317566,0.4030901789665222,0.9488667249679564,0.2290819734334945,-0.0304198693484067,-0.3102377951145172,-0.0430306196212768,0.0252798795700073,-0.2755571901798248,-0.012264285236597,0.0114261703565716,0.6224654912948608,0.7527875900268555,0.2857550084590912,0.5345831513404846,0.4288434386253357,0.1180370971560478,-0.5089569687843323,0.3326673805713653,-0.0716354697942733,0.1971228122711181,-0.063369907438755,0.432701975107193,-0.371223509311676,-0.0299541018903255,-0.1156221255660057,-0.4708086848258972,0.541847825050354,-0.1694121956825256,0.4195210933685303,-0.442405492067337,-0.4311137795448303,-0.6673926711082458,-0.5927627682685852,0.2937128841876983,-0.254387766122818,-0.1351501792669296,0.3849182426929474,-0.2619296014308929,-0.7117601633071899,0.0597695671021938,0.5861673355102539,0.7700503468513489,-0.0132831567898392,-0.6066745519638062,-0.1960651129484176,0.6873921751976013,-0.547984778881073,-0.5400975346565247,0.4154466986656189,0.1076263710856437,-0.1662546545267105,-1.2700328826904297,-0.5140187740325928,0.0381118841469287,0.2047514766454696,0.0872189998626709,0.3042427599430084,0.313170462846756,-0.7684974074363708,-0.0522592365741729,-0.2107192426919937,-0.4208403527736664,-0.0082399751991033,-0.6725155711174011,-0.0168707463890314,-0.0056731821969151,-0.0502896383404731,0.3623483777046203,0.4671494662761688,-0.5879364013671875,-0.5686380863189697,0.6638633608818054,0.0826817974448204,-0.0766754001379013,0.1549256592988968,-0.0659083724021911,-0.0700471103191375,-0.0809440687298774,0.2502497732639313,0.0181322004646062,-0.0143737588077783,-0.1956687569618225,-0.9357731342315674,-0.3335310220718384,-0.0495368614792823,-0.5991264581680298,0.2720220685005188,0.4337344765663147,0.3985464572906494,-0.5557474493980408,-0.2119863927364349,-0.0220101401209831,0.1050223112106323,-0.0233714487403631,0.2616032660007477,-0.2120182663202285,-0.7458323836326599,0.3161114454269409,-0.0066794292069971,-0.6431190967559814,0.9986083507537842,0.4705783128738403,-0.4478468000888824,0.2538035809993744,0.5429999828338623,-0.075812354683876,-0.0241908878087997,-0.1497900038957595,-0.1301266849040985,0.4301778972148895,0.5897316932678223,-0.0673604309558868,0.4001072347164154,0.54787278175354,-0.5966002345085144,0.2296280264854431,0.3668725788593292,0.4745544493198395,0.3966063261032104,0.2037197351455688,-0.2617100179195404,-0.6149609088897705,-0.4631447792053222,0.5094165205955505,0.0765738114714622,0.4165362119674682,-0.6902557015419006,0.5529535412788391,0.6345256567001343,-0.4805977344512939,0.2621365487575531,0.7586119174957275,0.3902497291564941,0.6201915740966797,0.0615557804703712,-0.0530609637498855,-0.8092895150184631,0.2745731174945831,0.2870551645755768,0.2036870270967483,-0.463621586561203,0.1886362582445144,0.2509280145168304,-0.1919727176427841,0.6649855971336365,0.0093972347676754,0.1728203147649765,-0.2495463490486145,0.0424697063863277,-0.3905650079250335,1.095055341720581,0.1733011454343795,0.0476333647966384,-0.0253128428012132,0.0183791108429431,0.7762298583984375,0.9556653499603271,0.0234649702906608,0.5158916711807251,-0.4353120625019073,-0.8015168309211731,0.198608323931694,-0.0879543423652648,0.1093062981963157,0.3635066151618957,-0.7275462746620178,-0.6553463339805603,0.4987103939056396,0.5516265034675598,0.0049676499329507,-0.4832227826118469,-0.6145856380462646,0.2443915605545044,-0.3449739217758178,0.1444388031959533,-0.068714939057827,0.3258285820484161,0.4650343954563141,-0.1741984039545059,0.1132619380950927,0.1343716830015182,0.9526219367980956,0.1169881522655487,-0.117631010711193,0.0568449087440967,-0.0661344826221466,-0.1289691030979156,0.3504373431205749,0.4047816395759582,-0.1433710008859634,-0.3543340861797333,0.3738506138324737,-0.375341534614563,0.053299032151699,-0.2983351945877075,0.0710311606526374,-0.0395378246903419,-0.3438209593296051,0.3279116153717041,-0.3511159121990204,0.1414878219366073,-0.0454248748719692,-0.6893982887268066,-0.2800306677818298,0.2413385510444641,0.1046139150857925,-0.23984195291996,-0.0424303598701953,-0.4170655608177185,-0.3412121534347534,-0.1443758010864257,0.4417863190174103,-1.0503523349761963,-0.4566903114318847,0.6966690421104431,0.3707581460475921,-0.1649820506572723,-1.7377703189849854,0.502282440662384,0.2026951909065246,0.2344203293323516,0.1433061212301254,0.161909744143486,-0.270626038312912,-0.0602383725345134,-0.324645847082138,-0.4478770792484283,-0.1939189136028289,-10.064741134643556,-0.118980161845684,-0.044458944350481,-0.6670801639556885,-0.4677652716636657,-0.2124282419681549,0.815504252910614,0.3467740714550018,-0.0198790207505226,-0.0943387746810913,-0.5059342384338379,0.2101556360721588,0.2575380206108093,0.0340120829641819,-0.2781917750835418,0.0262715313583612,-0.6753649711608887,-0.3389057219028473,-0.2077060937881469,-0.0290699582546949,-0.1534727811813354,-0.3773875832557678,0.394524872303009,0.4312243461608886,0.6899039149284363,-0.2915534675121307,-0.2736877202987671,0.1792792975902557,-0.2194414883852005,0.7218489050865173,-0.6439197659492493,0.1900515705347061,-0.3986168503761291,0.5046277046203613,-0.3047820925712585,0.1331530809402465,0.4443447589874267,0.4245266914367676,-0.0812497064471244,0.6314818263053894,0.337121307849884,0.1262087672948837,0.2933252155780792,-0.1764897853136062,0.1930235922336578,0.1012420132756233,0.4318543076515198,0.0651801154017448,0.9178564548492432,-0.2311295419931411,-0.3736739754676819,0.0102076102048158,-0.0517674833536148,-0.2916453182697296,0.1447509378194809,0.2727953791618347,0.4968677163124084,-0.6255561113357544,0.2618257105350494,0.1186563149094581,0.3850005865097046,0.4584890007972717,0.9727123975753784,0.8037772178649902,-0.0570654310286045,0.422381579875946,0.031741689890623,0.1411834806203842,-0.8406851291656494,-0.4607540071010589,0.3384617269039154,0.6102051734924316,0.0350587368011474,0.3055108487606048,0.1851014792919159,0.3750440776348114,-0.1586963385343551,0.0874420329928398,0.1666809320449829,0.0276464819908142,0.1760093867778778,-0.3346437811851501,0.081030361354351,0.3944560885429382,-0.7959666848182678,-0.2167527824640274,0.1910678148269653,-0.0385501720011234,0.1602315604686737,-0.6398369669914246,0.7045271396636963,0.2658992111682892,-0.5752713084220886,0.3087821006774902,0.3162032067775726,-0.08292156457901,-0.3179875612258911,0.0082502365112304,0.3814301192760467,-0.3947063088417053,-1.045597,-0.44651756,0.8431508,0.52735937,-1.3634653,-0.48465842,-1.6036236,0.4795967,1.1255999,-0.23571691,0.45496982,0.047961764,-0.72943735,2.0430717,-0.31335658,-0.10771401,1.0679574,-0.68426394,0.3471948,-0.14437294,0.86194456,0.5859245,0.8096197,-1.0262833,1.0448627,0.7930516,0.82866776,-0.40799397,-0.47357202,-0.7230555,0.113952085,-0.11754511,-0.9435732,-0.7122522,-0.112977766,-0.9225527,-1.5456592,1.1541827,-0.037538666,-0.88340443,-0.585486,0.11283014,-0.089304745,-0.008864882,-0.73573625,-0.01697073,1.4998395,-0.25854653,1.0173883,-0.22397304,-0.73329175,-0.42484298,0.72706604,1.1747078,0.90681136,-0.51655567,1.0274745,1.3931855,-0.096544236,-0.5676978,1.0015312,0.6618475,-0.8016819,0.04997777,0.67449725,1.1442584,0.1348772,-0.24815445,-0.4535595,-0.19203785,-2.1485205,-1.0655744,0.11113586,1.109007,-1.2492551,0.86458,-0.24430427,-1.2804406,0.46670455,0.22510338,0.38715163,-0.17173977,-0.66126454,1.3812057,-0.7080833,-1.0655739,-0.36670986,-0.66620445,-1.1809742,-0.34020156,-0.49554974,-1.3174207,-1.4068686,-1.3469017,1.5944842,-0.5065962,-1.0860965,-0.7043797,-1.4172809,0.033078842,-0.3931603,1.1671059,-0.07969533,-0.633784,-1.1943212,-0.3014299,-0.62822074,-0.2276349,-0.9261338,0.6566852,-0.424603,0.800711,0.6243943,1.3465121,0.83151484,1.3426124,-0.9889433,-0.8895122,-0.45179686,0.50638855,1.5582323,-0.0013935029,-0.8729172,0.28558582,-0.078651905,1.209727,0.4430647,-0.9694892,0.45066723,-0.034060836,0.36915654,-0.7441904,1.9706793,0.21123342,-0.68763024,-0.15511048,-0.14372964,-0.43795815,1.0991703,-1.2351463,-0.2689249,-0.0063435524,-0.4993108,-0.13698192,0.39473253,-0.73432606,-0.071018204,0.8339714,1.2312329,0.14478219,-0.3652678,-0.05382963,-0.9250599,0.45468062,0.75466186,-0.74513346,-0.2933306,0.36506933,-1.1786048,1.1797636,0.07920422,1.3498814,-1.060827,0.6698192,0.61725414,0.067303434,-1.0035094,0.6736408,-0.7811736,-1.973398,-0.8483837,-0.34552222,0.27341396,-0.41749316,-0.028098326,-0.4240094,0.6636413,0.34803364,-0.91425973,-0.29918808,0.45308027,0.9465206,-0.022657817,1.2042375,-0.3065756,0.6128622,0.8539753,0.4759776,0.37234694,0.5479265,0.858523,-0.60450774,0.7797788,0.69798833,1.4794687,3.0245674,0.92106944,-1.7875433,-1.6535696,1.1022667,-2.131757,-0.366833,1.0066524,-1.365207,1.4545871,-1.1386372,-1.1928585,1.8384192,0.17361948,-0.32660702,-1.2800677,-1.2779725,1.0405083,0.6153196,-0.16880535,-0.24150893,-1.0503467,-0.051945336,-0.8156444,-0.33893833,0.36093798,0.7899586,0.10422715,1.1719903,-1.149256,0.37374336,0.13543758,0.4277606,0.6762875,0.38471118,-0.8106693,0.5926634,0.6199757,-0.096623234,-0.54643804,0.3686251,-0.42040175,0.14263694,-0.24174634,1.0458803,0.8094131,-0.35905558,-0.10554876,-0.1624294,0.39784497,0.53345406,1.281115,0.026309678,-1.3286355,-0.23479804,0.11959274,0.6162618,0.15339322,0.34049505,0.13889977,0.899512,-0.15189214,0.06739525,-0.5716758,-0.41093478,-0.058998186,0.67435294,-0.0024569153,0.6858816,0.011925196,-0.47285575,-0.9275265,0.4752655,0.3490798,-0.8057213,-1.7191423,-0.91151154,-0.6116172,0.272438,0.3078255,0.44065872,-0.57272094,-1.0647826,-0.6489237,0.6490696,0.74544275,-1.4544284,-0.43501806,0.09601633,-0.46223956,-0.1364604,0.1530609,-0.42033643,0.3761718,0.6534993,-1.3541467,0.61603296,0.13638704,0.98623484,1.3812325,0.054104544,0.8603159,-0.40694866,-0.20656195,-0.41098303,0.58977675,0.68038046,-1.5502446,0.5262191,-0.1588924,-0.683765,1.4014088,-0.9371945,-1.0302266,-0.7805003,0.05594622,-0.23411545,-1.3095595,2.5349898,-2.197921,1.7229869,-1.7467225,-0.4815352,-0.81870365,-0.57818854,-1.7751557,0.57954437,0.8305537,0.04340141,0.30619985,-0.1383976,-0.13387509,0.7244709,0.5343889,0.7718965,-0.04384004,0.5517119,-0.7300801,-1.3364723,-0.0725842,0.7517463,-1.0594418,-1.4184171,-1.2358999,-0.061611246,0.4010249,0.04362125,-0.29982138,0.9256918,-0.0050718067,0.6721691,-0.53687245,-0.3543889,0.09085677,-0.79606044,1.6205307,-0.3392572,1.6438183,-0.9570675,-0.6554493,0.46615458,-1.8098614,-0.37620074,-0.34267467,2.2959468,0.47812223,0.15264158,0.18857828,0.58625054,-0.3799096,-0.9199785,1.1973546,0.16621177,1.9280773,0.09867199,-0.07344824,1.5060364,0.15459937,0.33917257,-0.38902164,-0.5279856,1.8515484,0.21385622,-0.58817106,0.0940846,-0.32415548,-0.7156431,-0.0148328245,0.44858018,0.26286134,-0.24619174,0.82156944,0.7575604,-0.568804,-0.7914152,-0.601287,0.75839376,1.1110685,1.3584145,1.1382859,-0.23642945,-0.8075954,-2.1616998,0.15584762,1.6187073,0.30612564,0.19491817,-1.3326924,0.07023855,0.91175526,0.2733624,-1.3898532,-2.030673,1.772301,0.8835503,0.63856095,1.5966046,-0.8176244,-1.7395785,-0.6554537,-0.21879983,-0.027782965,-0.47636133,-0.61754763,0.809399,-0.34111184,1.0129151,0.93147975,0.97689164,-0.44574398,-0.2661013,0.58950406,0.52675253,-1.4289273,-0.12808542,-0.11669675,0.8256586,-1.3022096,-1.0589849,0.5370549,-1.9326378,0.81448585,-0.5854294,0.25588974,-0.2347239,-0.40061083,-0.98960674,-0.5098617,-0.26392815,-1.3731343,-0.40381584,0.69366455,-1.0471381,-1.6352812,0.16404018,1.1203206,-1.1865457,0.92043364,0.5199515,-0.15959474,0.47752196,0.0063387724,-0.21304846,-0.22746687,-0.19762585,0.12903155,-0.6987153,-1.1315086,-0.40435797,0.14045578,-1.253835,-1.3008816,0.57220185,0.7938269,-1.9933112,-0.76985705,-0.15615557,-0.32372913,0.493153,0.73690116,0.36356306,-0.6217464,-0.77531445,-0.14909971,0.20782952,0.22419575,-0.44196963,0.13619682,0.42847428,-0.3221178,0.51614344,1.3796688,0.26656315,0.7780321,1.0247368,0.41867036,-0.4798395,0.52172315,-0.1915097,-0.25731277,1.1302521,-1.6945719,-0.9408113,1.3482034,0.022379851,-1.0239394,-0.48537675,0.67570454,-0.06962287,-0.1076777,0.26641488,0.8096501,1.5533412,1.0078044,1.9497172,0.11099442,-0.49364176,-0.058149926,0.51607096,-1.0705512,-0.85523117,0.4732638,0.23318312,2.5246682,-0.3810291,0.11331906,0.7849085,-0.91010076,-1.1689675,0.23392525,0.39942417,0.04162904,-0.8564949,0.3740296,-1.1132818,0.40370116,-1.713143,0.21112473,0.5619136,0.6080713,-0.43653503,0.3268311,0.5735706,0.15655091,-0.8354577,0.12770012,0.84424037,1.7577126,0.19209471,-0.59270614,0.23793574,-0.27437383,-1.7620337,0.27121288,-0.80243313,-0.3482979,-0.0008022815,-0.30223632,-0.48115212,-0.1958606,-0.5032,1.345537,0.40848064,0.4624466,0.045977347,-1.4904916,1.5823237,-0.10189569,-0.33083248,1.1588647,1.1094124,-1.1987252,0.7274637,-1.2105447,1.1114614,0.00672068,0.6113165,0.91992205,0.3575464,-0.21685413,1.5902622,-0.6917569,-0.21950516,-0.51341283,0.6528595,-0.16569877,0.061902653,-1.8102175,1.0374285,-1.074817,-1.2694124,0.036503207,0.23098102,-0.44471264,0.13659684,-0.05112027,0.12926099,0.13317612,-0.81194973,0.4711666,1.803209,-0.20667982,-0.68368065,0.8213142,0.4903248,-0.896471,-0.35523766,2.5692875,0.49191245,0.63692373,-1.3372197,-0.70201516,0.15907617,-0.3474389,-1.2170496,-0.80966556,-0.37872943,0.07071519,0.3801791,-0.34650353,0.9550217,-1.4617862,-0.0029553056,0.9111357,-0.5567492,-0.013538132,0.34694263,-0.6189992,-0.9682347,-0.9520502,0.49334484,0.90548784,-0.385768,0.69198895,0.64102113,1.5233284,0.45526877,-0.2236381,-0.67763275,0.6575723,0.8580489,0.7437485,-1.687114,-1.2912557,0.67718005,1.4559104,-0.68208134,0.6961285,0.04332208,-0.16810046,-1.6449716,1.034038,-0.1458123,0.3104015,1.1250814,0.33302888,0.011525279,0.68848807,-0.5913827,0.044654287,-0.37663764,-0.38401285,-0.08319672,0.29030725,-0.5687734,0.13646196,-0.9052494,0.66815335,-0.08638897,0.94184464,-1.3188572,0.340562,-0.09677993,0.35415673,0.13804595,0.15291628,-1.0930091,-0.5007133,-0.32128602,1.6713228,1.2125242,-0.2631075,-1.793034,0.34861022,1.1871846,0.40564984,0.25968412,0.28507674,0.28784037,-1.1498153,-0.26250404,-1.0733436,-0.4883875,0.4810639,0.45195866,-0.6718595,0.9371649,-1.2937535,0.6255782,-0.158838,-1.282562,0.34495133,0.4445488,-0.3055995,2.3339477,0.9884361,0.032051034,0.051521428,1.174103,0.80125237,-0.71287954,-0.24372268,-0.7550525,1.2366467,1.7570498,0.79883814,-1.3695786,-0.31196314,0.13143036,-0.45621824,1.7161621,-0.40671152,-0.8395071,-1.0986903,-0.21755657,-0.8848087,-0.3765265,-0.38540676,0.39480966,-1.1361693,0.29354852,-0.5853053,-1.0113605,0.19454072,-0.6940994,0.24192445,-0.4778952,1.3053696,1.0016499,0.30287772,0.60855997,-0.8215369,0.2518358,-1.171928,-0.5005711,0.41511074,-0.8526028,0.46225262,-0.08725576,1.0212933,1.5919713,0.22275071,-1.0358913,0.3208744,0.3976736,0.3090266,-0.23166902,-0.930299,-0.009346856,0.2101027,0.34564152,0.8790738,-0.9232527,-0.65234196,-0.37287426,0.31113535,0.22763053,0.37766987,-0.13935289,0.7032321,1.8299809,0.49595302,0.3014766,,,,,,,,,,,,,,,,,,,,,,,,,,,,,,,,,,,,,,,,,,,,,,,,,,,,,,,,,,,,,,,,,,,,,,,,,,,,,,,,,,,,,,,,,,,,,,,,,,,,,,,,,,,,,,,,,,,,,,,,,,,,,,,,,,,,,,,,,,,,,,,,,,,,,,,,,,,,,,,,,,,,,,,,,,,,,,,,,,,,,,,,,,,,,,,,,,,,,,,,,,,,,,,,,,,,,,,,,,,,,,,,,,,,,,,,,,,,,,,,,,,,,,,,,,,,,,,,,,,,,,,,,,,,,,,,,,,,,,,,,,,,,,,,,,,,,,,,,,,,,,,,,,,,,,,,,,,,,,,,,,,,,,,,,,,,,,,,,,,,,,,,,,,,,,,,,,,,,,,,,,,,,,,,,,,,,,,,,,,,,,,,,,,,,,,,,,,,,,,,,,,,,,,,,,,,,,,,,,,,,,,,,,,,,,,,,,,,,,,,,,,,,,,,,,,,,,,,,,,,,,,,,,,,,,,,,,,,,,,,,,,,,,,,,,,,,,,,,,,,,,,,,,,,,,,,,,,,,,,,,,,,,,,,,,,,,,,,,,,,,,,,,,,,,,,,,,,,,,,,,,,,,,,,,,,,,,,,,,,,,,,,,,,,,,,,,,,,,,,,,,,,,,,,,,,,,,,,,,,,,,,,,,,,,,,,,,,,,,,,,,,,,,,,,,,,,,,,,,,,,,,,,,,,,,,,,,,,,,,,,,,,,,,,,,,,,,,,,,,,,,,,,,,,,,,,,,,,,,,,,,,,,,,,,,,,,,,,,,,,,,,,,,,,,,,,,,,,,,,,,,,,,,,,,
ツ,0.5930546522140503,0.6319737434387207,1.0374304056167605,-0.3383469581604004,-0.3173145055770874,0.1539123505353927,0.3153692781925201,0.1515471637248993,-0.4578653573989868,-0.2202220112085342,0.5763997435569763,-0.3914760649204254,-0.1334523111581802,0.279024213552475,0.3356066644191742,0.1374870091676712,0.261563777923584,-0.228357583284378,0.0492620840668678,-0.7415341734886169,-0.9501937627792358,-0.612515389919281,-0.4344922602176666,0.4547875821590423,0.0751314908266067,-0.2520163059234619,-0.4934850931167602,0.6057757139205933,-0.1709099560976028,-0.6646323800086975,-0.3495495319366455,-0.1441269516944885,-0.0062627103179693,-0.2704456448554992,-0.4186931848526001,0.3660819232463836,-0.0908106416463851,-0.167567566037178,0.2112042009830474,-0.3609657287597656,-0.0011444424744695,-0.2149135321378708,-0.4878867268562317,0.2321127206087112,-0.4773766100406647,0.6705694198608398,-0.0940615907311439,0.1549710631370544,0.2920421063899994,0.0608545802533626,-0.301110178232193,0.6008332967758179,-0.1358134150505066,0.0839150249958038,0.4559266269207001,-0.4414195418357849,0.2604157924652099,-0.4718002080917358,-0.1638858616352081,0.1065220534801483,-0.1598249673843383,-0.117468774318695,0.4507288932800293,0.1673110127449035,-0.1664277017116546,-0.2495895326137542,0.2202233672142028,-0.1808768361806869,0.1080668717622757,-0.9672194123268129,-0.1319510638713836,-0.0258802082389593,-0.1504610329866409,-0.4684182703495025,0.4988673627376556,0.0243514459580183,0.0468619428575038,0.281541645526886,0.3764991760253906,0.0390359312295913,-0.0303812641650438,0.5560542941093445,0.2749850749969482,-0.651585042476654,-0.1586238443851471,0.2885416150093078,-0.5720490217208862,-0.9294161200523376,0.2649970650672912,-0.2499710768461227,0.1539921909570694,0.0467643775045871,0.1222413778305053,0.1437198668718338,-0.0880763903260231,0.0817514434456825,-0.0137730427086353,0.0303064100444316,-0.1829750686883926,0.2707027494907379,-0.1065154671669006,0.1084117665886879,0.2143130898475647,-0.4609081149101257,-0.1057035401463508,0.4346997737884521,-0.3124888837337494,0.1877999454736709,0.2352217584848404,0.0921714007854461,-0.1803275495767593,-0.1840845793485641,-0.7123745679855347,0.1502789556980133,0.276150643825531,0.174813911318779,0.0092162927612662,0.3546351790428161,-0.4534464478492737,0.4601621031761169,0.0543807819485664,0.4500854909420013,0.1634600013494491,-0.5355239510536194,-0.2583604454994201,0.4782887399196625,0.1057405769824981,-0.0972614884376525,-0.3854002952575683,-0.0368733704090118,-0.514321506023407,-0.1660285741090774,-0.2616156935691833,-0.2344823181629181,-0.1488438099622726,0.975131094455719,0.0155135244131088,0.0206181351095438,-0.0267561897635459,-0.0891184881329536,-0.6971913576126099,0.3064770698547363,0.1040750816464424,-0.3078424334526062,0.2364470064640045,0.0845491215586662,-0.6164693236351013,-0.0115081584081053,-0.0982868075370788,0.4136125445365906,-0.235832080245018,0.9884220361709596,-0.7586669921875,0.4721824824810028,0.3416218757629394,0.2273471504449844,-0.4137569367885589,0.0671729147434234,0.2239904552698135,0.2378989607095718,0.3375002145767212,-0.3559703230857849,0.247457280755043,0.5228894948959351,0.1553430408239364,0.3290236294269562,0.676953911781311,0.103399820625782,0.1686213165521621,0.62786465883255,0.2534085512161255,0.4748419821262359,0.4065767228603363,-0.2254323065280914,0.1255124062299728,0.1808753758668899,0.3665626943111419,0.0411012805998325,0.0633999481797218,-0.3038116693496704,0.4024868905544281,0.2254656553268432,0.3915956318378448,-0.3898278176784515,0.1647123843431472,-0.0910687670111656,-0.0617955885827541,0.0792720392346382,0.0214447602629661,-0.0055477647110819,-0.1618338823318481,-0.1388651579618454,0.3173314034938812,-0.3409028053283691,-0.1761266440153122,-0.6223565340042114,0.0821443051099777,0.0842387229204177,-0.567101240158081,0.241387128829956,0.0837173238396644,0.0320969186723232,-0.0850063040852546,-0.6650980710983276,-0.9847548604011536,0.0360095836222171,0.2418181151151657,0.608451783657074,0.8069567680358887,0.2817661762237549,-0.0929860472679138,0.0025327710900455,0.4189474284648895,0.1991522014141082,0.485445111989975,0.1928444653749466,-0.3371909856796264,-0.4526413679122925,0.0030248225666582,-0.2514255344867706,0.3635325133800506,-0.0099133113399147,0.2246678471565246,0.0934928953647613,0.3120204508304596,0.5910230278968811,0.2896163165569305,-0.3115378618240356,-0.1828919202089309,0.1783300340175628,-0.4448637664318084,-0.4783354699611664,-0.6947966814041138,-0.2774333655834198,-1.0658609867095947,-0.0827516540884971,-0.1445768922567367,0.4428964853286743,-0.3884681761264801,0.1798025071620941,0.0841944590210914,-0.2345711141824722,0.1725807636976242,-0.6224339008331299,-0.0922546982765197,0.2920223474502563,-0.2571264207363128,0.0242164116352796,-0.225935161113739,0.0769189149141311,-0.1192925572395324,-0.6405526399612427,0.4774881899356842,-0.2450895309448242,0.589251697063446,0.2126409113407135,0.4180489480495453,-0.5161406397819519,0.4680569469928741,-0.6232519149780273,0.1649843901395797,-0.4072391092777252,-0.2560926079750061,-0.1045086085796356,0.0366087295114994,-0.0440852269530296,-0.0167182590812444,-0.7414343357086182,-0.7632670402526855,-0.6710200309753418,0.4081059396266937,-0.377534419298172,-0.1795195043087005,-0.2686818540096283,0.0910318791866302,0.1884925812482834,-0.3949028551578522,0.3077177703380584,-0.4483177959918976,0.0859495624899864,-0.3695685863494873,0.0150235658511519,-0.4445623755455017,-0.0799343436956405,-0.2071684449911117,-0.120681457221508,-0.3154639303684234,-0.2612346708774566,-0.4708123803138733,0.5485602617263794,0.3390340507030487,-0.5005316138267517,-0.1777542978525161,0.2373637408018112,-0.6711920499801636,0.5024250745773315,0.4335138201713562,0.5079692602157593,0.0920075923204422,-0.2375938147306442,0.1147491335868835,0.4105258882045746,0.1949232220649719,-0.5020098090171814,-0.0919230952858924,-0.2798886001110077,0.165445014834404,-0.1503764688968658,0.30274698138237,-0.0891336649656295,0.0801515132188797,0.800420343875885,-0.7201858758926392,0.3820748329162597,0.4184666275978088,0.6245318055152893,-1.5815598964691162,-0.1632732599973678,0.3239909410476684,0.1566168069839477,-0.2857618629932403,0.2133903056383133,0.6225133538246155,0.1327646970748901,-0.507827639579773,-0.6074549555778503,0.7863492965698242,-0.1371297836303711,-0.0402927659451961,0.1294665932655334,0.4333170354366302,0.0955873802304267,-0.0722486898303031,-0.239398568868637,0.2700161635875702,0.3449332118034363,-0.4141068756580353,-0.1102446392178535,0.1782326102256775,-0.4787282347679138,-0.5979381203651428,0.5346753001213074,-0.2813994288444519,0.0462422184646129,-0.5265087485313416,-0.2266714721918106,0.2631429135799408,1.2355531454086304,0.9064568877220154,0.4722028374671936,-0.4690961837768554,0.0397255606949329,0.2951527535915375,0.092758722603321,0.4366799890995025,-0.4568349719047546,-0.0590069852769374,-0.2201783955097198,0.2607977390289306,-0.0003320178657304,-0.206950381398201,-0.2997709512710571,0.0006510087405331,-0.2240550220012664,0.1381222307682037,0.1757456362247467,0.6392369270324707,0.5888489484786987,0.0719190686941146,0.2771028578281402,0.5820664763450623,0.2163119614124298,-0.1702637523412704,-0.640766441822052,-0.2304135411977768,-0.5685872435569763,0.0290704946964979,-0.3389539420604706,0.0312527008354663,0.1812687963247299,-0.0644818320870399,-0.2559150457382202,-0.190084308385849,-0.7557110786437988,-0.0313365347683429,-0.6441577672958374,-0.1468411535024643,-0.4338350892066955,-0.1419647932052612,-0.5825140476226807,0.5226696133613586,0.2565320134162903,0.4118370413780212,-0.2655712366104126,-0.6843339800834656,0.3323074281215668,-0.4003994166851043,0.2062298655509948,-0.1335920840501785,0.2605097889900207,-0.4813299477100372,0.0242689289152622,-0.0752809643745422,-0.4781084060668945,-0.5651113986968994,-0.088708259165287,-1.045231580734253,-0.0479845367372036,-0.2665314972400665,0.8264502882957458,-0.0327674336731433,0.285120278596878,0.0431138947606086,0.2529205977916717,-0.152341291308403,-0.3423779010772705,-0.2893217504024505,0.3020348250865936,0.6612731218338013,0.5661771297454834,0.5040283203125,0.3274131119251251,0.3739674389362335,0.2123314440250396,0.3675148487091064,-0.077611893415451,-0.7367231249809265,-0.1211641952395439,0.4992361962795257,-0.1675801277160644,0.1143235266208648,0.1704015135765075,0.1820055246353149,0.7767773270606995,-0.4027236700057983,-1.3625963926315308,-0.036233089864254,0.2313139140605926,-0.0061171520501375,0.395618587732315,0.6893584728240967,0.6493796110153198,0.1688758134841919,0.3078279197216034,0.1799433827400207,0.0588066093623638,0.348358154296875,-0.1077641621232032,0.4429264068603515,0.1758044362068176,0.4120401740074157,0.5611658096313477,0.2704443037509918,0.3965398371219635,0.7224353551864624,0.5814869999885559,-0.3756316006183624,0.3890821933746338,0.2342062145471573,-0.0645181462168693,-0.4640446305274963,0.3887246251106262,-0.532438337802887,-0.1560401171445846,-0.4403444826602936,0.1383714377880096,0.8855701088905334,-0.3944266736507416,0.4827744364738464,-0.3917814791202545,-0.3315642774105072,-0.5335702896118164,-0.6436577439308167,0.225389301776886,-0.3714775443077087,0.004747531376779,0.4039610922336578,0.0167642422020435,-0.6071538329124451,0.1637975424528122,0.3150565326213836,0.5812759399414062,0.1684347242116928,-0.3420390486717224,-0.0363199412822723,0.5715809464454651,-0.2086262553930282,-0.0129445828497409,0.173548474907875,-0.0556816048920154,-0.2279419898986816,-0.9748454689979552,-0.5031415224075317,-0.1166454181075096,0.0946948006749153,-0.5069720149040222,0.675150454044342,0.4821428060531616,-0.5622348785400391,-0.2528059482574463,-0.3165469169616699,-0.0573950409889221,-0.0856062024831771,-0.5313248634338379,0.103178858757019,-0.0795996412634849,-0.0123421298339962,0.6556701064109802,0.5359843373298645,-0.4287244081497192,-0.0557401143014431,0.5663303732872009,0.3626473546028137,0.042487870901823,0.2001436948776245,-0.4511834979057312,-0.4796603918075561,0.0560747161507606,0.2924157381057739,-0.089206226170063,-0.1261716783046722,-0.2473555207252502,-0.5904003977775574,-0.5416514277458191,-0.3029631376266479,-1.245996356010437,0.4305896759033203,-0.0474571697413921,0.3658763170242309,-1.0936464071273804,0.2656297981739044,-0.1482317149639129,0.4529084265232086,-0.1175688505172729,0.5350407958030701,-0.0783148407936096,-0.8816331028938293,-0.0290599912405014,0.2554600834846496,-0.4953828155994415,1.0187796354293823,0.5998725891113281,-0.3338018357753753,-0.2952187061309814,0.2195363789796829,0.1347533464431762,-0.1538268029689788,0.1619288921356201,-0.2186457812786102,-0.3780580461025238,0.0816185697913169,-0.0991635993123054,0.3998847305774688,0.3499682545661926,0.0132835768163204,0.0784867256879806,0.7465474605560303,0.167585402727127,0.5677454471588135,0.3431079685688019,-0.6401307582855225,-0.0630431696772575,-0.4246980249881744,0.2371137887239456,0.1239999681711196,0.7866754531860352,-0.2244578599929809,0.34340900182724,0.6815798878669739,-0.2369484007358551,-0.1116271018981933,0.549222469329834,0.0797847285866737,0.3611436784267425,-0.1648872792720794,0.0869230479001998,-0.979767382144928,0.3181458711624145,0.2978108525276184,0.1512073874473571,0.0599983111023902,0.1215851306915283,0.0128585761412978,-0.8224067091941833,0.2650946974754333,0.0652206242084503,-0.265663743019104,0.2789573669433594,0.324606329202652,-0.0627619698643684,0.8225252628326416,0.3374103605747223,-0.2739810645580292,-0.0544343329966068,-0.1593586653470993,0.8004461526870728,0.8542128205299377,-0.137147456407547,0.4373861253261566,-0.4904538989067077,-0.8217084407806396,0.2437671273946762,0.1175533384084701,0.3254854381084442,0.608734130859375,-0.4999359846115112,-0.3563725054264068,0.648382842540741,0.2604873180389404,0.1238970682024955,-0.2658562362194061,-0.4231884777545929,0.3213720619678497,-0.0952896773815155,-0.0999052971601486,0.2133684456348419,0.2749728560447693,0.5598160028457642,0.474202036857605,0.1232558265328407,-0.3892777860164642,0.7708496451377869,0.0401249155402183,-0.4257298409938812,0.1605914384126663,-0.6243446469306946,0.1913665384054184,0.2539394497871399,0.3622981011867523,0.1147514209151268,-0.3004081547260284,0.2212794125080108,-0.3058556020259857,-0.1422671228647232,-0.3531127870082855,0.4561539590358734,0.1532309055328369,-0.0816366374492645,-0.2919953167438507,-0.506588339805603,-0.2151989787817001,-0.022124245762825,-0.8622197508811951,-0.062067974358797,0.0931381061673164,0.248438075184822,-0.2223546653985977,-0.0184063073247671,-0.7270002365112305,-0.3781671822071075,-0.3258433640003204,0.3780666291713714,-0.7069383859634399,-0.3961071372032165,0.5641794204711914,0.0921429172158241,-0.0190799348056316,-1.3055930137634275,0.5102050304412842,-0.0726425573229789,0.244777649641037,-0.1593020558357238,0.1414137631654739,-0.4171003997325897,0.0453599132597446,0.0863836333155632,-0.2981536984443664,0.0865919068455696,-10.187033653259276,0.2162238210439682,-0.5153321027755737,-0.4303008615970611,-0.500162661075592,-0.0747401714324951,0.8724194765090942,0.4472564160823822,-0.1867846846580505,0.6053003072738647,-0.1999603658914566,0.610309898853302,0.3539019823074341,0.026266511529684,-0.1964733153581619,0.0974662229418754,-0.2961273491382599,-0.0557382181286811,-0.2707590460777282,-0.0954452827572822,-0.4605646729469299,-0.3728103935718536,0.7333937287330627,0.4507887959480285,0.629659116268158,-0.1577025353908538,0.1320483535528183,0.413061648607254,-0.3313141167163849,0.3687202632427215,-1.037243366241455,0.5492420196533203,-0.3114286065101623,0.7603781819343567,0.1523233950138092,0.0801357626914978,0.0627902969717979,0.1707354187965393,-0.2683981657028198,0.4237218797206878,0.4935589134693146,-0.0309099871665239,-0.0772415921092033,0.0353514850139617,-0.298044204711914,0.0358415953814983,-0.1193246468901634,0.075347863137722,0.5912200212478638,-0.2721285223960876,-0.0493429005146026,-0.1865812689065933,0.133067637681961,-0.2255179733037948,0.2005201876163482,0.1497281491756439,0.8183289170265198,-0.664590060710907,-0.3175504505634308,0.0987665951251983,0.5905869603157043,-0.0658743679523468,0.4694211781024933,0.6204165816307068,0.104325532913208,0.5022666454315186,0.3527027368545532,0.2424290180206298,-1.142908215522766,-0.2231483608484268,0.3112803101539612,0.7615343332290649,-0.0210704356431961,0.0310787577182054,-0.168237954378128,0.2661822736263275,0.1296748220920562,0.1882065534591674,0.4320928156375885,-0.0768738389015197,0.1991636008024215,-0.185180589556694,-0.0695248767733573,0.5907264351844788,-0.708386242389679,0.1378110945224762,-0.0611194148659706,-0.3213564157485962,0.2627412974834442,-0.4816176295280456,0.314485490322113,-0.1782543659210205,-0.8476414680480957,0.5249963998794556,0.7515106797218323,-0.3503181636333465,-0.3775286376476288,-0.0929861590266227,0.2224091589450836,-0.2934626340866089,-0.90969163,-0.6149517,0.7306804,0.39284775,-1.3118945,-0.685131,-1.4594662,1.3925709,1.6825924,0.8009524,0.5416471,-0.62947714,-1.183309,2.6884239,-0.7811719,0.18799236,0.9199603,-1.1016977,0.31186372,0.30768937,0.68377197,0.46707585,0.54711145,-1.2620792,0.85816056,0.46072152,0.9186107,-0.37668878,-0.31676263,-0.5105916,0.35108146,-0.42408085,-1.3215849,-0.61762846,0.28442368,-0.7024609,-1.4958781,1.2580792,-0.0064859604,-0.30665272,-0.91126996,0.95695484,0.13366863,-0.31712383,-1.025052,-0.25800434,1.9820707,-0.49275586,1.3466583,-0.20495741,-1.2354738,-0.41524428,0.7743065,0.9187804,-0.23984757,-0.5654928,1.7943574,1.0461265,-0.23496117,-0.51081675,0.24251615,-0.050599914,-0.76484394,-0.7472929,0.25575536,0.4620631,-0.54363567,0.69379044,-0.011112323,0.08631451,-1.9723566,-2.004008,-0.30545577,1.7001694,-1.6226853,0.4257459,-0.33043963,-1.7857264,0.4560019,-0.29681715,0.6391612,-0.44340232,-0.886506,1.4166946,-1.141799,-1.5502564,-0.4488763,-0.6653863,-1.0838242,-0.6291576,-0.88410807,-1.8843948,-1.0852516,-1.4131382,1.7718035,0.30673409,-1.0085496,-1.3869448,-1.1262974,0.051457133,-0.043948922,1.4445387,0.96433735,-0.25032267,-0.6134985,-0.7160955,-0.47517875,-0.14585523,-0.16027616,0.5327142,0.1495017,0.79996,0.5891986,1.5571867,0.48535615,0.8932639,-1.5051095,-0.4723987,-0.3726578,0.859696,1.478655,0.9285921,-0.8594422,0.33097193,-0.17905971,0.9186525,0.13414426,-1.1581327,0.20138797,0.87966776,0.3841268,-0.12469404,2.2753108,1.0056967,-1.0207071,-0.4645876,0.33646688,0.1477705,1.0387809,-1.4529402,-0.6090783,0.68353015,-0.27666768,-0.35375866,0.6742555,-0.93617564,-0.1941866,0.6579556,1.918871,-0.05241112,-0.4890806,0.2570165,-1.7014122,0.09184013,1.4553182,-0.288858,0.023693219,0.59338015,-1.3636218,0.91223484,-0.8222499,1.2779993,-0.5671709,1.1388141,-0.47540757,0.7215143,-0.8649525,0.53462416,-1.1906761,-2.2742417,-0.9053083,0.101431504,0.76643264,-0.09375703,0.40708238,-0.7351268,-0.114982545,0.39319223,-1.406349,-0.6448119,1.6247711,0.94015855,-0.05905068,1.3804128,0.053740654,0.57128394,0.8512721,0.7027613,0.6811817,0.027550623,1.5802919,-0.4188787,0.9214517,0.9795699,0.73984724,3.1686742,0.98506767,-1.254207,-1.4665593,1.2552191,-2.474277,-0.5393459,1.0636657,-1.4318025,0.83008033,-1.5513909,-0.6157303,1.6953131,0.40547952,-0.23147343,-1.1713228,-1.3148588,1.1049451,0.76968277,-0.3448469,0.49842116,-1.2178224,0.23086207,-0.65087473,-0.4496431,1.056891,1.3088778,0.15826856,0.5650056,-1.4078913,0.7672042,0.21455476,-0.07787379,0.48624325,1.0174963,-0.88137907,0.4620622,0.5264246,0.2106216,-0.01391477,0.7761649,-0.43426052,0.7737338,-0.10735278,0.92764723,0.9601148,-0.5972708,0.56693804,-0.5378756,0.26997364,0.7094516,1.0736057,-0.2881445,-1.5284221,-0.3805944,0.11326247,1.2530973,-0.04449775,0.5804886,-0.08673538,1.6785706,-0.6975092,-0.0046230964,-0.59601974,-0.7222064,-0.07959962,0.25802192,0.96174955,-0.056973767,0.19252577,-0.780058,-0.79227066,0.28944293,0.09897188,-0.92308486,-1.1471827,-0.597453,-0.43970618,0.2632145,0.75282234,0.43102318,-0.4728508,-1.5779568,-0.33599493,0.8959179,0.9317168,-1.9170331,-0.15154889,-0.08122985,-1.063215,0.3642009,0.44866005,-0.034577657,-0.049269754,0.47912785,-1.1488796,0.93081754,-0.16865061,0.8193491,1.6995909,0.4129362,1.1530663,-0.7277664,-0.47652575,-0.29744273,0.9135826,0.38235623,-1.6924728,0.92043984,-0.38007402,-0.48081663,1.6533718,-1.0050856,-0.56601334,-1.1500752,-0.027214615,-0.58141124,-1.1127312,2.4316776,-2.7754219,1.4138511,-1.6907814,-0.7942025,-0.7230911,-0.76662,-1.3019631,-0.24275866,0.3937263,-0.11076561,0.36334473,0.66508716,0.24034977,0.51405877,-0.07688009,1.747985,-0.08468791,0.0843363,-1.085796,-1.4444456,-0.43684483,0.5579406,-1.2674452,-0.91853464,-1.0200206,-0.04773101,-0.08829751,-0.4383767,-0.79445964,0.7727107,-0.17026119,-0.013817779,-1.3958739,-0.9930572,-0.058766287,-1.2832444,1.2725155,-0.2069013,1.6651648,-1.1530831,-0.6410924,0.17822611,-0.59291905,0.38489866,-0.0033519226,1.8458949,0.34805366,0.7345274,0.18782283,0.31194022,0.007057965,-0.60005516,1.5999087,0.39443985,2.401813,-0.29668683,-0.06717733,1.7769803,0.004867129,0.8979088,-0.3782905,0.122631155,1.2369992,-0.5815421,-1.0134553,-0.16871634,-0.15990867,-0.5222042,-0.23503613,0.8364609,0.22195351,-0.091593005,0.85448825,0.6311354,-0.22647707,-1.585577,-0.36894822,1.1975793,1.2928896,1.163807,1.3735732,-0.2091174,-0.3413461,-1.3623133,0.4840202,1.1479361,0.55119383,0.33711788,-1.7816767,0.9784288,0.9146227,0.726432,-1.8672793,-1.5644063,1.6080205,0.7879382,0.45155123,1.3417524,-1.1470023,-2.1405845,-0.55968446,-0.39252803,-0.4505027,-0.75638837,-1.1044853,0.28150496,0.20578267,1.0263754,1.0225257,0.8005968,-0.25011662,-0.8431575,0.21327439,-0.14418907,-0.68791306,0.7948727,-0.2556734,0.5838422,-1.4844452,-0.6753813,0.5615794,-2.304624,1.2550963,-0.28208002,0.14897934,-0.39998874,0.09417162,-1.0343748,0.058462176,0.0038783748,-1.2932072,-0.11703791,0.95181197,-2.1106186,-1.4155958,0.694904,0.75840014,-0.53256685,0.24013832,0.6464917,-0.13186471,0.92905796,-0.08289238,-0.81191784,-0.3360483,-0.0702197,-0.107316904,-0.7750223,-1.4303495,-0.3735725,0.72959185,-0.91476446,-1.4969863,0.61403745,0.33643207,-1.8723853,-1.2686518,-0.2011503,-0.20740128,0.40776905,0.8241094,-0.1522336,-1.0116259,-0.89603156,-0.07728595,-0.15519786,-0.13362719,-0.6507621,0.23955952,0.20336738,-0.76448023,0.28416982,1.4610116,0.34441352,1.7304808,1.4522752,-0.094390914,0.54570806,0.6832146,-0.64925903,-0.30567914,0.90717274,-0.85894436,-0.8822056,1.3548595,-0.16266653,-0.82840765,-0.03183567,0.7945355,-0.71600574,-0.6635933,-0.033367734,0.7909923,1.4134204,1.422559,1.5324427,0.011601338,0.37805364,-0.6548527,0.5756524,-1.667822,-0.63808763,-0.53704065,0.5794267,2.0031981,-0.59520733,0.25318968,0.92676276,-1.0792964,-1.4598398,0.36558184,0.37505552,-0.32246986,-0.58812416,0.5750441,-1.4112016,0.22280489,-1.7115934,-0.3738897,0.8256155,1.1435025,-0.69237626,0.5696364,0.6734045,0.0051200157,-0.8392629,-0.10650983,0.26464254,2.0047145,0.09292309,-0.3787106,0.60784405,0.031572692,-1.6215985,0.012490885,-1.3378494,-1.146406,-0.08100731,-0.22797716,-0.33187422,0.04615466,-0.76992196,1.4508969,0.27935678,-0.35457614,0.6878316,-1.2608632,1.2585257,0.84599155,-0.64391166,1.7471151,1.2083657,-1.3340147,0.9494771,-1.6752472,2.0855277,-0.44469717,1.2368096,1.3509623,0.53045243,-0.35589868,1.4974867,-0.7616929,-0.12377139,-0.6145183,0.44146505,-0.76687783,0.3600987,-1.719575,1.5965501,-0.9466105,-0.3949685,-0.000943897,0.6952085,-0.5006653,0.33810258,-0.5175126,-0.21238756,-0.0058674514,-1.4948015,0.5571472,1.491091,-0.23617277,-1.1470684,0.3079702,0.16500458,-0.33062643,-0.11631833,2.4621775,-0.009920846,0.42594433,-1.2891837,-1.3601177,0.98193264,-0.45237038,-1.5206352,-0.3351708,-0.18418501,0.110508814,0.04260742,-0.1948123,1.1693027,-0.4555046,0.60843676,0.6162572,-0.8388653,-0.052750554,0.08143242,-0.44007966,-0.76951087,-1.1843319,0.32674998,0.22120953,-0.98009306,1.0216494,1.1802071,1.8744627,0.8154025,-0.23605068,-0.88209236,1.2896881,0.3987627,0.6230464,-1.2729894,-1.4932137,0.13096793,1.0836073,-0.036117602,0.22370292,0.4567439,-0.17018433,-2.158888,0.98817986,-0.50650954,-0.24268031,0.9912313,0.2447158,-0.35847583,1.0348004,-0.061075952,0.46911094,0.008686276,-0.41685578,-0.2933312,0.26682186,-0.95337784,0.5793963,-0.5072276,0.668393,-0.62780666,0.4926016,-1.5073092,0.98035854,0.05361591,0.35109425,0.42640358,0.48208037,-1.7822508,-0.5538338,0.0043308395,1.2789499,1.0979656,0.015205066,-0.3914923,-0.5200967,1.30188,0.9004346,-0.016902562,-0.37135634,-0.10356204,0.059143186,-0.23211329,-1.1321371,-0.6198875,0.43341962,0.14260732,-0.997989,1.7422893,-2.0331597,0.72905636,-0.06931597,-1.692352,-0.15678947,0.25681582,-0.16216509,2.3242507,1.1434301,-0.5836371,-0.35822394,0.85881835,0.82734233,-0.7954468,0.019312741,-0.6425514,1.0608228,1.3815708,0.44090328,-1.071674,0.34805828,0.44772762,-0.41840276,1.296786,-0.5119768,-0.48949146,-1.0006344,-0.030104639,-1.1042333,-0.61484957,-0.5027315,0.30784583,-1.3137454,0.85652465,-0.569802,-1.5845469,0.9224397,-0.5812932,0.42250443,-0.83094275,1.1855866,0.50008315,0.25321528,0.4934328,-0.6056469,-0.13028385,-1.3410457,-0.48183355,0.16944064,-0.7736124,0.9458296,0.44948092,1.0020694,1.555732,0.028595354,-1.2789303,0.62425244,0.14481251,0.51801604,-0.5807336,-0.98525304,-0.5849431,0.23097806,0.26496693,1.3049669,-1.4409046,-0.37688226,-0.2507826,0.41861227,0.016638903,0.56798595,-0.022334488,0.78315324,2.0142844,1.2615538,0.45406148,,,,,,,,,,,,,,,,,,,,,,,,,,,,,,,,,,,,,,,,,,,,,,,,,,,,,,,,,,,,,,,,,,,,,,,,,,,,,,,,,,,,,,,,,,,,,,,,,,,,,,,,,,,,,,,,,,,,,,,,,,,,,,,,,,,,,,,,,,,,,,,,,,,,,,,,,,,,,,,,,,,,,,,,,,,,,,,,,,,,,,,,,,,,,,,,,,,,,,,,,,,,,,,,,,,,,,,,,,,,,,,,,,,,,,,,,,,,,,,,,,,,,,,,,,,,,,,,,,,,,,,,,,,,,,,,,,,,,,,,,,,,,,,,,,,,,,,,,,,,,,,,,,,,,,,,,,,,,,,,,,,,,,,,,,,,,,,,,,,,,,,,,,,,,,,,,,,,,,,,,,,,,,,,,,,,,,,,,,,,,,,,,,,,,,,,,,,,,,,,,,,,,,,,,,,,,,,,,,,,,,,,,,,,,,,,,,,,,,,,,,,,,,,,,,,,,,,,,,,,,,,,,,,,,,,,,,,,,,,,,,,,,,,,,,,,,,,,,,,,,,,,,,,,,,,,,,,,,,,,,,,,,,,,,,,,,,,,,,,,,,,,,,,,,,,,,,,,,,,,,,,,,,,,,,,,,,,,,,,,,,,,,,,,,,,,,,,,,,,,,,,,,,,,,,,,,,,,,,,,,,,,,,,,,,,,,,,,,,,,,,,,,,,,,,,,,,,,,,,,,,,,,,,,,,,,,,,,,,,,,,,,,,,,,,,,,,,,,,,,,,,,,,,,,,,,,,,,,,,,,,,,,,,,,,,,,,,,,,,,,,,,,,,,,,,,,,,,,,,,,,,,,,,,,
